# Response file for NV31 BHE	0.0	0.0
#	0.0	0.0
# Freq(Hz)     Amp(counts/nm)   Phase(deg)  Error(amp)  Error(phase)	0.0	0.0
#	0.0	0.0
 theoretical  0       system    fap   R.Rembold	0.0	0.0
2000	0.0	0.0
   0.01000  0.72679651E+00    80.4	0.0	0.0
   0.01990  0.99674278E+00    35.2	0.0	0.0
   0.02980  0.10000931E+01    25.5	0.0	0.0
   0.03970  0.99527657E+00    18.4	0.0	0.0
   0.04960  0.10022000E+01    14.0	0.0	0.0
   0.05950  0.10046207E+01    11.9	0.0	0.0
   0.06940  0.99997860E+00     9.7	0.0	0.0
   0.07930  0.10038012E+01     8.5	0.0	0.0
   0.08920  0.10035617E+01     7.3	0.0	0.0
   0.09910  0.10035280E+01     6.7	0.0	0.0
   0.10900  0.99928761E+00     6.3	0.0	0.0
   0.11890  0.99958324E+00     5.6	0.0	0.0
   0.12880  0.99922466E+00     4.8	0.0	0.0
   0.13870  0.10013192E+01     4.7	0.0	0.0
   0.14860  0.10026902E+01     4.3	0.0	0.0
   0.15850  0.99830729E+00     4.0	0.0	0.0
   0.16840  0.10010952E+01     3.9	0.0	0.0
   0.17830  0.99872941E+00     3.6	0.0	0.0
   0.18820  0.99738479E+00     3.3	0.0	0.0
   0.19810  0.99750799E+00     3.3	0.0	0.0
   0.20800  0.99845624E+00     2.9	0.0	0.0
   0.21790  0.10010829E+01     2.8	0.0	0.0
   0.22780  0.99905437E+00     2.6	0.0	0.0
   0.23770  0.99966675E+00     2.4	0.0	0.0
   0.24760  0.10044261E+01     2.4	0.0	0.0
   0.25750  0.10001452E+01     2.2	0.0	0.0
   0.26740  0.99970835E+00     2.1	0.0	0.0
   0.27730  0.10003675E+01     2.0	0.0	0.0
   0.28720  0.99821848E+00     2.0	0.0	0.0
   0.29710  0.99901795E+00     1.8	0.0	0.0
   0.30700  0.99883109E+00     1.8	0.0	0.0
   0.31690  0.99831176E+00     1.8	0.0	0.0
   0.32680  0.99926007E+00     1.6	0.0	0.0
   0.33670  0.99937046E+00     1.6	0.0	0.0
   0.34660  0.10007358E+01     1.6	0.0	0.0
   0.35650  0.99955654E+00     1.4	0.0	0.0
   0.36640  0.99870604E+00     1.3	0.0	0.0
   0.37630  0.10013711E+01     1.3	0.0	0.0
   0.38620  0.99982858E+00     1.1	0.0	0.0
   0.39610  0.99899101E+00     1.2	0.0	0.0
   0.40600  0.99774110E+00     1.1	0.0	0.0
   0.41590  0.99979508E+00     1.1	0.0	0.0
   0.42580  0.10018758E+01     1.0	0.0	0.0
   0.43570  0.99984008E+00     0.9	0.0	0.0
   0.44560  0.10005183E+01     0.8	0.0	0.0
   0.45550  0.10005661E+01     0.9	0.0	0.0
   0.46540  0.99896282E+00     0.8	0.0	0.0
   0.47530  0.99982655E+00     0.7	0.0	0.0
   0.48520  0.10006419E+01     0.7	0.0	0.0
   0.49510  0.10007366E+01     0.7	0.0	0.0
   0.50500  0.99786997E+00     0.7	0.0	0.0
   0.51490  0.10006454E+01     0.7	0.0	0.0
   0.52480  0.99962080E+00     0.6	0.0	0.0
   0.53470  0.99856389E+00     0.5	0.0	0.0
   0.54460  0.99832803E+00     0.5	0.0	0.0
   0.55450  0.99842018E+00     0.4	0.0	0.0
   0.56440  0.10001836E+01     0.4	0.0	0.0
   0.57430  0.99951088E+00     0.4	0.0	0.0
   0.58420  0.10001254E+01     0.4	0.0	0.0
   0.59410  0.99930149E+00     0.3	0.0	0.0
   0.60400  0.99921626E+00     0.3	0.0	0.0
   0.61390  0.99933624E+00     0.3	0.0	0.0
   0.62380  0.10000308E+01     0.3	0.0	0.0
   0.63370  0.99864137E+00     0.2	0.0	0.0
   0.64360  0.10000939E+01     0.2	0.0	0.0
   0.65350  0.99992317E+00     0.1	0.0	0.0
   0.66340  0.10000651E+01     0.1	0.0	0.0
   0.67330  0.99960434E+00     0.1	0.0	0.0
   0.68320  0.99869126E+00     0.1	0.0	0.0
   0.69310  0.10008893E+01     0.0	0.0	0.0
   0.70300  0.10002928E+01   360.0	0.0	0.0
   0.71290  0.99898255E+00   360.0	0.0	0.0
   0.72280  0.99942070E+00   359.9	0.0	0.0
   0.73270  0.10002321E+01   359.9	0.0	0.0
   0.74260  0.10001596E+01   359.9	0.0	0.0
   0.75250  0.99828279E+00   359.9	0.0	0.0
   0.76240  0.99976933E+00   359.8	0.0	0.0
   0.77230  0.10005391E+01   359.8	0.0	0.0
   0.78220  0.99940014E+00   359.8	0.0	0.0
   0.79210  0.99998379E+00   359.8	0.0	0.0
   0.80200  0.10003655E+01   359.8	0.0	0.0
   0.81190  0.99982947E+00   359.7	0.0	0.0
   0.82180  0.99972045E+00   359.6	0.0	0.0
   0.83170  0.10001833E+01   359.7	0.0	0.0
   0.84160  0.99969643E+00   359.7	0.0	0.0
   0.85150  0.10000123E+01   359.6	0.0	0.0
   0.86140  0.99878258E+00   359.6	0.0	0.0
   0.87130  0.99954665E+00   359.6	0.0	0.0
   0.88120  0.10001802E+01   359.6	0.0	0.0
   0.89110  0.10003111E+01   359.6	0.0	0.0
   0.90100  0.10010085E+01   359.5	0.0	0.0
   0.91090  0.99921775E+00   359.5	0.0	0.0
   0.92080  0.99908143E+00   359.5	0.0	0.0
   0.93070  0.99911231E+00   359.4	0.0	0.0
   0.94060  0.99981797E+00   359.4	0.0	0.0
   0.95050  0.99962020E+00   359.4	0.0	0.0
   0.96040  0.99942511E+00   359.4	0.0	0.0
   0.97030  0.99965423E+00   359.3	0.0	0.0
   0.98020  0.99947041E+00   359.3	0.0	0.0
   0.99010  0.99920768E+00   359.3	0.0	0.0
   1.00000  0.10000000E+01   359.3	0.0	0.0
   1.00989  0.99964690E+00   359.3	0.0	0.0
   1.01979  0.10000076E+01   359.3	0.0	0.0
   1.02969  0.10014187E+01   359.2	0.0	0.0
   1.03959  0.99989289E+00   359.2	0.0	0.0
   1.04949  0.99936426E+00   359.2	0.0	0.0
   1.05939  0.10003706E+01   359.1	0.0	0.0
   1.06929  0.10008903E+01   359.1	0.0	0.0
   1.07919  0.99998599E+00   359.1	0.0	0.0
   1.08909  0.99973172E+00   359.1	0.0	0.0
   1.09899  0.10004133E+01   359.1	0.0	0.0
   1.10889  0.10006423E+01   359.1	0.0	0.0
   1.11879  0.10005987E+01   359.0	0.0	0.0
   1.12869  0.10005566E+01   359.0	0.0	0.0
   1.13859  0.99961257E+00   359.0	0.0	0.0
   1.14849  0.10009195E+01   359.0	0.0	0.0
   1.15839  0.99983770E+00   359.0	0.0	0.0
   1.16829  0.10001900E+01   359.0	0.0	0.0
   1.17819  0.10002640E+01   358.9	0.0	0.0
   1.18809  0.10007931E+01   358.9	0.0	0.0
   1.19799  0.10002095E+01   358.9	0.0	0.0
   1.20789  0.10006328E+01   358.9	0.0	0.0
   1.21779  0.10008754E+01   358.9	0.0	0.0
   1.22769  0.10003362E+01   358.9	0.0	0.0
   1.23759  0.10005578E+01   358.8	0.0	0.0
   1.24749  0.10009489E+01   358.8	0.0	0.0
   1.25739  0.10007178E+01   358.8	0.0	0.0
   1.26729  0.10001589E+01   358.8	0.0	0.0
   1.27719  0.10015621E+01   358.7	0.0	0.0
   1.28709  0.10001839E+01   358.7	0.0	0.0
   1.29699  0.10008774E+01   358.7	0.0	0.0
   1.30689  0.10005389E+01   358.7	0.0	0.0
   1.31679  0.10009413E+01   358.7	0.0	0.0
   1.32669  0.10007148E+01   358.7	0.0	0.0
   1.33659  0.10009118E+01   358.6	0.0	0.0
   1.34649  0.10006763E+01   358.6	0.0	0.0
   1.35639  0.99947935E+00   358.6	0.0	0.0
   1.36629  0.10005723E+01   358.6	0.0	0.0
   1.37619  0.10011510E+01   358.6	0.0	0.0
   1.38609  0.10008720E+01   358.6	0.0	0.0
   1.39599  0.10009829E+01   358.5	0.0	0.0
   1.40589  0.10006888E+01   358.6	0.0	0.0
   1.41579  0.10009760E+01   358.5	0.0	0.0
   1.42569  0.10006485E+01   358.5	0.0	0.0
   1.43559  0.10008681E+01   358.5	0.0	0.0
   1.44549  0.10004711E+01   358.4	0.0	0.0
   1.45539  0.10013247E+01   358.4	0.0	0.0
   1.46529  0.10015618E+01   358.4	0.0	0.0
   1.47519  0.10013473E+01   358.4	0.0	0.0
   1.48509  0.10011662E+01   358.4	0.0	0.0
   1.49499  0.10009500E+01   358.3	0.0	0.0
   1.50489  0.10011941E+01   358.3	0.0	0.0
   1.51479  0.10011736E+01   358.3	0.0	0.0
   1.52469  0.10010158E+01   358.3	0.0	0.0
   1.53459  0.10008026E+01   358.3	0.0	0.0
   1.54449  0.10006384E+01   358.3	0.0	0.0
   1.55439  0.10012443E+01   358.3	0.0	0.0
   1.56429  0.10008694E+01   358.3	0.0	0.0
   1.57419  0.10013962E+01   358.3	0.0	0.0
   1.58409  0.10015084E+01   358.2	0.0	0.0
   1.59399  0.10009272E+01   358.2	0.0	0.0
   1.60389  0.10008382E+01   358.2	0.0	0.0
   1.61379  0.10008768E+01   358.2	0.0	0.0
   1.62369  0.10008997E+01   358.2	0.0	0.0
   1.63359  0.10011476E+01   358.1	0.0	0.0
   1.64349  0.10013883E+01   358.1	0.0	0.0
   1.65339  0.10003026E+01   358.1	0.0	0.0
   1.66329  0.10011802E+01   358.1	0.0	0.0
   1.67319  0.10011595E+01   358.1	0.0	0.0
   1.68309  0.10012362E+01   358.1	0.0	0.0
   1.69299  0.10012527E+01   358.0	0.0	0.0
   1.70289  0.10011712E+01   358.0	0.0	0.0
   1.71279  0.10012810E+01   358.0	0.0	0.0
   1.72269  0.10010544E+01   358.0	0.0	0.0
   1.73259  0.10012817E+01   357.9	0.0	0.0
   1.74249  0.10013760E+01   357.9	0.0	0.0
   1.75239  0.10012513E+01   357.9	0.0	0.0
   1.76229  0.10006351E+01   357.9	0.0	0.0
   1.77219  0.10016956E+01   357.9	0.0	0.0
   1.78209  0.10011549E+01   357.9	0.0	0.0
   1.79199  0.10010461E+01   357.9	0.0	0.0
   1.80189  0.10006132E+01   357.9	0.0	0.0
   1.81179  0.10008562E+01   357.8	0.0	0.0
   1.82169  0.10009335E+01   357.8	0.0	0.0
   1.83159  0.10012969E+01   357.8	0.0	0.0
   1.84149  0.10010414E+01   357.8	0.0	0.0
   1.85139  0.10011680E+01   357.7	0.0	0.0
   1.86129  0.10011382E+01   357.8	0.0	0.0
   1.87119  0.10012571E+01   357.7	0.0	0.0
   1.88109  0.10014039E+01   357.7	0.0	0.0
   1.89099  0.10016297E+01   357.7	0.0	0.0
   1.90089  0.10009826E+01   357.7	0.0	0.0
   1.91079  0.10009582E+01   357.7	0.0	0.0
   1.92069  0.10012910E+01   357.7	0.0	0.0
   1.93059  0.10011144E+01   357.7	0.0	0.0
   1.94049  0.10009925E+01   357.6	0.0	0.0
   1.95039  0.10009831E+01   357.6	0.0	0.0
   1.96029  0.10007321E+01   357.6	0.0	0.0
   1.97019  0.10010062E+01   357.6	0.0	0.0
   1.98009  0.10007479E+01   357.6	0.0	0.0
   1.98999  0.10007988E+01   357.5	0.0	0.0
   1.99989  0.10012890E+01   357.5	0.0	0.0
   2.00979  0.10011790E+01   357.5	0.0	0.0
   2.01969  0.10013115E+01   357.5	0.0	0.0
   2.02959  0.10012225E+01   357.5	0.0	0.0
   2.03949  0.10011683E+01   357.5	0.0	0.0
   2.04939  0.10007821E+01   357.5	0.0	0.0
   2.05929  0.10012819E+01   357.5	0.0	0.0
   2.06919  0.10012560E+01   357.4	0.0	0.0
   2.07909  0.10009884E+01   357.4	0.0	0.0
   2.08899  0.10007535E+01   357.4	0.0	0.0
   2.09889  0.10016650E+01   357.4	0.0	0.0
   2.10879  0.10010954E+01   357.4	0.0	0.0
   2.11869  0.10013926E+01   357.3	0.0	0.0
   2.12859  0.10014318E+01   357.3	0.0	0.0
   2.13849  0.10009187E+01   357.3	0.0	0.0
   2.14839  0.10008533E+01   357.3	0.0	0.0
   2.15829  0.10008457E+01   357.3	0.0	0.0
   2.16819  0.10013077E+01   357.3	0.0	0.0
   2.17809  0.10004390E+01   357.3	0.0	0.0
   2.18799  0.10006905E+01   357.2	0.0	0.0
   2.19789  0.10008113E+01   357.2	0.0	0.0
   2.20779  0.10010252E+01   357.2	0.0	0.0
   2.21769  0.10010786E+01   357.2	0.0	0.0
   2.22759  0.10011154E+01   357.2	0.0	0.0
   2.23749  0.10011435E+01   357.2	0.0	0.0
   2.24739  0.10008793E+01   357.1	0.0	0.0
   2.25729  0.10008720E+01   357.1	0.0	0.0
   2.26719  0.10010215E+01   357.1	0.0	0.0
   2.27709  0.10013688E+01   357.1	0.0	0.0
   2.28699  0.10011514E+01   357.1	0.0	0.0
   2.29689  0.10010769E+01   357.1	0.0	0.0
   2.30679  0.10010175E+01   357.1	0.0	0.0
   2.31669  0.10013378E+01   357.1	0.0	0.0
   2.32659  0.10012549E+01   357.0	0.0	0.0
   2.33649  0.10012321E+01   357.0	0.0	0.0
   2.34639  0.10012263E+01   357.0	0.0	0.0
   2.35629  0.10010052E+01   357.0	0.0	0.0
   2.36619  0.10012962E+01   356.9	0.0	0.0
   2.37609  0.10010922E+01   356.9	0.0	0.0
   2.38599  0.10011816E+01   356.9	0.0	0.0
   2.39589  0.10014246E+01   356.9	0.0	0.0
   2.40579  0.10016418E+01   356.9	0.0	0.0
   2.41569  0.10011816E+01   356.9	0.0	0.0
   2.42559  0.10009778E+01   356.9	0.0	0.0
   2.43549  0.10011653E+01   356.9	0.0	0.0
   2.44539  0.10013924E+01   356.8	0.0	0.0
   2.45529  0.10016469E+01   356.8	0.0	0.0
   2.46519  0.10014721E+01   356.8	0.0	0.0
   2.47509  0.10014313E+01   356.8	0.0	0.0
   2.48499  0.10016578E+01   356.8	0.0	0.0
   2.49489  0.10015752E+01   356.8	0.0	0.0
   2.50479  0.10016322E+01   356.8	0.0	0.0
   2.51469  0.10015087E+01   356.7	0.0	0.0
   2.52459  0.10012273E+01   356.7	0.0	0.0
   2.53449  0.10015193E+01   356.7	0.0	0.0
   2.54439  0.10015638E+01   356.7	0.0	0.0
   2.55429  0.10016968E+01   356.7	0.0	0.0
   2.56419  0.10015683E+01   356.6	0.0	0.0
   2.57409  0.10016553E+01   356.6	0.0	0.0
   2.58399  0.10016959E+01   356.6	0.0	0.0
   2.59389  0.10019698E+01   356.6	0.0	0.0
   2.60379  0.10019367E+01   356.6	0.0	0.0
   2.61369  0.10019593E+01   356.6	0.0	0.0
   2.62359  0.10016245E+01   356.6	0.0	0.0
   2.63349  0.10014620E+01   356.5	0.0	0.0
   2.64339  0.10015398E+01   356.5	0.0	0.0
   2.65329  0.10018293E+01   356.5	0.0	0.0
   2.66319  0.10018743E+01   356.5	0.0	0.0
   2.67309  0.10019381E+01   356.5	0.0	0.0
   2.68299  0.10018774E+01   356.4	0.0	0.0
   2.69289  0.10018975E+01   356.4	0.0	0.0
   2.70279  0.10016843E+01   356.4	0.0	0.0
   2.71269  0.10017723E+01   356.4	0.0	0.0
   2.72259  0.10019838E+01   356.4	0.0	0.0
   2.73249  0.10018597E+01   356.4	0.0	0.0
   2.74239  0.10022460E+01   356.4	0.0	0.0
   2.75229  0.10021187E+01   356.4	0.0	0.0
   2.76219  0.10021263E+01   356.4	0.0	0.0
   2.77209  0.10019997E+01   356.4	0.0	0.0
   2.78199  0.10017519E+01   356.3	0.0	0.0
   2.79189  0.10019660E+01   356.3	0.0	0.0
   2.80179  0.10023829E+01   356.3	0.0	0.0
   2.81169  0.10024894E+01   356.3	0.0	0.0
   2.82159  0.10024403E+01   356.3	0.0	0.0
   2.83149  0.10024219E+01   356.2	0.0	0.0
   2.84139  0.10022805E+01   356.2	0.0	0.0
   2.85129  0.10024937E+01   356.2	0.0	0.0
   2.86119  0.10023460E+01   356.2	0.0	0.0
   2.87109  0.10019225E+01   356.2	0.0	0.0
   2.88099  0.10026840E+01   356.2	0.0	0.0
   2.89089  0.10021284E+01   356.1	0.0	0.0
   2.90079  0.10024543E+01   356.1	0.0	0.0
   2.91069  0.10021656E+01   356.1	0.0	0.0
   2.92059  0.10022357E+01   356.1	0.0	0.0
   2.93049  0.10022500E+01   356.1	0.0	0.0
   2.94039  0.10023901E+01   356.1	0.0	0.0
   2.95028  0.10024549E+01   356.1	0.0	0.0
   2.96019  0.10022166E+01   356.0	0.0	0.0
   2.97008  0.10022439E+01   356.0	0.0	0.0
   2.97998  0.10025214E+01   356.0	0.0	0.0
   2.98988  0.10024731E+01   356.0	0.0	0.0
   2.99978  0.10026078E+01   356.0	0.0	0.0
   3.00968  0.10025500E+01   355.9	0.0	0.0
   3.01958  0.10025934E+01   356.0	0.0	0.0
   3.02948  0.10024192E+01   355.9	0.0	0.0
   3.03938  0.10024955E+01   355.9	0.0	0.0
   3.04928  0.10023961E+01   355.9	0.0	0.0
   3.05918  0.10029265E+01   355.9	0.0	0.0
   3.06908  0.10025324E+01   355.9	0.0	0.0
   3.07898  0.10026876E+01   355.9	0.0	0.0
   3.08888  0.10028241E+01   355.8	0.0	0.0
   3.09878  0.10026995E+01   355.8	0.0	0.0
   3.10868  0.10029281E+01   355.8	0.0	0.0
   3.11858  0.10026510E+01   355.8	0.0	0.0
   3.12848  0.10026374E+01   355.8	0.0	0.0
   3.13838  0.10025758E+01   355.8	0.0	0.0
   3.14828  0.10025771E+01   355.7	0.0	0.0
   3.15818  0.10026939E+01   355.7	0.0	0.0
   3.16808  0.10027541E+01   355.7	0.0	0.0
   3.17798  0.10029138E+01   355.7	0.0	0.0
   3.18788  0.10028354E+01   355.7	0.0	0.0
   3.19778  0.10024171E+01   355.7	0.0	0.0
   3.20768  0.10028008E+01   355.6	0.0	0.0
   3.21758  0.10022972E+01   355.7	0.0	0.0
   3.22748  0.10024421E+01   355.6	0.0	0.0
   3.23738  0.10026259E+01   355.6	0.0	0.0
   3.24728  0.10029914E+01   355.6	0.0	0.0
   3.25718  0.10028569E+01   355.6	0.0	0.0
   3.26708  0.10024580E+01   355.6	0.0	0.0
   3.27698  0.10024022E+01   355.6	0.0	0.0
   3.28688  0.10026445E+01   355.5	0.0	0.0
   3.29678  0.10025691E+01   355.5	0.0	0.0
   3.30668  0.10026047E+01   355.5	0.0	0.0
   3.31658  0.10025889E+01   355.5	0.0	0.0
   3.32648  0.10025395E+01   355.5	0.0	0.0
   3.33638  0.10026354E+01   355.5	0.0	0.0
   3.34628  0.10024899E+01   355.5	0.0	0.0
   3.35618  0.10024726E+01   355.4	0.0	0.0
   3.36608  0.10028919E+01   355.4	0.0	0.0
   3.37598  0.10024579E+01   355.4	0.0	0.0
   3.38588  0.10026156E+01   355.4	0.0	0.0
   3.39578  0.10028125E+01   355.4	0.0	0.0
   3.40568  0.10024612E+01   355.4	0.0	0.0
   3.41558  0.10030999E+01   355.3	0.0	0.0
   3.42548  0.10027111E+01   355.3	0.0	0.0
   3.43538  0.10025311E+01   355.3	0.0	0.0
   3.44528  0.10027450E+01   355.3	0.0	0.0
   3.45518  0.10026344E+01   355.3	0.0	0.0
   3.46508  0.10024610E+01   355.3	0.0	0.0
   3.47498  0.10022905E+01   355.3	0.0	0.0
   3.48488  0.10027087E+01   355.2	0.0	0.0
   3.49478  0.10025936E+01   355.2	0.0	0.0
   3.50468  0.10027974E+01   355.2	0.0	0.0
   3.51458  0.10024717E+01   355.2	0.0	0.0
   3.52448  0.10024529E+01   355.2	0.0	0.0
   3.53438  0.10025905E+01   355.2	0.0	0.0
   3.54428  0.10027016E+01   355.1	0.0	0.0
   3.55418  0.10024618E+01   355.1	0.0	0.0
   3.56408  0.10028205E+01   355.1	0.0	0.0
   3.57398  0.10026531E+01   355.1	0.0	0.0
   3.58388  0.10029221E+01   355.1	0.0	0.0
   3.59378  0.10026519E+01   355.1	0.0	0.0
   3.60368  0.10023637E+01   355.1	0.0	0.0
   3.61358  0.10025344E+01   355.0	0.0	0.0
   3.62348  0.10025529E+01   355.0	0.0	0.0
   3.63338  0.10031385E+01   355.0	0.0	0.0
   3.64328  0.10026324E+01   355.0	0.0	0.0
   3.65318  0.10023456E+01   355.0	0.0	0.0
   3.66308  0.10025454E+01   355.0	0.0	0.0
   3.67298  0.10027806E+01   354.9	0.0	0.0
   3.68288  0.10026257E+01   354.9	0.0	0.0
   3.69278  0.10026602E+01   354.9	0.0	0.0
   3.70268  0.10027139E+01   354.9	0.0	0.0
   3.71258  0.10026739E+01   354.9	0.0	0.0
   3.72248  0.10025766E+01   354.9	0.0	0.0
   3.73238  0.10027405E+01   354.9	0.0	0.0
   3.74228  0.10027856E+01   354.8	0.0	0.0
   3.75218  0.10028000E+01   354.8	0.0	0.0
   3.76208  0.10028011E+01   354.8	0.0	0.0
   3.77198  0.10026747E+01   354.8	0.0	0.0
   3.78188  0.10028003E+01   354.8	0.0	0.0
   3.79178  0.10027277E+01   354.8	0.0	0.0
   3.80168  0.10025384E+01   354.7	0.0	0.0
   3.81158  0.10028681E+01   354.7	0.0	0.0
   3.82148  0.10025721E+01   354.7	0.0	0.0
   3.83138  0.10029098E+01   354.7	0.0	0.0
   3.84128  0.10029802E+01   354.7	0.0	0.0
   3.85118  0.10029266E+01   354.7	0.0	0.0
   3.86108  0.10028125E+01   354.7	0.0	0.0
   3.87098  0.10030878E+01   354.6	0.0	0.0
   3.88088  0.10026699E+01   354.6	0.0	0.0
   3.89078  0.10032042E+01   354.6	0.0	0.0
   3.90068  0.10030954E+01   354.6	0.0	0.0
   3.91058  0.10028502E+01   354.6	0.0	0.0
   3.92048  0.10034086E+01   354.6	0.0	0.0
   3.93038  0.10028192E+01   354.6	0.0	0.0
   3.94028  0.10038279E+01   354.6	0.0	0.0
   3.95018  0.10032573E+01   354.5	0.0	0.0
   3.96008  0.10030916E+01   354.5	0.0	0.0
   3.96998  0.10028448E+01   354.5	0.0	0.0
   3.97988  0.10028806E+01   354.4	0.0	0.0
   3.98978  0.10032237E+01   354.4	0.0	0.0
   3.99968  0.10029424E+01   354.4	0.0	0.0
   4.00958  0.10033365E+01   354.4	0.0	0.0
   4.01948  0.10030072E+01   354.4	0.0	0.0
   4.02938  0.10035421E+01   354.4	0.0	0.0
   4.03928  0.10037010E+01   354.4	0.0	0.0
   4.04918  0.10033280E+01   354.4	0.0	0.0
   4.05908  0.10035772E+01   354.3	0.0	0.0
   4.06898  0.10034088E+01   354.3	0.0	0.0
   4.07888  0.10034207E+01   354.3	0.0	0.0
   4.08878  0.10034803E+01   354.3	0.0	0.0
   4.09868  0.10032682E+01   354.3	0.0	0.0
   4.10858  0.10035738E+01   354.3	0.0	0.0
   4.11848  0.10038334E+01   354.2	0.0	0.0
   4.12838  0.10036091E+01   354.2	0.0	0.0
   4.13828  0.10037369E+01   354.2	0.0	0.0
   4.14818  0.10034829E+01   354.2	0.0	0.0
   4.15808  0.10036571E+01   354.2	0.0	0.0
   4.16798  0.10034150E+01   354.2	0.0	0.0
   4.17788  0.10036374E+01   354.2	0.0	0.0
   4.18778  0.10035589E+01   354.1	0.0	0.0
   4.19768  0.10034454E+01   354.1	0.0	0.0
   4.20758  0.10036350E+01   354.1	0.0	0.0
   4.21748  0.10038880E+01   354.1	0.0	0.0
   4.22738  0.10038989E+01   354.1	0.0	0.0
   4.23728  0.10037053E+01   354.1	0.0	0.0
   4.24718  0.10037999E+01   354.1	0.0	0.0
   4.25708  0.10040330E+01   354.1	0.0	0.0
   4.26698  0.10038930E+01   354.0	0.0	0.0
   4.27688  0.10037022E+01   354.0	0.0	0.0
   4.28678  0.10038539E+01   354.0	0.0	0.0
   4.29668  0.10040861E+01   354.0	0.0	0.0
   4.30658  0.10037373E+01   354.0	0.0	0.0
   4.31648  0.10039973E+01   353.9	0.0	0.0
   4.32638  0.10038667E+01   353.9	0.0	0.0
   4.33628  0.10038621E+01   353.9	0.0	0.0
   4.34618  0.10037909E+01   353.9	0.0	0.0
   4.35608  0.10040413E+01   353.9	0.0	0.0
   4.36598  0.10041745E+01   353.9	0.0	0.0
   4.37588  0.10040839E+01   353.9	0.0	0.0
   4.38578  0.10041065E+01   353.8	0.0	0.0
   4.39568  0.10039065E+01   353.8	0.0	0.0
   4.40558  0.10039991E+01   353.8	0.0	0.0
   4.41548  0.10039445E+01   353.8	0.0	0.0
   4.42538  0.10040282E+01   353.8	0.0	0.0
   4.43528  0.10039771E+01   353.7	0.0	0.0
   4.44518  0.10040023E+01   353.7	0.0	0.0
   4.45508  0.10040312E+01   353.7	0.0	0.0
   4.46498  0.10041023E+01   353.7	0.0	0.0
   4.47488  0.10038451E+01   353.7	0.0	0.0
   4.48478  0.10040319E+01   353.7	0.0	0.0
   4.49468  0.10041327E+01   353.7	0.0	0.0
   4.50458  0.10038705E+01   353.7	0.0	0.0
   4.51448  0.10041474E+01   353.6	0.0	0.0
   4.52438  0.10037727E+01   353.6	0.0	0.0
   4.53428  0.10042148E+01   353.6	0.0	0.0
   4.54418  0.10040174E+01   353.6	0.0	0.0
   4.55408  0.10042669E+01   353.6	0.0	0.0
   4.56398  0.10043681E+01   353.6	0.0	0.0
   4.57388  0.10042082E+01   353.6	0.0	0.0
   4.58378  0.10042483E+01   353.5	0.0	0.0
   4.59368  0.10040705E+01   353.5	0.0	0.0
   4.60358  0.10041597E+01   353.5	0.0	0.0
   4.61348  0.10040073E+01   353.5	0.0	0.0
   4.62338  0.10038193E+01   353.5	0.0	0.0
   4.63328  0.10038530E+01   353.4	0.0	0.0
   4.64318  0.10040100E+01   353.4	0.0	0.0
   4.65308  0.10040367E+01   353.4	0.0	0.0
   4.66298  0.10040879E+01   353.4	0.0	0.0
   4.67288  0.10043778E+01   353.4	0.0	0.0
   4.68278  0.10040376E+01   353.4	0.0	0.0
   4.69268  0.10039668E+01   353.4	0.0	0.0
   4.70258  0.10037924E+01   353.4	0.0	0.0
   4.71248  0.10041475E+01   353.3	0.0	0.0
   4.72238  0.10039051E+01   353.3	0.0	0.0
   4.73228  0.10040978E+01   353.3	0.0	0.0
   4.74218  0.10042007E+01   353.3	0.0	0.0
   4.75208  0.10038923E+01   353.3	0.0	0.0
   4.76198  0.10038289E+01   353.3	0.0	0.0
   4.77188  0.10038419E+01   353.2	0.0	0.0
   4.78178  0.10037962E+01   353.2	0.0	0.0
   4.79168  0.10036904E+01   353.2	0.0	0.0
   4.80158  0.10039803E+01   353.2	0.0	0.0
   4.81148  0.10040406E+01   353.2	0.0	0.0
   4.82138  0.10041275E+01   353.2	0.0	0.0
   4.83128  0.10038275E+01   353.1	0.0	0.0
   4.84118  0.10040554E+01   353.1	0.0	0.0
   4.85108  0.10039508E+01   353.1	0.0	0.0
   4.86098  0.10037034E+01   353.1	0.0	0.0
   4.87087  0.10038908E+01   353.1	0.0	0.0
   4.88078  0.10038292E+01   353.1	0.0	0.0
   4.89068  0.10039756E+01   353.1	0.0	0.0
   4.90058  0.10038846E+01   353.1	0.0	0.0
   4.91048  0.10038691E+01   353.0	0.0	0.0
   4.92038  0.10037912E+01   353.0	0.0	0.0
   4.93027  0.10038825E+01   353.0	0.0	0.0
   4.94018  0.10038344E+01   353.0	0.0	0.0
   4.95008  0.10035473E+01   353.0	0.0	0.0
   4.95998  0.10036000E+01   352.9	0.0	0.0
   4.96987  0.10037628E+01   353.0	0.0	0.0
   4.97977  0.10037842E+01   352.9	0.0	0.0
   4.98968  0.10036916E+01   352.9	0.0	0.0
   4.99957  0.10037618E+01   352.9	0.0	0.0
   5.00947  0.10037439E+01   352.9	0.0	0.0
   5.01937  0.10038744E+01   352.9	0.0	0.0
   5.02927  0.10035907E+01   352.8	0.0	0.0
   5.03917  0.10037212E+01   352.8	0.0	0.0
   5.04907  0.10035729E+01   352.8	0.0	0.0
   5.05897  0.10038034E+01   352.8	0.0	0.0
   5.06887  0.10036111E+01   352.8	0.0	0.0
   5.07877  0.10036265E+01   352.8	0.0	0.0
   5.08867  0.10036443E+01   352.7	0.0	0.0
   5.09857  0.10035908E+01   352.7	0.0	0.0
   5.10847  0.10036283E+01   352.7	0.0	0.0
   5.11837  0.10037174E+01   352.7	0.0	0.0
   5.12827  0.10037465E+01   352.7	0.0	0.0
   5.13817  0.10039362E+01   352.7	0.0	0.0
   5.14807  0.10041203E+01   352.7	0.0	0.0
   5.15797  0.10035146E+01   352.6	0.0	0.0
   5.16787  0.10037199E+01   352.6	0.0	0.0
   5.17777  0.10038139E+01   352.6	0.0	0.0
   5.18767  0.10036907E+01   352.6	0.0	0.0
   5.19757  0.10039418E+01   352.6	0.0	0.0
   5.20747  0.10038340E+01   352.6	0.0	0.0
   5.21737  0.10039432E+01   352.5	0.0	0.0
   5.22727  0.10039910E+01   352.5	0.0	0.0
   5.23717  0.10036936E+01   352.5	0.0	0.0
   5.24707  0.10040048E+01   352.5	0.0	0.0
   5.25697  0.10039976E+01   352.5	0.0	0.0
   5.26687  0.10038253E+01   352.5	0.0	0.0
   5.27677  0.10036644E+01   352.5	0.0	0.0
   5.28667  0.10041286E+01   352.4	0.0	0.0
   5.29657  0.10038732E+01   352.4	0.0	0.0
   5.30647  0.10041106E+01   352.4	0.0	0.0
   5.31637  0.10040883E+01   352.4	0.0	0.0
   5.32627  0.10041773E+01   352.4	0.0	0.0
   5.33617  0.10040338E+01   352.4	0.0	0.0
   5.34607  0.10042546E+01   352.3	0.0	0.0
   5.35597  0.10040017E+01   352.3	0.0	0.0
   5.36587  0.10042294E+01   352.3	0.0	0.0
   5.37577  0.10042337E+01   352.3	0.0	0.0
   5.38567  0.10041525E+01   352.3	0.0	0.0
   5.39557  0.10042408E+01   352.3	0.0	0.0
   5.40547  0.10041122E+01   352.3	0.0	0.0
   5.41537  0.10042623E+01   352.2	0.0	0.0
   5.42527  0.10040644E+01   352.2	0.0	0.0
   5.43517  0.10042078E+01   352.2	0.0	0.0
   5.44507  0.10045013E+01   352.2	0.0	0.0
   5.45497  0.10043683E+01   352.2	0.0	0.0
   5.46487  0.10042249E+01   352.2	0.0	0.0
   5.47477  0.10044144E+01   352.1	0.0	0.0
   5.48467  0.10043381E+01   352.1	0.0	0.0
   5.49457  0.10044080E+01   352.1	0.0	0.0
   5.50447  0.10042200E+01   352.1	0.0	0.0
   5.51437  0.10045452E+01   352.1	0.0	0.0
   5.52427  0.10044073E+01   352.1	0.0	0.0
   5.53417  0.10044093E+01   352.0	0.0	0.0
   5.54407  0.10045804E+01   352.0	0.0	0.0
   5.55397  0.10043285E+01   352.0	0.0	0.0
   5.56387  0.10042958E+01   352.0	0.0	0.0
   5.57377  0.10046796E+01   352.0	0.0	0.0
   5.58367  0.10042963E+01   352.0	0.0	0.0
   5.59357  0.10046698E+01   352.0	0.0	0.0
   5.60347  0.10047402E+01   352.0	0.0	0.0
   5.61337  0.10044808E+01   351.9	0.0	0.0
   5.62327  0.10044761E+01   351.9	0.0	0.0
   5.63317  0.10043886E+01   351.9	0.0	0.0
   5.64307  0.10044801E+01   351.9	0.0	0.0
   5.65297  0.10048176E+01   351.9	0.0	0.0
   5.66287  0.10048130E+01   351.9	0.0	0.0
   5.67277  0.10048183E+01   351.8	0.0	0.0
   5.68267  0.10044490E+01   351.8	0.0	0.0
   5.69257  0.10046706E+01   351.8	0.0	0.0
   5.70247  0.10047961E+01   351.8	0.0	0.0
   5.71237  0.10046825E+01   351.8	0.0	0.0
   5.72227  0.10050125E+01   351.8	0.0	0.0
   5.73217  0.10043117E+01   351.8	0.0	0.0
   5.74207  0.10048994E+01   351.7	0.0	0.0
   5.75197  0.10049458E+01   351.7	0.0	0.0
   5.76187  0.10045627E+01   351.7	0.0	0.0
   5.77177  0.10046294E+01   351.7	0.0	0.0
   5.78167  0.10049863E+01   351.7	0.0	0.0
   5.79157  0.10049305E+01   351.7	0.0	0.0
   5.80147  0.10046383E+01   351.6	0.0	0.0
   5.81137  0.10049033E+01   351.6	0.0	0.0
   5.82127  0.10046765E+01   351.6	0.0	0.0
   5.83117  0.10048901E+01   351.6	0.0	0.0
   5.84107  0.10044557E+01   351.6	0.0	0.0
   5.85097  0.10043865E+01   351.6	0.0	0.0
   5.86087  0.10045959E+01   351.5	0.0	0.0
   5.87077  0.10046591E+01   351.5	0.0	0.0
   5.88067  0.10046926E+01   351.5	0.0	0.0
   5.89057  0.10047379E+01   351.5	0.0	0.0
   5.90047  0.10049907E+01   351.5	0.0	0.0
   5.91037  0.10047795E+01   351.5	0.0	0.0
   5.92027  0.10047573E+01   351.4	0.0	0.0
   5.93017  0.10045904E+01   351.4	0.0	0.0
   5.94007  0.10048395E+01   351.4	0.0	0.0
   5.94997  0.10047685E+01   351.4	0.0	0.0
   5.95987  0.10045898E+01   351.4	0.0	0.0
   5.96977  0.10047225E+01   351.4	0.0	0.0
   5.97967  0.10048556E+01   351.4	0.0	0.0
   5.98957  0.10047075E+01   351.3	0.0	0.0
   5.99947  0.10047104E+01   351.3	0.0	0.0
   6.00937  0.10045078E+01   351.3	0.0	0.0
   6.01927  0.10046915E+01   351.3	0.0	0.0
   6.02917  0.10044349E+01   351.3	0.0	0.0
   6.03907  0.10046468E+01   351.3	0.0	0.0
   6.04897  0.10043014E+01   351.3	0.0	0.0
   6.05887  0.10047307E+01   351.2	0.0	0.0
   6.06877  0.10047424E+01   351.2	0.0	0.0
   6.07867  0.10047294E+01   351.2	0.0	0.0
   6.08857  0.10046717E+01   351.2	0.0	0.0
   6.09847  0.10044906E+01   351.2	0.0	0.0
   6.10837  0.10046405E+01   351.2	0.0	0.0
   6.11827  0.10046494E+01   351.1	0.0	0.0
   6.12817  0.10044422E+01   351.1	0.0	0.0
   6.13807  0.10045217E+01   351.1	0.0	0.0
   6.14797  0.10046309E+01   351.1	0.0	0.0
   6.15787  0.10042597E+01   351.1	0.0	0.0
   6.16777  0.10045083E+01   351.1	0.0	0.0
   6.17767  0.10043852E+01   351.1	0.0	0.0
   6.18757  0.10046003E+01   351.0	0.0	0.0
   6.19747  0.10045550E+01   351.0	0.0	0.0
   6.20737  0.10041661E+01   351.0	0.0	0.0
   6.21727  0.10046874E+01   351.0	0.0	0.0
   6.22717  0.10044951E+01   351.0	0.0	0.0
   6.23707  0.10040447E+01   351.0	0.0	0.0
   6.24697  0.10045362E+01   351.0	0.0	0.0
   6.25687  0.10041838E+01   350.9	0.0	0.0
   6.26677  0.10045938E+01   350.9	0.0	0.0
   6.27667  0.10043095E+01   350.9	0.0	0.0
   6.28657  0.10044208E+01   350.9	0.0	0.0
   6.29647  0.10041370E+01   350.9	0.0	0.0
   6.30637  0.10041746E+01   350.9	0.0	0.0
   6.31627  0.10041238E+01   350.8	0.0	0.0
   6.32617  0.10042753E+01   350.8	0.0	0.0
   6.33607  0.10044168E+01   350.8	0.0	0.0
   6.34597  0.10042148E+01   350.8	0.0	0.0
   6.35587  0.10042592E+01   350.8	0.0	0.0
   6.36577  0.10041409E+01   350.8	0.0	0.0
   6.37567  0.10039549E+01   350.7	0.0	0.0
   6.38557  0.10039105E+01   350.7	0.0	0.0
   6.39547  0.10040290E+01   350.7	0.0	0.0
   6.40537  0.10043509E+01   350.7	0.0	0.0
   6.41527  0.10040127E+01   350.7	0.0	0.0
   6.42517  0.10041902E+01   350.7	0.0	0.0
   6.43507  0.10042012E+01   350.6	0.0	0.0
   6.44497  0.10041996E+01   350.6	0.0	0.0
   6.45487  0.10042827E+01   350.6	0.0	0.0
   6.46477  0.10039561E+01   350.6	0.0	0.0
   6.47467  0.10042787E+01   350.6	0.0	0.0
   6.48457  0.10042865E+01   350.6	0.0	0.0
   6.49447  0.10041912E+01   350.6	0.0	0.0
   6.50437  0.10042071E+01   350.5	0.0	0.0
   6.51427  0.10043962E+01   350.5	0.0	0.0
   6.52417  0.10041965E+01   350.5	0.0	0.0
   6.53407  0.10038837E+01   350.5	0.0	0.0
   6.54397  0.10040148E+01   350.5	0.0	0.0
   6.55387  0.10039606E+01   350.5	0.0	0.0
   6.56377  0.10041151E+01   350.5	0.0	0.0
   6.57367  0.10039761E+01   350.4	0.0	0.0
   6.58357  0.10039752E+01   350.4	0.0	0.0
   6.59347  0.10042034E+01   350.4	0.0	0.0
   6.60337  0.10043571E+01   350.4	0.0	0.0
   6.61327  0.10043012E+01   350.4	0.0	0.0
   6.62317  0.10041851E+01   350.4	0.0	0.0
   6.63307  0.10040549E+01   350.3	0.0	0.0
   6.64297  0.10044290E+01   350.3	0.0	0.0
   6.65287  0.10043422E+01   350.3	0.0	0.0
   6.66277  0.10042510E+01   350.3	0.0	0.0
   6.67267  0.10043403E+01   350.3	0.0	0.0
   6.68257  0.10042390E+01   350.3	0.0	0.0
   6.69247  0.10041513E+01   350.2	0.0	0.0
   6.70237  0.10041943E+01   350.2	0.0	0.0
   6.71227  0.10045437E+01   350.2	0.0	0.0
   6.72217  0.10041810E+01   350.2	0.0	0.0
   6.73207  0.10040997E+01   350.2	0.0	0.0
   6.74197  0.10042881E+01   350.2	0.0	0.0
   6.75187  0.10041456E+01   350.2	0.0	0.0
   6.76177  0.10045955E+01   350.1	0.0	0.0
   6.77167  0.10040342E+01   350.1	0.0	0.0
   6.78157  0.10043689E+01   350.1	0.0	0.0
   6.79147  0.10044904E+01   350.1	0.0	0.0
   6.80137  0.10043162E+01   350.1	0.0	0.0
   6.81127  0.10040627E+01   350.1	0.0	0.0
   6.82117  0.10044599E+01   350.0	0.0	0.0
   6.83107  0.10043250E+01   350.0	0.0	0.0
   6.84097  0.10044872E+01   350.0	0.0	0.0
   6.85087  0.10046116E+01   350.0	0.0	0.0
   6.86076  0.10040575E+01   350.0	0.0	0.0
   6.87067  0.10044097E+01   350.0	0.0	0.0
   6.88057  0.10042586E+01   350.0	0.0	0.0
   6.89047  0.10043240E+01   349.9	0.0	0.0
   6.90037  0.10046264E+01   349.9	0.0	0.0
   6.91026  0.10043654E+01   349.9	0.0	0.0
   6.92017  0.10043366E+01   349.9	0.0	0.0
   6.93007  0.10044916E+01   349.9	0.0	0.0
   6.93997  0.10048599E+01   349.8	0.0	0.0
   6.94986  0.10047460E+01   349.9	0.0	0.0
   6.95976  0.10044873E+01   349.8	0.0	0.0
   6.96966  0.10046579E+01   349.8	0.0	0.0
   6.97956  0.10045239E+01   349.8	0.0	0.0
   6.98946  0.10046538E+01   349.8	0.0	0.0
   6.99936  0.10043596E+01   349.7	0.0	0.0
   7.00926  0.10044297E+01   349.7	0.0	0.0
   7.01916  0.10047251E+01   349.7	0.0	0.0
   7.02906  0.10046312E+01   349.7	0.0	0.0
   7.03896  0.10043293E+01   349.7	0.0	0.0
   7.04886  0.10045440E+01   349.7	0.0	0.0
   7.05876  0.10043809E+01   349.7	0.0	0.0
   7.06867  0.10044491E+01   349.6	0.0	0.0
   7.07856  0.10046417E+01   349.6	0.0	0.0
   7.08846  0.10046993E+01   349.6	0.0	0.0
   7.09836  0.10044525E+01   349.6	0.0	0.0
   7.10826  0.10044816E+01   349.6	0.0	0.0
   7.11816  0.10050248E+01   349.6	0.0	0.0
   7.12806  0.10046468E+01   349.6	0.0	0.0
   7.13796  0.10046389E+01   349.5	0.0	0.0
   7.14786  0.10046790E+01   349.5	0.0	0.0
   7.15776  0.10046411E+01   349.5	0.0	0.0
   7.16766  0.10046476E+01   349.5	0.0	0.0
   7.17756  0.10046922E+01   349.5	0.0	0.0
   7.18746  0.10046302E+01   349.5	0.0	0.0
   7.19736  0.10047787E+01   349.4	0.0	0.0
   7.20726  0.10044180E+01   349.4	0.0	0.0
   7.21716  0.10045859E+01   349.4	0.0	0.0
   7.22706  0.10044750E+01   349.4	0.0	0.0
   7.23696  0.10042168E+01   349.4	0.0	0.0
   7.24686  0.10042435E+01   349.4	0.0	0.0
   7.25676  0.10050023E+01   349.4	0.0	0.0
   7.26666  0.10046530E+01   349.3	0.0	0.0
   7.27656  0.10045575E+01   349.3	0.0	0.0
   7.28646  0.10044688E+01   349.3	0.0	0.0
   7.29636  0.10047430E+01   349.3	0.0	0.0
   7.30626  0.10044571E+01   349.3	0.0	0.0
   7.31616  0.10045658E+01   349.2	0.0	0.0
   7.32606  0.10045182E+01   349.2	0.0	0.0
   7.33596  0.10043139E+01   349.2	0.0	0.0
   7.34586  0.10045062E+01   349.2	0.0	0.0
   7.35576  0.10041976E+01   349.2	0.0	0.0
   7.36566  0.10042583E+01   349.2	0.0	0.0
   7.37556  0.10043882E+01   349.1	0.0	0.0
   7.38546  0.10041579E+01   349.1	0.0	0.0
   7.39536  0.10041989E+01   349.1	0.0	0.0
   7.40526  0.10042210E+01   349.1	0.0	0.0
   7.41516  0.10044121E+01   349.1	0.0	0.0
   7.42506  0.10042392E+01   349.1	0.0	0.0
   7.43496  0.10043830E+01   349.1	0.0	0.0
   7.44486  0.10041350E+01   349.0	0.0	0.0
   7.45476  0.10038697E+01   349.0	0.0	0.0
   7.46466  0.10038841E+01   349.0	0.0	0.0
   7.47456  0.10041541E+01   349.0	0.0	0.0
   7.48446  0.10041353E+01   349.0	0.0	0.0
   7.49436  0.10041952E+01   349.0	0.0	0.0
   7.50426  0.10040792E+01   349.0	0.0	0.0
   7.51416  0.10041711E+01   348.9	0.0	0.0
   7.52406  0.10040562E+01   348.9	0.0	0.0
   7.53396  0.10040227E+01   348.9	0.0	0.0
   7.54386  0.10039797E+01   348.9	0.0	0.0
   7.55376  0.10041237E+01   348.9	0.0	0.0
   7.56366  0.10038576E+01   348.9	0.0	0.0
   7.57356  0.10037473E+01   348.9	0.0	0.0
   7.58346  0.10041004E+01   348.9	0.0	0.0
   7.59336  0.10036609E+01   348.8	0.0	0.0
   7.60326  0.10036935E+01   348.8	0.0	0.0
   7.61316  0.10040898E+01   348.8	0.0	0.0
   7.62306  0.10038981E+01   348.8	0.0	0.0
   7.63296  0.10038997E+01   348.8	0.0	0.0
   7.64286  0.10038867E+01   348.7	0.0	0.0
   7.65276  0.10037731E+01   348.7	0.0	0.0
   7.66266  0.10035913E+01   348.7	0.0	0.0
   7.67256  0.10035738E+01   348.7	0.0	0.0
   7.68246  0.10036533E+01   348.7	0.0	0.0
   7.69236  0.10035973E+01   348.7	0.0	0.0
   7.70226  0.10034852E+01   348.6	0.0	0.0
   7.71216  0.10035390E+01   348.6	0.0	0.0
   7.72206  0.10036458E+01   348.6	0.0	0.0
   7.73196  0.10037333E+01   348.6	0.0	0.0
   7.74186  0.10034344E+01   348.6	0.0	0.0
   7.75176  0.10038092E+01   348.6	0.0	0.0
   7.76166  0.10035425E+01   348.5	0.0	0.0
   7.77156  0.10034549E+01   348.5	0.0	0.0
   7.78146  0.10034606E+01   348.5	0.0	0.0
   7.79136  0.10034670E+01   348.5	0.0	0.0
   7.80126  0.10035309E+01   348.5	0.0	0.0
   7.81116  0.10035952E+01   348.5	0.0	0.0
   7.82106  0.10035479E+01   348.5	0.0	0.0
   7.83096  0.10033737E+01   348.4	0.0	0.0
   7.84086  0.10034850E+01   348.4	0.0	0.0
   7.85076  0.10034348E+01   348.4	0.0	0.0
   7.86066  0.10032287E+01   348.4	0.0	0.0
   7.87056  0.10035249E+01   348.4	0.0	0.0
   7.88046  0.10035635E+01   348.4	0.0	0.0
   7.89036  0.10035219E+01   348.4	0.0	0.0
   7.90026  0.10036995E+01   348.3	0.0	0.0
   7.91016  0.10034753E+01   348.3	0.0	0.0
   7.92006  0.10031657E+01   348.3	0.0	0.0
   7.92996  0.10033531E+01   348.3	0.0	0.0
   7.93986  0.10033615E+01   348.3	0.0	0.0
   7.94976  0.10033511E+01   348.2	0.0	0.0
   7.95966  0.10033296E+01   348.2	0.0	0.0
   7.96956  0.10037181E+01   348.2	0.0	0.0
   7.97946  0.10034155E+01   348.2	0.0	0.0
   7.98936  0.10035149E+01   348.2	0.0	0.0
   7.99926  0.10036192E+01   348.2	0.0	0.0
   8.00916  0.10034099E+01   348.2	0.0	0.0
   8.01906  0.10034753E+01   348.2	0.0	0.0
   8.02896  0.10037003E+01   348.1	0.0	0.0
   8.03886  0.10035079E+01   348.1	0.0	0.0
   8.04876  0.10035896E+01   348.1	0.0	0.0
   8.05866  0.10034180E+01   348.1	0.0	0.0
   8.06856  0.10033144E+01   348.1	0.0	0.0
   8.07846  0.10035691E+01   348.0	0.0	0.0
   8.08836  0.10034827E+01   348.0	0.0	0.0
   8.09826  0.10035121E+01   348.0	0.0	0.0
   8.10816  0.10034901E+01   348.0	0.0	0.0
   8.11806  0.10035565E+01   348.0	0.0	0.0
   8.12796  0.10035814E+01   348.0	0.0	0.0
   8.13786  0.10035470E+01   347.9	0.0	0.0
   8.14776  0.10036312E+01   347.9	0.0	0.0
   8.15766  0.10036784E+01   347.9	0.0	0.0
   8.16756  0.10036682E+01   347.9	0.0	0.0
   8.17746  0.10036253E+01   347.9	0.0	0.0
   8.18736  0.10035740E+01   347.9	0.0	0.0
   8.19726  0.10037310E+01   347.9	0.0	0.0
   8.20716  0.10036623E+01   347.9	0.0	0.0
   8.21706  0.10033954E+01   347.8	0.0	0.0
   8.22696  0.10035318E+01   347.8	0.0	0.0
   8.23686  0.10036021E+01   347.8	0.0	0.0
   8.24676  0.10034680E+01   347.8	0.0	0.0
   8.25666  0.10034133E+01   347.8	0.0	0.0
   8.26656  0.10036049E+01   347.8	0.0	0.0
   8.27646  0.10038490E+01   347.7	0.0	0.0
   8.28636  0.10036603E+01   347.7	0.0	0.0
   8.29626  0.10037371E+01   347.7	0.0	0.0
   8.30616  0.10038451E+01   347.7	0.0	0.0
   8.31606  0.10038043E+01   347.7	0.0	0.0
   8.32596  0.10038285E+01   347.7	0.0	0.0
   8.33586  0.10034139E+01   347.6	0.0	0.0
   8.34576  0.10034170E+01   347.6	0.0	0.0
   8.35566  0.10035782E+01   347.6	0.0	0.0
   8.36556  0.10038154E+01   347.6	0.0	0.0
   8.37546  0.10037247E+01   347.6	0.0	0.0
   8.38536  0.10035032E+01   347.6	0.0	0.0
   8.39526  0.10035149E+01   347.6	0.0	0.0
   8.40516  0.10036459E+01   347.5	0.0	0.0
   8.41506  0.10038117E+01   347.5	0.0	0.0
   8.42496  0.10037231E+01   347.5	0.0	0.0
   8.43486  0.10034765E+01   347.5	0.0	0.0
   8.44476  0.10035254E+01   347.5	0.0	0.0
   8.45466  0.10035772E+01   347.5	0.0	0.0
   8.46456  0.10035812E+01   347.4	0.0	0.0
   8.47446  0.10036892E+01   347.4	0.0	0.0
   8.48436  0.10035567E+01   347.4	0.0	0.0
   8.49426  0.10035679E+01   347.4	0.0	0.0
   8.50416  0.10035477E+01   347.4	0.0	0.0
   8.51406  0.10035781E+01   347.4	0.0	0.0
   8.52396  0.10033271E+01   347.3	0.0	0.0
   8.53386  0.10034188E+01   347.4	0.0	0.0
   8.54376  0.10033822E+01   347.3	0.0	0.0
   8.55366  0.10035337E+01   347.3	0.0	0.0
   8.56356  0.10033755E+01   347.3	0.0	0.0
   8.57346  0.10033647E+01   347.3	0.0	0.0
   8.58336  0.10036873E+01   347.3	0.0	0.0
   8.59326  0.10031475E+01   347.3	0.0	0.0
   8.60316  0.10032067E+01   347.3	0.0	0.0
   8.61306  0.10032697E+01   347.2	0.0	0.0
   8.62296  0.10033407E+01   347.2	0.0	0.0
   8.63286  0.10031455E+01   347.2	0.0	0.0
   8.64276  0.10032276E+01   347.2	0.0	0.0
   8.65266  0.10031980E+01   347.1	0.0	0.0
   8.66256  0.10030996E+01   347.1	0.0	0.0
   8.67246  0.10035675E+01   347.1	0.0	0.0
   8.68235  0.10031160E+01   347.1	0.0	0.0
   8.69226  0.10028571E+01   347.1	0.0	0.0
   8.70216  0.10032282E+01   347.1	0.0	0.0
   8.71206  0.10030286E+01   347.1	0.0	0.0
   8.72196  0.10031227E+01   347.1	0.0	0.0
   8.73186  0.10030419E+01   347.0	0.0	0.0
   8.74176  0.10031713E+01   347.0	0.0	0.0
   8.75166  0.10032055E+01   347.0	0.0	0.0
   8.76156  0.10030897E+01   347.0	0.0	0.0
   8.77146  0.10029297E+01   347.0	0.0	0.0
   8.78136  0.10027986E+01   346.9	0.0	0.0
   8.79126  0.10028450E+01   346.9	0.0	0.0
   8.80116  0.10029321E+01   346.9	0.0	0.0
   8.81106  0.10029638E+01   346.9	0.0	0.0
   8.82096  0.10028601E+01   346.9	0.0	0.0
   8.83086  0.10028929E+01   346.9	0.0	0.0
   8.84076  0.10025525E+01   346.9	0.0	0.0
   8.85065  0.10027328E+01   346.8	0.0	0.0
   8.86056  0.10028538E+01   346.8	0.0	0.0
   8.87045  0.10027763E+01   346.8	0.0	0.0
   8.88035  0.10026047E+01   346.8	0.0	0.0
   8.89025  0.10025811E+01   346.8	0.0	0.0
   8.90016  0.10026430E+01   346.8	0.0	0.0
   8.91006  0.10025957E+01   346.8	0.0	0.0
   8.91996  0.10025382E+01   346.7	0.0	0.0
   8.92986  0.10026559E+01   346.7	0.0	0.0
   8.93975  0.10026369E+01   346.7	0.0	0.0
   8.94965  0.10024339E+01   346.7	0.0	0.0
   8.95955  0.10023717E+01   346.7	0.0	0.0
   8.96945  0.10026475E+01   346.7	0.0	0.0
   8.97936  0.10023819E+01   346.6	0.0	0.0
   8.98925  0.10025904E+01   346.6	0.0	0.0
   8.99915  0.10022677E+01   346.6	0.0	0.0
   9.00905  0.10021667E+01   346.6	0.0	0.0
   9.01895  0.10020893E+01   346.6	0.0	0.0
   9.02885  0.10021011E+01   346.6	0.0	0.0
   9.03875  0.10022246E+01   346.6	0.0	0.0
   9.04866  0.10024368E+01   346.5	0.0	0.0
   9.05855  0.10021563E+01   346.5	0.0	0.0
   9.06845  0.10020998E+01   346.5	0.0	0.0
   9.07835  0.10021694E+01   346.5	0.0	0.0
   9.08825  0.10023106E+01   346.5	0.0	0.0
   9.09815  0.10022110E+01   346.5	0.0	0.0
   9.10806  0.10018985E+01   346.4	0.0	0.0
   9.11795  0.10022515E+01   346.4	0.0	0.0
   9.12785  0.10020765E+01   346.4	0.0	0.0
   9.13775  0.10020320E+01   346.4	0.0	0.0
   9.14765  0.10019039E+01   346.4	0.0	0.0
   9.15755  0.10020046E+01   346.4	0.0	0.0
   9.16745  0.10020379E+01   346.3	0.0	0.0
   9.17735  0.10021358E+01   346.3	0.0	0.0
   9.18725  0.10020971E+01   346.3	0.0	0.0
   9.19715  0.10021054E+01   346.3	0.0	0.0
   9.20705  0.10018744E+01   346.3	0.0	0.0
   9.21695  0.10019383E+01   346.3	0.0	0.0
   9.22685  0.10018594E+01   346.2	0.0	0.0
   9.23675  0.10019432E+01   346.2	0.0	0.0
   9.24665  0.10021322E+01   346.2	0.0	0.0
   9.25655  0.10019488E+01   346.2	0.0	0.0
   9.26645  0.10018044E+01   346.2	0.0	0.0
   9.27635  0.10018742E+01   346.2	0.0	0.0
   9.28625  0.10019366E+01   346.2	0.0	0.0
   9.29615  0.10020000E+01   346.1	0.0	0.0
   9.30605  0.10018159E+01   346.1	0.0	0.0
   9.31595  0.10022219E+01   346.1	0.0	0.0
   9.32585  0.10018686E+01   346.1	0.0	0.0
   9.33575  0.10019841E+01   346.1	0.0	0.0
   9.34565  0.10018626E+01   346.1	0.0	0.0
   9.35555  0.10016018E+01   346.0	0.0	0.0
   9.36545  0.10015836E+01   346.0	0.0	0.0
   9.37535  0.10019021E+01   346.0	0.0	0.0
   9.38525  0.10017750E+01   346.0	0.0	0.0
   9.39515  0.10017694E+01   346.0	0.0	0.0
   9.40505  0.10017059E+01   346.0	0.0	0.0
   9.41495  0.10017143E+01   346.0	0.0	0.0
   9.42485  0.10013818E+01   345.9	0.0	0.0
   9.43475  0.10017915E+01   345.9	0.0	0.0
   9.44465  0.10018544E+01   345.9	0.0	0.0
   9.45455  0.10016819E+01   345.9	0.0	0.0
   9.46445  0.10019748E+01   345.9	0.0	0.0
   9.47435  0.10018919E+01   345.9	0.0	0.0
   9.48425  0.10018170E+01   345.8	0.0	0.0
   9.49415  0.10016112E+01   345.8	0.0	0.0
   9.50405  0.10019891E+01   345.8	0.0	0.0
   9.51395  0.10019547E+01   345.8	0.0	0.0
   9.52385  0.10015728E+01   345.8	0.0	0.0
   9.53375  0.10016841E+01   345.7	0.0	0.0
   9.54365  0.10014932E+01   345.7	0.0	0.0
   9.55355  0.10017444E+01   345.7	0.0	0.0
   9.56345  0.10018559E+01   345.7	0.0	0.0
   9.57335  0.10017241E+01   345.7	0.0	0.0
   9.58325  0.10017185E+01   345.7	0.0	0.0
   9.59315  0.10018119E+01   345.7	0.0	0.0
   9.60305  0.10018100E+01   345.7	0.0	0.0
   9.61295  0.10018376E+01   345.6	0.0	0.0
   9.62285  0.10020795E+01   345.6	0.0	0.0
   9.63275  0.10014930E+01   345.6	0.0	0.0
   9.64265  0.10017530E+01   345.6	0.0	0.0
   9.65255  0.10020931E+01   345.6	0.0	0.0
   9.66245  0.10019786E+01   345.6	0.0	0.0
   9.67235  0.10017923E+01   345.6	0.0	0.0
   9.68225  0.10019401E+01   345.5	0.0	0.0
   9.69215  0.10016555E+01   345.5	0.0	0.0
   9.70205  0.10017134E+01   345.5	0.0	0.0
   9.71195  0.10016522E+01   345.5	0.0	0.0
   9.72185  0.10014865E+01   345.5	0.0	0.0
   9.73175  0.10016390E+01   345.5	0.0	0.0
   9.74165  0.10018162E+01   345.5	0.0	0.0
   9.75155  0.10013721E+01   345.4	0.0	0.0
   9.76145  0.10015191E+01   345.4	0.0	0.0
   9.77135  0.10019021E+01   345.4	0.0	0.0
   9.78125  0.10015997E+01   345.4	0.0	0.0
   9.79115  0.10019960E+01   345.3	0.0	0.0
   9.80105  0.10016062E+01   345.3	0.0	0.0
   9.81095  0.10019475E+01   345.3	0.0	0.0
   9.82085  0.10016167E+01   345.3	0.0	0.0
   9.83075  0.10015050E+01   345.3	0.0	0.0
   9.84065  0.10016129E+01   345.3	0.0	0.0
   9.85055  0.10017582E+01   345.3	0.0	0.0
   9.86045  0.10017508E+01   345.3	0.0	0.0
   9.87035  0.10014746E+01   345.3	0.0	0.0
   9.88025  0.10016625E+01   345.2	0.0	0.0
   9.89015  0.10014114E+01   345.2	0.0	0.0
   9.90005  0.10017236E+01   345.2	0.0	0.0
   9.90995  0.10013009E+01   345.2	0.0	0.0
   9.91985  0.10015720E+01   345.2	0.0	0.0
   9.92975  0.10014267E+01   345.1	0.0	0.0
   9.93965  0.10014429E+01   345.1	0.0	0.0
   9.94955  0.10011600E+01   345.1	0.0	0.0
   9.95945  0.10010430E+01   345.1	0.0	0.0
   9.96935  0.10011894E+01   345.1	0.0	0.0
   9.97925  0.10014374E+01   345.1	0.0	0.0
   9.98915  0.10015879E+01   345.1	0.0	0.0
   9.99905  0.10009522E+01   345.0	0.0	0.0
  10.00895  0.10012610E+01   345.0	0.0	0.0
  10.01885  0.10009632E+01   345.0	0.0	0.0
  10.02875  0.10016040E+01   344.9	0.0	0.0
  10.03865  0.10010668E+01   344.9	0.0	0.0
  10.04855  0.10012307E+01   344.9	0.0	0.0
  10.05845  0.10014572E+01   344.9	0.0	0.0
  10.06835  0.10011389E+01   344.9	0.0	0.0
  10.07825  0.10009594E+01   344.9	0.0	0.0
  10.08815  0.10006888E+01   344.9	0.0	0.0
  10.09805  0.10010744E+01   344.9	0.0	0.0
  10.10795  0.10011325E+01   344.9	0.0	0.0
  10.11785  0.10002707E+01   344.9	0.0	0.0
  10.12775  0.10006688E+01   344.8	0.0	0.0
  10.13765  0.10008153E+01   344.8	0.0	0.0
  10.14755  0.10008940E+01   344.8	0.0	0.0
  10.15745  0.10007120E+01   344.8	0.0	0.0
  10.16735  0.10007249E+01   344.7	0.0	0.0
  10.17725  0.10008303E+01   344.7	0.0	0.0
  10.18715  0.10008801E+01   344.7	0.0	0.0
  10.19705  0.10005591E+01   344.7	0.0	0.0
  10.20695  0.10000700E+01   344.7	0.0	0.0
  10.21685  0.10007300E+01   344.7	0.0	0.0
  10.22675  0.10005064E+01   344.7	0.0	0.0
  10.23665  0.10006870E+01   344.7	0.0	0.0
  10.24655  0.10002693E+01   344.6	0.0	0.0
  10.25645  0.10005002E+01   344.6	0.0	0.0
  10.26635  0.10003264E+01   344.6	0.0	0.0
  10.27625  0.10002569E+01   344.6	0.0	0.0
  10.28615  0.10000798E+01   344.6	0.0	0.0
  10.29605  0.10002540E+01   344.6	0.0	0.0
  10.30595  0.10004110E+01   344.5	0.0	0.0
  10.31585  0.10001947E+01   344.5	0.0	0.0
  10.32575  0.10002918E+01   344.5	0.0	0.0
  10.33565  0.10000535E+01   344.5	0.0	0.0
  10.34555  0.99994731E+00   344.5	0.0	0.0
  10.35545  0.10001435E+01   344.5	0.0	0.0
  10.36535  0.99996817E+00   344.4	0.0	0.0
  10.37525  0.10000209E+01   344.4	0.0	0.0
  10.38515  0.10000716E+01   344.4	0.0	0.0
  10.39505  0.99979705E+00   344.4	0.0	0.0
  10.40495  0.10000578E+01   344.4	0.0	0.0
  10.41485  0.99984527E+00   344.4	0.0	0.0
  10.42475  0.10000660E+01   344.4	0.0	0.0
  10.43465  0.99940842E+00   344.3	0.0	0.0
  10.44455  0.99962997E+00   344.3	0.0	0.0
  10.45445  0.99949658E+00   344.3	0.0	0.0
  10.46435  0.99943089E+00   344.3	0.0	0.0
  10.47425  0.99945039E+00   344.3	0.0	0.0
  10.48415  0.99919540E+00   344.3	0.0	0.0
  10.49405  0.99958152E+00   344.2	0.0	0.0
  10.50395  0.99940753E+00   344.2	0.0	0.0
  10.51385  0.99983841E+00   344.2	0.0	0.0
  10.52375  0.99964231E+00   344.2	0.0	0.0
  10.53365  0.99941373E+00   344.2	0.0	0.0
  10.54355  0.99965024E+00   344.2	0.0	0.0
  10.55345  0.99936008E+00   344.2	0.0	0.0
  10.56335  0.99946421E+00   344.1	0.0	0.0
  10.57325  0.99965519E+00   344.1	0.0	0.0
  10.58315  0.99961811E+00   344.1	0.0	0.0
  10.59305  0.99965388E+00   344.1	0.0	0.0
  10.60295  0.99922878E+00   344.1	0.0	0.0
  10.61284  0.99926966E+00   344.1	0.0	0.0
  10.62275  0.99942064E+00   344.0	0.0	0.0
  10.63265  0.99939448E+00   344.0	0.0	0.0
  10.64254  0.99947190E+00   344.0	0.0	0.0
  10.65245  0.99923837E+00   344.0	0.0	0.0
  10.66235  0.99937785E+00   344.0	0.0	0.0
  10.67225  0.99963444E+00   344.0	0.0	0.0
  10.68215  0.99920028E+00   344.0	0.0	0.0
  10.69205  0.99948031E+00   343.9	0.0	0.0
  10.70195  0.99954367E+00   343.9	0.0	0.0
  10.71185  0.99941069E+00   343.9	0.0	0.0
  10.72174  0.99920791E+00   343.9	0.0	0.0
  10.73165  0.99949127E+00   343.9	0.0	0.0
  10.74155  0.99919689E+00   343.8	0.0	0.0
  10.75144  0.99913931E+00   343.8	0.0	0.0
  10.76134  0.99946940E+00   343.8	0.0	0.0
  10.77125  0.99932599E+00   343.8	0.0	0.0
  10.78115  0.99918264E+00   343.8	0.0	0.0
  10.79105  0.99903786E+00   343.8	0.0	0.0
  10.80095  0.99919146E+00   343.8	0.0	0.0
  10.81084  0.99922854E+00   343.7	0.0	0.0
  10.82075  0.99906850E+00   343.7	0.0	0.0
  10.83065  0.99938232E+00   343.7	0.0	0.0
  10.84054  0.99939173E+00   343.7	0.0	0.0
  10.85045  0.99936301E+00   343.7	0.0	0.0
  10.86034  0.99939036E+00   343.7	0.0	0.0
  10.87025  0.99928510E+00   343.7	0.0	0.0
  10.88015  0.99924868E+00   343.6	0.0	0.0
  10.89004  0.99926138E+00   343.6	0.0	0.0
  10.89995  0.99934906E+00   343.6	0.0	0.0
  10.90984  0.99920118E+00   343.6	0.0	0.0
  10.91974  0.99904901E+00   343.6	0.0	0.0
  10.92964  0.99918592E+00   343.6	0.0	0.0
  10.93954  0.99924517E+00   343.5	0.0	0.0
  10.94944  0.99933290E+00   343.5	0.0	0.0
  10.95934  0.99925882E+00   343.5	0.0	0.0
  10.96924  0.99906558E+00   343.5	0.0	0.0
  10.97914  0.99920923E+00   343.5	0.0	0.0
  10.98905  0.99913615E+00   343.5	0.0	0.0
  10.99894  0.99932951E+00   343.5	0.0	0.0
  11.00884  0.99906719E+00   343.4	0.0	0.0
  11.01875  0.99930501E+00   343.4	0.0	0.0
  11.02865  0.99900210E+00   343.4	0.0	0.0
  11.03854  0.99909288E+00   343.4	0.0	0.0
  11.04844  0.99894011E+00   343.4	0.0	0.0
  11.05834  0.99894524E+00   343.4	0.0	0.0
  11.06824  0.99890471E+00   343.3	0.0	0.0
  11.07814  0.99900442E+00   343.3	0.0	0.0
  11.08805  0.99920613E+00   343.3	0.0	0.0
  11.09794  0.99898958E+00   343.3	0.0	0.0
  11.10784  0.99891615E+00   343.3	0.0	0.0
  11.11774  0.99908471E+00   343.3	0.0	0.0
  11.12764  0.99882680E+00   343.3	0.0	0.0
  11.13754  0.99895209E+00   343.2	0.0	0.0
  11.14744  0.99864644E+00   343.2	0.0	0.0
  11.15734  0.99896997E+00   343.2	0.0	0.0
  11.16724  0.99863499E+00   343.2	0.0	0.0
  11.17714  0.99866849E+00   343.2	0.0	0.0
  11.18704  0.99862027E+00   343.2	0.0	0.0
  11.19694  0.99869794E+00   343.1	0.0	0.0
  11.20684  0.99875933E+00   343.1	0.0	0.0
  11.21674  0.99902064E+00   343.1	0.0	0.0
  11.22664  0.99869925E+00   343.1	0.0	0.0
  11.23654  0.99850160E+00   343.1	0.0	0.0
  11.24644  0.99852443E+00   343.1	0.0	0.0
  11.25634  0.99871451E+00   343.1	0.0	0.0
  11.26624  0.99844664E+00   343.0	0.0	0.0
  11.27614  0.99844581E+00   343.0	0.0	0.0
  11.28604  0.99843913E+00   343.0	0.0	0.0
  11.29594  0.99832994E+00   343.0	0.0	0.0
  11.30584  0.99840069E+00   343.0	0.0	0.0
  11.31574  0.99834591E+00   342.9	0.0	0.0
  11.32564  0.99846482E+00   342.9	0.0	0.0
  11.33554  0.99830145E+00   342.9	0.0	0.0
  11.34544  0.99838120E+00   342.9	0.0	0.0
  11.35534  0.99824119E+00   342.9	0.0	0.0
  11.36524  0.99816704E+00   342.9	0.0	0.0
  11.37514  0.99808472E+00   342.9	0.0	0.0
  11.38504  0.99816269E+00   342.8	0.0	0.0
  11.39494  0.99827427E+00   342.8	0.0	0.0
  11.40484  0.99800670E+00   342.8	0.0	0.0
  11.41474  0.99807954E+00   342.8	0.0	0.0
  11.42464  0.99814296E+00   342.8	0.0	0.0
  11.43454  0.99795651E+00   342.8	0.0	0.0
  11.44444  0.99788946E+00   342.7	0.0	0.0
  11.45434  0.99768448E+00   342.7	0.0	0.0
  11.46424  0.99783939E+00   342.7	0.0	0.0
  11.47414  0.99777663E+00   342.7	0.0	0.0
  11.48404  0.99783987E+00   342.7	0.0	0.0
  11.49394  0.99772167E+00   342.7	0.0	0.0
  11.50384  0.99766654E+00   342.7	0.0	0.0
  11.51374  0.99786776E+00   342.7	0.0	0.0
  11.52364  0.99750620E+00   342.6	0.0	0.0
  11.53354  0.99749362E+00   342.6	0.0	0.0
  11.54344  0.99735975E+00   342.6	0.0	0.0
  11.55334  0.99762440E+00   342.6	0.0	0.0
  11.56324  0.99750549E+00   342.6	0.0	0.0
  11.57314  0.99735570E+00   342.6	0.0	0.0
  11.58304  0.99742764E+00   342.5	0.0	0.0
  11.59294  0.99741107E+00   342.5	0.0	0.0
  11.60284  0.99727905E+00   342.5	0.0	0.0
  11.61274  0.99728602E+00   342.5	0.0	0.0
  11.62264  0.99722099E+00   342.5	0.0	0.0
  11.63254  0.99698836E+00   342.5	0.0	0.0
  11.64244  0.99715126E+00   342.5	0.0	0.0
  11.65234  0.99703985E+00   342.4	0.0	0.0
  11.66224  0.99700165E+00   342.4	0.0	0.0
  11.67214  0.99681813E+00   342.4	0.0	0.0
  11.68204  0.99697137E+00   342.4	0.0	0.0
  11.69194  0.99706507E+00   342.4	0.0	0.0
  11.70184  0.99689960E+00   342.4	0.0	0.0
  11.71174  0.99702156E+00   342.3	0.0	0.0
  11.72164  0.99680209E+00   342.3	0.0	0.0
  11.73154  0.99684107E+00   342.3	0.0	0.0
  11.74144  0.99681360E+00   342.3	0.0	0.0
  11.75134  0.99671197E+00   342.3	0.0	0.0
  11.76124  0.99687773E+00   342.3	0.0	0.0
  11.77114  0.99665368E+00   342.2	0.0	0.0
  11.78104  0.99697304E+00   342.2	0.0	0.0
  11.79094  0.99662113E+00   342.2	0.0	0.0
  11.80084  0.99639350E+00   342.2	0.0	0.0
  11.81074  0.99656731E+00   342.2	0.0	0.0
  11.82064  0.99669236E+00   342.2	0.0	0.0
  11.83054  0.99661446E+00   342.2	0.0	0.0
  11.84044  0.99636185E+00   342.2	0.0	0.0
  11.85034  0.99674088E+00   342.1	0.0	0.0
  11.86024  0.99627322E+00   342.1	0.0	0.0
  11.87014  0.99626875E+00   342.1	0.0	0.0
  11.88004  0.99639088E+00   342.1	0.0	0.0
  11.88994  0.99658734E+00   342.1	0.0	0.0
  11.89984  0.99631566E+00   342.0	0.0	0.0
  11.90974  0.99628788E+00   342.0	0.0	0.0
  11.91964  0.99622220E+00   342.0	0.0	0.0
  11.92954  0.99620324E+00   342.0	0.0	0.0
  11.93944  0.99590594E+00   342.0	0.0	0.0
  11.94934  0.99618846E+00   342.0	0.0	0.0
  11.95924  0.99622375E+00   341.9	0.0	0.0
  11.96914  0.99604958E+00   341.9	0.0	0.0
  11.97904  0.99619323E+00   341.9	0.0	0.0
  11.98894  0.99601877E+00   341.9	0.0	0.0
  11.99884  0.99628937E+00   341.9	0.0	0.0
  12.00874  0.99641383E+00   341.9	0.0	0.0
  12.01864  0.99623030E+00   341.9	0.0	0.0
  12.02854  0.99613738E+00   341.8	0.0	0.0
  12.03844  0.99601668E+00   341.8	0.0	0.0
  12.04834  0.99617237E+00   341.8	0.0	0.0
  12.05824  0.99620050E+00   341.8	0.0	0.0
  12.06814  0.99607319E+00   341.8	0.0	0.0
  12.07804  0.99589610E+00   341.8	0.0	0.0
  12.08794  0.99607193E+00   341.8	0.0	0.0
  12.09784  0.99602050E+00   341.8	0.0	0.0
  12.10774  0.99601614E+00   341.7	0.0	0.0
  12.11764  0.99596918E+00   341.7	0.0	0.0
  12.12754  0.99593991E+00   341.7	0.0	0.0
  12.13744  0.99606550E+00   341.7	0.0	0.0
  12.14734  0.99594802E+00   341.7	0.0	0.0
  12.15724  0.99608707E+00   341.6	0.0	0.0
  12.16714  0.99594444E+00   341.6	0.0	0.0
  12.17704  0.99601209E+00   341.6	0.0	0.0
  12.18694  0.99596196E+00   341.6	0.0	0.0
  12.19684  0.99576038E+00   341.6	0.0	0.0
  12.20674  0.99617690E+00   341.6	0.0	0.0
  12.21664  0.99599081E+00   341.5	0.0	0.0
  12.22654  0.99600273E+00   341.5	0.0	0.0
  12.23644  0.99580282E+00   341.5	0.0	0.0
  12.24634  0.99596488E+00   341.5	0.0	0.0
  12.25624  0.99584150E+00   341.5	0.0	0.0
  12.26614  0.99588960E+00   341.5	0.0	0.0
  12.27604  0.99556321E+00   341.5	0.0	0.0
  12.28594  0.99573964E+00   341.4	0.0	0.0
  12.29584  0.99567455E+00   341.4	0.0	0.0
  12.30574  0.99560118E+00   341.4	0.0	0.0
  12.31564  0.99562865E+00   341.4	0.0	0.0
  12.32554  0.99588114E+00   341.4	0.0	0.0
  12.33544  0.99585634E+00   341.4	0.0	0.0
  12.34534  0.99573982E+00   341.4	0.0	0.0
  12.35524  0.99557066E+00   341.3	0.0	0.0
  12.36514  0.99546373E+00   341.3	0.0	0.0
  12.37504  0.99561387E+00   341.3	0.0	0.0
  12.38494  0.99550599E+00   341.3	0.0	0.0
  12.39484  0.99571192E+00   341.3	0.0	0.0
  12.40474  0.99556106E+00   341.3	0.0	0.0
  12.41464  0.99550414E+00   341.2	0.0	0.0
  12.42454  0.99566853E+00   341.2	0.0	0.0
  12.43443  0.99535483E+00   341.2	0.0	0.0
  12.44434  0.99544686E+00   341.2	0.0	0.0
  12.45424  0.99524850E+00   341.2	0.0	0.0
  12.46414  0.99529409E+00   341.2	0.0	0.0
  12.47404  0.99538159E+00   341.2	0.0	0.0
  12.48394  0.99491966E+00   341.2	0.0	0.0
  12.49384  0.99514753E+00   341.1	0.0	0.0
  12.50374  0.99530280E+00   341.1	0.0	0.0
  12.51364  0.99508929E+00   341.1	0.0	0.0
  12.52353  0.99531573E+00   341.1	0.0	0.0
  12.53344  0.99531204E+00   341.1	0.0	0.0
  12.54334  0.99528104E+00   341.0	0.0	0.0
  12.55324  0.99537981E+00   341.0	0.0	0.0
  12.56314  0.99496371E+00   341.0	0.0	0.0
  12.57304  0.99490511E+00   341.0	0.0	0.0
  12.58294  0.99537355E+00   341.0	0.0	0.0
  12.59284  0.99492526E+00   341.0	0.0	0.0
  12.60274  0.99500227E+00   341.0	0.0	0.0
  12.61264  0.99463242E+00   341.0	0.0	0.0
  12.62253  0.99468672E+00   340.9	0.0	0.0
  12.63243  0.99451584E+00   340.9	0.0	0.0
  12.64234  0.99474430E+00   340.9	0.0	0.0
  12.65224  0.99467051E+00   340.9	0.0	0.0
  12.66214  0.99473429E+00   340.9	0.0	0.0
  12.67204  0.99471372E+00   340.9	0.0	0.0
  12.68194  0.99440777E+00   340.9	0.0	0.0
  12.69184  0.99445516E+00   340.8	0.0	0.0
  12.70174  0.99470633E+00   340.8	0.0	0.0
  12.71164  0.99432766E+00   340.8	0.0	0.0
  12.72153  0.99430376E+00   340.8	0.0	0.0
  12.73143  0.99433261E+00   340.8	0.0	0.0
  12.74134  0.99446839E+00   340.7	0.0	0.0
  12.75123  0.99432808E+00   340.7	0.0	0.0
  12.76114  0.99441159E+00   340.7	0.0	0.0
  12.77104  0.99432254E+00   340.7	0.0	0.0
  12.78093  0.99438637E+00   340.7	0.0	0.0
  12.79084  0.99462849E+00   340.7	0.0	0.0
  12.80074  0.99417615E+00   340.7	0.0	0.0
  12.81063  0.99395090E+00   340.6	0.0	0.0
  12.82053  0.99417770E+00   340.6	0.0	0.0
  12.83043  0.99409014E+00   340.6	0.0	0.0
  12.84033  0.99396986E+00   340.6	0.0	0.0
  12.85023  0.99406725E+00   340.6	0.0	0.0
  12.86014  0.99396533E+00   340.6	0.0	0.0
  12.87003  0.99371094E+00   340.5	0.0	0.0
  12.87994  0.99365431E+00   340.5	0.0	0.0
  12.88984  0.99335289E+00   340.5	0.0	0.0
  12.89974  0.99344742E+00   340.5	0.0	0.0
  12.90964  0.99357760E+00   340.5	0.0	0.0
  12.91953  0.99317354E+00   340.5	0.0	0.0
  12.92943  0.99368769E+00   340.5	0.0	0.0
  12.93934  0.99359751E+00   340.4	0.0	0.0
  12.94924  0.99364281E+00   340.4	0.0	0.0
  12.95914  0.99305099E+00   340.4	0.0	0.0
  12.96903  0.99346000E+00   340.4	0.0	0.0
  12.97894  0.99310905E+00   340.4	0.0	0.0
  12.98884  0.99354970E+00   340.4	0.0	0.0
  12.99873  0.99316829E+00   340.3	0.0	0.0
  13.00863  0.99317759E+00   340.3	0.0	0.0
  13.01853  0.99296606E+00   340.3	0.0	0.0
  13.02843  0.99306887E+00   340.3	0.0	0.0
  13.03833  0.99307895E+00   340.3	0.0	0.0
  13.04823  0.99317771E+00   340.3	0.0	0.0
  13.05813  0.99277478E+00   340.3	0.0	0.0
  13.06803  0.99285877E+00   340.2	0.0	0.0
  13.07793  0.99298978E+00   340.2	0.0	0.0
  13.08783  0.99291044E+00   340.2	0.0	0.0
  13.09774  0.99257755E+00   340.2	0.0	0.0
  13.10763  0.99291104E+00   340.2	0.0	0.0
  13.11753  0.99308163E+00   340.2	0.0	0.0
  13.12743  0.99292421E+00   340.1	0.0	0.0
  13.13733  0.99263787E+00   340.1	0.0	0.0
  13.14723  0.99242371E+00   340.1	0.0	0.0
  13.15713  0.99293524E+00   340.1	0.0	0.0
  13.16703  0.99263847E+00   340.1	0.0	0.0
  13.17694  0.99266291E+00   340.1	0.0	0.0
  13.18683  0.99249548E+00   340.1	0.0	0.0
  13.19673  0.99256319E+00   340.0	0.0	0.0
  13.20663  0.99242425E+00   340.0	0.0	0.0
  13.21653  0.99255228E+00   340.0	0.0	0.0
  13.22643  0.99269038E+00   340.0	0.0	0.0
  13.23633  0.99268365E+00   340.0	0.0	0.0
  13.24623  0.99237740E+00   340.0	0.0	0.0
  13.25613  0.99252665E+00   339.9	0.0	0.0
  13.26603  0.99245763E+00   339.9	0.0	0.0
  13.27593  0.99226403E+00   339.9	0.0	0.0
  13.28583  0.99230510E+00   339.9	0.0	0.0
  13.29573  0.99260324E+00   339.9	0.0	0.0
  13.30563  0.99230367E+00   339.9	0.0	0.0
  13.31553  0.99255389E+00   339.9	0.0	0.0
  13.32543  0.99220985E+00   339.8	0.0	0.0
  13.33533  0.99220657E+00   339.8	0.0	0.0
  13.34523  0.99232358E+00   339.8	0.0	0.0
  13.35513  0.99224448E+00   339.8	0.0	0.0
  13.36503  0.99220949E+00   339.8	0.0	0.0
  13.37493  0.99212301E+00   339.8	0.0	0.0
  13.38483  0.99231821E+00   339.8	0.0	0.0
  13.39473  0.99244851E+00   339.7	0.0	0.0
  13.40463  0.99224317E+00   339.7	0.0	0.0
  13.41453  0.99204820E+00   339.7	0.0	0.0
  13.42443  0.99223226E+00   339.7	0.0	0.0
  13.43433  0.99196088E+00   339.7	0.0	0.0
  13.44423  0.99221265E+00   339.6	0.0	0.0
  13.45413  0.99211305E+00   339.6	0.0	0.0
  13.46403  0.99190462E+00   339.6	0.0	0.0
  13.47393  0.99213707E+00   339.6	0.0	0.0
  13.48383  0.99196512E+00   339.6	0.0	0.0
  13.49373  0.99220210E+00   339.6	0.0	0.0
  13.50363  0.99228543E+00   339.6	0.0	0.0
  13.51353  0.99218976E+00   339.5	0.0	0.0
  13.52343  0.99202985E+00   339.5	0.0	0.0
  13.53333  0.99198455E+00   339.5	0.0	0.0
  13.54323  0.99206078E+00   339.5	0.0	0.0
  13.55313  0.99187618E+00   339.5	0.0	0.0
  13.56303  0.99174982E+00   339.5	0.0	0.0
  13.57293  0.99195725E+00   339.4	0.0	0.0
  13.58283  0.99206859E+00   339.4	0.0	0.0
  13.59273  0.99190634E+00   339.4	0.0	0.0
  13.60263  0.99206680E+00   339.4	0.0	0.0
  13.61253  0.99205893E+00   339.4	0.0	0.0
  13.62243  0.99197924E+00   339.4	0.0	0.0
  13.63233  0.99202293E+00   339.4	0.0	0.0
  13.64223  0.99184364E+00   339.3	0.0	0.0
  13.65213  0.99190593E+00   339.3	0.0	0.0
  13.66203  0.99190331E+00   339.3	0.0	0.0
  13.67193  0.99192536E+00   339.3	0.0	0.0
  13.68183  0.99180925E+00   339.3	0.0	0.0
  13.69173  0.99173313E+00   339.3	0.0	0.0
  13.70163  0.99171692E+00   339.2	0.0	0.0
  13.71153  0.99180037E+00   339.2	0.0	0.0
  13.72143  0.99179232E+00   339.2	0.0	0.0
  13.73133  0.99180639E+00   339.2	0.0	0.0
  13.74123  0.99156606E+00   339.2	0.0	0.0
  13.75113  0.99167794E+00   339.2	0.0	0.0
  13.76103  0.99159008E+00   339.2	0.0	0.0
  13.77093  0.99153543E+00   339.1	0.0	0.0
  13.78083  0.99156821E+00   339.1	0.0	0.0
  13.79073  0.99146283E+00   339.1	0.0	0.0
  13.80063  0.99140358E+00   339.1	0.0	0.0
  13.81053  0.99135399E+00   339.1	0.0	0.0
  13.82043  0.99137396E+00   339.1	0.0	0.0
  13.83033  0.99150097E+00   339.1	0.0	0.0
  13.84023  0.99126834E+00   339.0	0.0	0.0
  13.85013  0.99140602E+00   339.0	0.0	0.0
  13.86003  0.99115014E+00   339.0	0.0	0.0
  13.86993  0.99104697E+00   339.0	0.0	0.0
  13.87983  0.99125451E+00   339.0	0.0	0.0
  13.88973  0.99105293E+00   339.0	0.0	0.0
  13.89963  0.99117291E+00   338.9	0.0	0.0
  13.90953  0.99088454E+00   338.9	0.0	0.0
  13.91943  0.99081630E+00   338.9	0.0	0.0
  13.92933  0.99096680E+00   338.9	0.0	0.0
  13.93923  0.99058062E+00   338.9	0.0	0.0
  13.94913  0.99086744E+00   338.9	0.0	0.0
  13.95903  0.99093080E+00   338.8	0.0	0.0
  13.96893  0.99066299E+00   338.8	0.0	0.0
  13.97883  0.99076718E+00   338.8	0.0	0.0
  13.98873  0.99069858E+00   338.8	0.0	0.0
  13.99863  0.99032038E+00   338.8	0.0	0.0
  14.00853  0.99061096E+00   338.8	0.0	0.0
  14.01843  0.99053335E+00   338.8	0.0	0.0
  14.02833  0.99034077E+00   338.7	0.0	0.0
  14.03823  0.99033654E+00   338.7	0.0	0.0
  14.04813  0.99021256E+00   338.7	0.0	0.0
  14.05803  0.99062663E+00   338.7	0.0	0.0
  14.06793  0.99050641E+00   338.7	0.0	0.0
  14.07783  0.99031502E+00   338.7	0.0	0.0
  14.08773  0.99041563E+00   338.6	0.0	0.0
  14.09763  0.99026549E+00   338.6	0.0	0.0
  14.10753  0.99002564E+00   338.6	0.0	0.0
  14.11743  0.99000508E+00   338.6	0.0	0.0
  14.12733  0.99014336E+00   338.6	0.0	0.0
  14.13723  0.99000061E+00   338.6	0.0	0.0
  14.14713  0.98980004E+00   338.6	0.0	0.0
  14.15703  0.98976320E+00   338.5	0.0	0.0
  14.16693  0.98980892E+00   338.5	0.0	0.0
  14.17683  0.98973441E+00   338.5	0.0	0.0
  14.18673  0.98977578E+00   338.5	0.0	0.0
  14.19663  0.98930818E+00   338.5	0.0	0.0
  14.20653  0.98951733E+00   338.5	0.0	0.0
  14.21643  0.98943585E+00   338.5	0.0	0.0
  14.22633  0.98956650E+00   338.4	0.0	0.0
  14.23623  0.98964685E+00   338.4	0.0	0.0
  14.24613  0.98954940E+00   338.4	0.0	0.0
  14.25603  0.98933953E+00   338.4	0.0	0.0
  14.26593  0.98957396E+00   338.4	0.0	0.0
  14.27583  0.98940700E+00   338.4	0.0	0.0
  14.28573  0.98921847E+00   338.3	0.0	0.0
  14.29563  0.98894644E+00   338.3	0.0	0.0
  14.30553  0.98904836E+00   338.3	0.0	0.0
  14.31543  0.98906666E+00   338.3	0.0	0.0
  14.32533  0.98904318E+00   338.3	0.0	0.0
  14.33523  0.98881006E+00   338.3	0.0	0.0
  14.34513  0.98873514E+00   338.3	0.0	0.0
  14.35503  0.98902684E+00   338.2	0.0	0.0
  14.36493  0.98882383E+00   338.2	0.0	0.0
  14.37483  0.98884243E+00   338.2	0.0	0.0
  14.38473  0.98875678E+00   338.2	0.0	0.0
  14.39463  0.98859000E+00   338.2	0.0	0.0
  14.40453  0.98861575E+00   338.2	0.0	0.0
  14.41443  0.98888391E+00   338.1	0.0	0.0
  14.42433  0.98850262E+00   338.2	0.0	0.0
  14.43423  0.98849130E+00   338.1	0.0	0.0
  14.44413  0.98834634E+00   338.1	0.0	0.0
  14.45403  0.98851520E+00   338.1	0.0	0.0
  14.46393  0.98835433E+00   338.1	0.0	0.0
  14.47383  0.98840636E+00   338.0	0.0	0.0
  14.48373  0.98846161E+00   338.0	0.0	0.0
  14.49363  0.98843068E+00   338.0	0.0	0.0
  14.50353  0.98847681E+00   338.0	0.0	0.0
  14.51343  0.98847657E+00   338.0	0.0	0.0
  14.52333  0.98824781E+00   338.0	0.0	0.0
  14.53322  0.98835510E+00   338.0	0.0	0.0
  14.54313  0.98845482E+00   338.0	0.0	0.0
  14.55302  0.98822099E+00   337.9	0.0	0.0
  14.56293  0.98797536E+00   337.9	0.0	0.0
  14.57283  0.98811388E+00   337.9	0.0	0.0
  14.58273  0.98814958E+00   337.9	0.0	0.0
  14.59263  0.98828030E+00   337.9	0.0	0.0
  14.60253  0.98838699E+00   337.9	0.0	0.0
  14.61243  0.98819840E+00   337.8	0.0	0.0
  14.62232  0.98793709E+00   337.8	0.0	0.0
  14.63223  0.98819965E+00   337.8	0.0	0.0
  14.64213  0.98807049E+00   337.8	0.0	0.0
  14.65203  0.98777086E+00   337.8	0.0	0.0
  14.66192  0.98790163E+00   337.8	0.0	0.0
  14.67182  0.98797023E+00   337.8	0.0	0.0
  14.68173  0.98790503E+00   337.7	0.0	0.0
  14.69162  0.98784947E+00   337.7	0.0	0.0
  14.70153  0.98824406E+00   337.7	0.0	0.0
  14.71143  0.98770082E+00   337.7	0.0	0.0
  14.72133  0.98763496E+00   337.7	0.0	0.0
  14.73123  0.98769724E+00   337.7	0.0	0.0
  14.74112  0.98773289E+00   337.6	0.0	0.0
  14.75102  0.98748380E+00   337.7	0.0	0.0
  14.76093  0.98803145E+00   337.6	0.0	0.0
  14.77082  0.98803395E+00   337.6	0.0	0.0
  14.78072  0.98800635E+00   337.6	0.0	0.0
  14.79062  0.98752576E+00   337.6	0.0	0.0
  14.80052  0.98784757E+00   337.6	0.0	0.0
  14.81042  0.98758590E+00   337.5	0.0	0.0
  14.82032  0.98753756E+00   337.5	0.0	0.0
  14.83022  0.98782557E+00   337.5	0.0	0.0
  14.84013  0.98758543E+00   337.5	0.0	0.0
  14.85003  0.98760015E+00   337.5	0.0	0.0
  14.85993  0.98763502E+00   337.5	0.0	0.0
  14.86982  0.98754156E+00   337.5	0.0	0.0
  14.87973  0.98764682E+00   337.4	0.0	0.0
  14.88962  0.98719347E+00   337.4	0.0	0.0
  14.89952  0.98751634E+00   337.4	0.0	0.0
  14.90942  0.98730940E+00   337.4	0.0	0.0
  14.91933  0.98729736E+00   337.4	0.0	0.0
  14.92922  0.98728234E+00   337.4	0.0	0.0
  14.93912  0.98736542E+00   337.3	0.0	0.0
  14.94903  0.98709130E+00   337.3	0.0	0.0
  14.95893  0.98737878E+00   337.3	0.0	0.0
  14.96882  0.98721004E+00   337.3	0.0	0.0
  14.97873  0.98720020E+00   337.3	0.0	0.0
  14.98862  0.98709857E+00   337.3	0.0	0.0
  14.99852  0.98699981E+00   337.3	0.0	0.0
  15.00842  0.98691565E+00   337.2	0.0	0.0
  15.01832  0.98698127E+00   337.2	0.0	0.0
  15.02822  0.98704582E+00   337.2	0.0	0.0
  15.03812  0.98702258E+00   337.2	0.0	0.0
  15.04803  0.98697597E+00   337.2	0.0	0.0
  15.05793  0.98678452E+00   337.2	0.0	0.0
  15.06782  0.98677671E+00   337.2	0.0	0.0
  15.07772  0.98684555E+00   337.1	0.0	0.0
  15.08762  0.98630816E+00   337.1	0.0	0.0
  15.09752  0.98655629E+00   337.1	0.0	0.0
  15.10742  0.98639572E+00   337.1	0.0	0.0
  15.11732  0.98644501E+00   337.1	0.0	0.0
  15.12722  0.98648995E+00   337.1	0.0	0.0
  15.13712  0.98637015E+00   337.0	0.0	0.0
  15.14702  0.98632306E+00   337.0	0.0	0.0
  15.15692  0.98631841E+00   337.0	0.0	0.0
  15.16682  0.98644775E+00   337.0	0.0	0.0
  15.17672  0.98623621E+00   337.0	0.0	0.0
  15.18662  0.98617947E+00   337.0	0.0	0.0
  15.19652  0.98612982E+00   337.0	0.0	0.0
  15.20642  0.98618549E+00   336.9	0.0	0.0
  15.21632  0.98625892E+00   336.9	0.0	0.0
  15.22622  0.98599774E+00   336.9	0.0	0.0
  15.23612  0.98603147E+00   336.9	0.0	0.0
  15.24602  0.98565376E+00   336.9	0.0	0.0
  15.25592  0.98580939E+00   336.9	0.0	0.0
  15.26582  0.98574835E+00   336.9	0.0	0.0
  15.27572  0.98554951E+00   336.8	0.0	0.0
  15.28562  0.98580945E+00   336.8	0.0	0.0
  15.29552  0.98573953E+00   336.8	0.0	0.0
  15.30542  0.98570955E+00   336.8	0.0	0.0
  15.31532  0.98549759E+00   336.8	0.0	0.0
  15.32522  0.98540157E+00   336.8	0.0	0.0
  15.33512  0.98550171E+00   336.7	0.0	0.0
  15.34502  0.98540336E+00   336.7	0.0	0.0
  15.35492  0.98567623E+00   336.7	0.0	0.0
  15.36482  0.98539728E+00   336.7	0.0	0.0
  15.37472  0.98557794E+00   336.7	0.0	0.0
  15.38462  0.98531687E+00   336.7	0.0	0.0
  15.39452  0.98525143E+00   336.7	0.0	0.0
  15.40442  0.98508883E+00   336.7	0.0	0.0
  15.41432  0.98506731E+00   336.6	0.0	0.0
  15.42422  0.98498619E+00   336.6	0.0	0.0
  15.43412  0.98497921E+00   336.6	0.0	0.0
  15.44402  0.98501122E+00   336.6	0.0	0.0
  15.45392  0.98501170E+00   336.6	0.0	0.0
  15.46382  0.98462093E+00   336.6	0.0	0.0
  15.47372  0.98477596E+00   336.5	0.0	0.0
  15.48362  0.98490405E+00   336.5	0.0	0.0
  15.49352  0.98483205E+00   336.5	0.0	0.0
  15.50342  0.98466033E+00   336.5	0.0	0.0
  15.51332  0.98448497E+00   336.5	0.0	0.0
  15.52322  0.98472691E+00   336.5	0.0	0.0
  15.53312  0.98480642E+00   336.5	0.0	0.0
  15.54302  0.98469633E+00   336.4	0.0	0.0
  15.55292  0.98468035E+00   336.4	0.0	0.0
  15.56282  0.98469418E+00   336.4	0.0	0.0
  15.57272  0.98457849E+00   336.4	0.0	0.0
  15.58262  0.98452771E+00   336.4	0.0	0.0
  15.59252  0.98463660E+00   336.4	0.0	0.0
  15.60242  0.98467499E+00   336.3	0.0	0.0
  15.61232  0.98455489E+00   336.3	0.0	0.0
  15.62222  0.98446339E+00   336.3	0.0	0.0
  15.63212  0.98421520E+00   336.3	0.0	0.0
  15.64202  0.98439097E+00   336.3	0.0	0.0
  15.65192  0.98431349E+00   336.3	0.0	0.0
  15.66182  0.98404944E+00   336.2	0.0	0.0
  15.67172  0.98412555E+00   336.2	0.0	0.0
  15.68162  0.98436552E+00   336.2	0.0	0.0
  15.69152  0.98424131E+00   336.2	0.0	0.0
  15.70142  0.98409635E+00   336.2	0.0	0.0
  15.71132  0.98437399E+00   336.2	0.0	0.0
  15.72122  0.98427463E+00   336.2	0.0	0.0
  15.73112  0.98412043E+00   336.1	0.0	0.0
  15.74102  0.98414528E+00   336.1	0.0	0.0
  15.75092  0.98425913E+00   336.1	0.0	0.0
  15.76082  0.98417795E+00   336.1	0.0	0.0
  15.77072  0.98430341E+00   336.1	0.0	0.0
  15.78062  0.98454142E+00   336.1	0.0	0.0
  15.79052  0.98427153E+00   336.0	0.0	0.0
  15.80042  0.98419553E+00   336.0	0.0	0.0
  15.81032  0.98425609E+00   336.0	0.0	0.0
  15.82022  0.98417217E+00   336.0	0.0	0.0
  15.83012  0.98444551E+00   336.0	0.0	0.0
  15.84002  0.98409700E+00   336.0	0.0	0.0
  15.84992  0.98418128E+00   336.0	0.0	0.0
  15.85982  0.98399764E+00   336.0	0.0	0.0
  15.86972  0.98398519E+00   335.9	0.0	0.0
  15.87962  0.98387837E+00   335.9	0.0	0.0
  15.88952  0.98378474E+00   335.9	0.0	0.0
  15.89942  0.98395991E+00   335.9	0.0	0.0
  15.90932  0.98397607E+00   335.9	0.0	0.0
  15.91922  0.98355728E+00   335.9	0.0	0.0
  15.92912  0.98367465E+00   335.8	0.0	0.0
  15.93902  0.98356855E+00   335.8	0.0	0.0
  15.94892  0.98325354E+00   335.8	0.0	0.0
  15.95882  0.98320925E+00   335.8	0.0	0.0
  15.96872  0.98274559E+00   335.8	0.0	0.0
  15.97862  0.98308003E+00   335.8	0.0	0.0
  15.98852  0.98307037E+00   335.7	0.0	0.0
  15.99842  0.98288053E+00   335.7	0.0	0.0
  16.00832  0.98291922E+00   335.7	0.0	0.0
  16.01822  0.98239034E+00   335.7	0.0	0.0
  16.02812  0.98230278E+00   335.7	0.0	0.0
  16.03802  0.98189062E+00   335.7	0.0	0.0
  16.04792  0.98172873E+00   335.7	0.0	0.0
  16.05782  0.98173326E+00   335.6	0.0	0.0
  16.06772  0.98119295E+00   335.6	0.0	0.0
  16.07762  0.98114020E+00   335.6	0.0	0.0
  16.08752  0.98077232E+00   335.6	0.0	0.0
  16.09742  0.98061138E+00   335.6	0.0	0.0
  16.10732  0.98039627E+00   335.6	0.0	0.0
  16.11722  0.97990608E+00   335.6	0.0	0.0
  16.12712  0.97941649E+00   335.5	0.0	0.0
  16.13702  0.97904241E+00   335.5	0.0	0.0
  16.14692  0.97881532E+00   335.5	0.0	0.0
  16.15682  0.97832525E+00   335.5	0.0	0.0
  16.16672  0.97773367E+00   335.5	0.0	0.0
  16.17662  0.97784990E+00   335.5	0.0	0.0
  16.18652  0.97716057E+00   335.5	0.0	0.0
  16.19642  0.97684544E+00   335.4	0.0	0.0
  16.20632  0.97620326E+00   335.4	0.0	0.0
  16.21622  0.97520280E+00   335.4	0.0	0.0
  16.22612  0.97465515E+00   335.4	0.0	0.0
  16.23602  0.97401291E+00   335.4	0.0	0.0
  16.24592  0.97326106E+00   335.4	0.0	0.0
  16.25582  0.97236365E+00   335.3	0.0	0.0
  16.26572  0.97190666E+00   335.3	0.0	0.0
  16.27562  0.97117281E+00   335.3	0.0	0.0
  16.28552  0.97050869E+00   335.3	0.0	0.0
  16.29542  0.96982604E+00   335.3	0.0	0.0
  16.30532  0.96874732E+00   335.3	0.0	0.0
  16.31522  0.96755672E+00   335.3	0.0	0.0
  16.32512  0.96660775E+00   335.2	0.0	0.0
  16.33502  0.96554571E+00   335.2	0.0	0.0
  16.34492  0.96463239E+00   335.2	0.0	0.0
  16.35482  0.96354002E+00   335.2	0.0	0.0
  16.36472  0.96235144E+00   335.2	0.0	0.0
  16.37462  0.96157664E+00   335.2	0.0	0.0
  16.38452  0.96013987E+00   335.2	0.0	0.0
  16.39441  0.95935917E+00   335.1	0.0	0.0
  16.40431  0.95785534E+00   335.1	0.0	0.0
  16.41422  0.95633888E+00   335.1	0.0	0.0
  16.42412  0.95476431E+00   335.1	0.0	0.0
  16.43402  0.95314687E+00   335.1	0.0	0.0
  16.44391  0.95175576E+00   335.1	0.0	0.0
  16.45382  0.95027453E+00   335.0	0.0	0.0
  16.46372  0.94861972E+00   335.0	0.0	0.0
  16.47361  0.94734091E+00   335.0	0.0	0.0
  16.48351  0.94547945E+00   335.0	0.0	0.0
  16.49342  0.94431806E+00   335.0	0.0	0.0
  16.50332  0.94245696E+00   335.0	0.0	0.0
  16.51321  0.94028419E+00   335.0	0.0	0.0
  16.52312  0.93834561E+00   334.9	0.0	0.0
  16.53302  0.93637270E+00   334.9	0.0	0.0
  16.54292  0.93422210E+00   334.9	0.0	0.0
  16.55282  0.93190140E+00   334.9	0.0	0.0
  16.56272  0.93005234E+00   334.9	0.0	0.0
  16.57262  0.92783254E+00   334.9	0.0	0.0
  16.58251  0.92570305E+00   334.9	0.0	0.0
  16.59242  0.92388034E+00   334.8	0.0	0.0
  16.60232  0.92174524E+00   334.8	0.0	0.0
  16.61221  0.91869730E+00   334.8	0.0	0.0
  16.62212  0.91609025E+00   334.8	0.0	0.0
  16.63202  0.91346645E+00   334.8	0.0	0.0
  16.64192  0.91081649E+00   334.8	0.0	0.0
  16.65181  0.90811419E+00   334.7	0.0	0.0
  16.66172  0.90530759E+00   334.7	0.0	0.0
  16.67162  0.90292448E+00   334.7	0.0	0.0
  16.68151  0.90014809E+00   334.7	0.0	0.0
  16.69142  0.89763427E+00   334.7	0.0	0.0
  16.70131  0.89505595E+00   334.7	0.0	0.0
  16.71122  0.89173114E+00   334.7	0.0	0.0
  16.72112  0.88838792E+00   334.6	0.0	0.0
  16.73102  0.88488907E+00   334.6	0.0	0.0
  16.74092  0.88173461E+00   334.6	0.0	0.0
  16.75082  0.87829453E+00   334.6	0.0	0.0
  16.76071  0.87515426E+00   334.6	0.0	0.0
  16.77061  0.87185580E+00   334.6	0.0	0.0
  16.78052  0.86859792E+00   334.6	0.0	0.0
  16.79041  0.86521673E+00   334.5	0.0	0.0
  16.80031  0.86200494E+00   334.5	0.0	0.0
  16.81022  0.85754883E+00   334.5	0.0	0.0
  16.82011  0.85371351E+00   334.5	0.0	0.0
  16.83001  0.84967977E+00   334.5	0.0	0.0
  16.83992  0.84586406E+00   334.5	0.0	0.0
  16.84982  0.84195369E+00   334.5	0.0	0.0
  16.85972  0.83788788E+00   334.4	0.0	0.0
  16.86961  0.83420825E+00   334.4	0.0	0.0
  16.87952  0.83003378E+00   334.4	0.0	0.0
  16.88941  0.82637221E+00   334.4	0.0	0.0
  16.89932  0.82254595E+00   334.4	0.0	0.0
  16.90921  0.81783736E+00   334.4	0.0	0.0
  16.91912  0.81318474E+00   334.4	0.0	0.0
  16.92901  0.80846560E+00   334.3	0.0	0.0
  16.93891  0.80357397E+00   334.3	0.0	0.0
  16.94881  0.79903340E+00   334.3	0.0	0.0
  16.95871  0.79477775E+00   334.3	0.0	0.0
  16.96862  0.78997445E+00   334.3	0.0	0.0
  16.97851  0.78562504E+00   334.3	0.0	0.0
  16.98841  0.78128654E+00   334.2	0.0	0.0
  16.99831  0.77673203E+00   334.2	0.0	0.0
  17.00821  0.77136213E+00   334.2	0.0	0.0
  17.01811  0.76618332E+00   334.2	0.0	0.0
  17.02801  0.76093709E+00   334.2	0.0	0.0
  17.03792  0.75584698E+00   334.2	0.0	0.0
  17.04782  0.75071186E+00   334.2	0.0	0.0
  17.05771  0.74547714E+00   334.1	0.0	0.0
  17.06762  0.74031109E+00   334.1	0.0	0.0
  17.07751  0.73531073E+00   334.1	0.0	0.0
  17.08742  0.73042411E+00   334.1	0.0	0.0
  17.09731  0.72527713E+00   334.1	0.0	0.0
  17.10722  0.71990043E+00   334.1	0.0	0.0
  17.11711  0.71387666E+00   334.1	0.0	0.0
  17.12701  0.70820504E+00   334.0	0.0	0.0
  17.13691  0.70250601E+00   334.0	0.0	0.0
  17.14681  0.69682306E+00   334.0	0.0	0.0
  17.15672  0.69102329E+00   334.0	0.0	0.0
  17.16661  0.68575162E+00   334.0	0.0	0.0
  17.17652  0.68019384E+00   334.0	0.0	0.0
  17.18641  0.67460877E+00   333.9	0.0	0.0
  17.19631  0.66919422E+00   333.9	0.0	0.0
  17.20621  0.66340458E+00   333.9	0.0	0.0
  17.21611  0.65711278E+00   333.9	0.0	0.0
  17.22601  0.65092468E+00   333.9	0.0	0.0
  17.23591  0.64505047E+00   333.9	0.0	0.0
  17.24582  0.63891584E+00   333.8	0.0	0.0
  17.25571  0.63295901E+00   333.8	0.0	0.0
  17.26561  0.62726659E+00   333.8	0.0	0.0
  17.27551  0.62124127E+00   333.8	0.0	0.0
  17.28541  0.61556548E+00   333.8	0.0	0.0
  17.29531  0.60982531E+00   333.8	0.0	0.0
  17.30521  0.60358340E+00   333.8	0.0	0.0
  17.31511  0.59715337E+00   333.7	0.0	0.0
  17.32501  0.59086961E+00   333.7	0.0	0.0
  17.33491  0.58434129E+00   333.7	0.0	0.0
  17.34481  0.57829970E+00   333.7	0.0	0.0
  17.35471  0.57196254E+00   333.7	0.0	0.0
  17.36461  0.56583518E+00   333.7	0.0	0.0
  17.37451  0.55992389E+00   333.7	0.0	0.0
  17.38441  0.55396169E+00   333.6	0.0	0.0
  17.39431  0.54797375E+00   333.6	0.0	0.0
  17.40421  0.54179263E+00   333.6	0.0	0.0
  17.41411  0.53529984E+00   333.6	0.0	0.0
  17.42401  0.52881628E+00   333.6	0.0	0.0
  17.43391  0.52235681E+00   333.6	0.0	0.0
  17.44381  0.51605886E+00   333.6	0.0	0.0
  17.45371  0.50977325E+00   333.6	0.0	0.0
  17.46361  0.50371116E+00   333.5	0.0	0.0
  17.47351  0.49758604E+00   333.5	0.0	0.0
  17.48341  0.49150231E+00   333.5	0.0	0.0
  17.49331  0.48558322E+00   333.5	0.0	0.0
  17.50321  0.47946215E+00   333.5	0.0	0.0
  17.51311  0.47287542E+00   333.4	0.0	0.0
  17.52301  0.46642777E+00   333.5	0.0	0.0
  17.53291  0.46024388E+00   333.4	0.0	0.0
  17.54281  0.45366949E+00   333.4	0.0	0.0
  17.55271  0.44764176E+00   333.4	0.0	0.0
  17.56261  0.44164988E+00   333.4	0.0	0.0
  17.57251  0.43551528E+00   333.4	0.0	0.0
  17.58241  0.42946786E+00   333.3	0.0	0.0
  17.59231  0.42373481E+00   333.3	0.0	0.0
  17.60221  0.41783994E+00   333.3	0.0	0.0
  17.61211  0.41162652E+00   333.3	0.0	0.0
  17.62201  0.40514624E+00   333.3	0.0	0.0
  17.63191  0.39901197E+00   333.3	0.0	0.0
  17.64181  0.39313725E+00   333.3	0.0	0.0
  17.65171  0.38708535E+00   333.2	0.0	0.0
  17.66161  0.38114661E+00   333.3	0.0	0.0
  17.67151  0.37541714E+00   333.2	0.0	0.0
  17.68141  0.36972448E+00   333.2	0.0	0.0
  17.69131  0.36400205E+00   333.2	0.0	0.0
  17.70121  0.35849038E+00   333.2	0.0	0.0
  17.71111  0.35254064E+00   333.2	0.0	0.0
  17.72101  0.34647015E+00   333.1	0.0	0.0
  17.73091  0.34063262E+00   333.1	0.0	0.0
  17.74081  0.33475024E+00   333.1	0.0	0.0
  17.75071  0.32918295E+00   333.1	0.0	0.0
  17.76061  0.32360300E+00   333.1	0.0	0.0
  17.77051  0.31820661E+00   333.0	0.0	0.0
  17.78041  0.31284481E+00   333.1	0.0	0.0
  17.79031  0.30753854E+00   333.1	0.0	0.0
  17.80021  0.30246487E+00   333.0	0.0	0.0
  17.81011  0.29689476E+00   333.0	0.0	0.0
  17.82001  0.29129013E+00   333.0	0.0	0.0
  17.82991  0.28582862E+00   333.0	0.0	0.0
  17.83981  0.28045467E+00   333.0	0.0	0.0
  17.84971  0.27531582E+00   332.9	0.0	0.0
  17.85961  0.27003947E+00   332.9	0.0	0.0
  17.86951  0.26517361E+00   332.9	0.0	0.0
  17.87941  0.26016679E+00   332.9	0.0	0.0
  17.88931  0.25558823E+00   332.9	0.0	0.0
  17.89921  0.25077647E+00   332.9	0.0	0.0
  17.90911  0.24558806E+00   332.9	0.0	0.0
  17.91901  0.24054818E+00   332.8	0.0	0.0
  17.92891  0.23566297E+00   332.8	0.0	0.0
  17.93881  0.23079817E+00   332.8	0.0	0.0
  17.94871  0.22616318E+00   332.8	0.0	0.0
  17.95861  0.22150791E+00   332.8	0.0	0.0
  17.96851  0.21701564E+00   332.8	0.0	0.0
  17.97841  0.21261576E+00   332.8	0.0	0.0
  17.98831  0.20831873E+00   332.7	0.0	0.0
  17.99821  0.20404325E+00   332.7	0.0	0.0
  18.00811  0.19964027E+00   332.7	0.0	0.0
  18.01801  0.19514950E+00   332.7	0.0	0.0
  18.02791  0.19072136E+00   332.7	0.0	0.0
  18.03781  0.18634678E+00   332.7	0.0	0.0
  18.04771  0.18216269E+00   332.6	0.0	0.0
  18.05761  0.17831366E+00   332.7	0.0	0.0
  18.06751  0.17420313E+00   332.6	0.0	0.0
  18.07741  0.17031662E+00   332.6	0.0	0.0
  18.08731  0.16665307E+00   332.6	0.0	0.0
  18.09721  0.16289903E+00   332.6	0.0	0.0
  18.10711  0.15912430E+00   332.6	0.0	0.0
  18.11701  0.15528041E+00   332.6	0.0	0.0
  18.12691  0.15146668E+00   332.6	0.0	0.0
  18.13681  0.14761712E+00   332.6	0.0	0.0
  18.14671  0.14420468E+00   332.5	0.0	0.0
  18.15661  0.14063890E+00   332.5	0.0	0.0
  18.16651  0.13723090E+00   332.5	0.0	0.0
  18.17641  0.13392550E+00   332.4	0.0	0.0
  18.18631  0.13063577E+00   332.4	0.0	0.0
  18.19621  0.12738705E+00   332.4	0.0	0.0
  18.20611  0.12416297E+00   332.5	0.0	0.0
  18.21601  0.12091473E+00   332.4	0.0	0.0
  18.22591  0.11759496E+00   332.3	0.0	0.0
  18.23581  0.11453793E+00   332.4	0.0	0.0
  18.24571  0.11155798E+00   332.3	0.0	0.0
  18.25561  0.10884483E+00   332.4	0.0	0.0
  18.26551  0.10570014E+00   332.4	0.0	0.0
  18.27541  0.10295892E+00   332.5	0.0	0.0
  18.28531  0.10032540E+00   332.3	0.0	0.0
  18.29521  0.97485073E-01   332.3	0.0	0.0
  18.30511  0.94876766E-01   332.3	0.0	0.0
  18.31501  0.92179418E-01   332.2	0.0	0.0
  18.32491  0.89588158E-01   332.3	0.0	0.0
  18.33481  0.86898014E-01   332.2	0.0	0.0
  18.34471  0.84597692E-01   332.3	0.0	0.0
  18.35461  0.81925265E-01   332.3	0.0	0.0
  18.36451  0.79916425E-01   332.3	0.0	0.0
  18.37441  0.77260084E-01   332.2	0.0	0.0
  18.38430  0.75018488E-01   332.0	0.0	0.0
  18.39421  0.72988026E-01   332.2	0.0	0.0
  18.40411  0.70818454E-01   332.3	0.0	0.0
  18.41401  0.68708688E-01   332.1	0.0	0.0
  18.42390  0.66617019E-01   332.1	0.0	0.0
  18.43381  0.64384222E-01   332.1	0.0	0.0
  18.44370  0.62631264E-01   332.2	0.0	0.0
  18.45361  0.60429692E-01   332.0	0.0	0.0
  18.46350  0.58565434E-01   332.0	0.0	0.0
  18.47341  0.56784894E-01   332.0	0.0	0.0
  18.48331  0.55055942E-01   331.9	0.0	0.0
  18.49321  0.53352755E-01   332.2	0.0	0.0
  18.50311  0.51652826E-01   331.9	0.0	0.0
  18.51300  0.50010931E-01   331.9	0.0	0.0
  18.52291  0.48339631E-01   332.1	0.0	0.0
  18.53281  0.46554722E-01   331.9	0.0	0.0
  18.54271  0.45157462E-01   332.0	0.0	0.0
  18.55261  0.43539841E-01   331.9	0.0	0.0
  18.56251  0.42023879E-01   332.1	0.0	0.0
  18.57241  0.40693518E-01   332.1	0.0	0.0
  18.58231  0.39253172E-01   331.8	0.0	0.0
  18.59220  0.38052335E-01   332.0	0.0	0.0
  18.60211  0.36593229E-01   331.7	0.0	0.0
  18.61201  0.35256606E-01   331.8	0.0	0.0
  18.62191  0.34221567E-01   331.7	0.0	0.0
  18.63181  0.32983094E-01   331.7	0.0	0.0
  18.64170  0.31504381E-01   332.2	0.0	0.0
  18.65160  0.30517394E-01   331.5	0.0	0.0
  18.66150  0.29471414E-01   331.5	0.0	0.0
  18.67141  0.28192218E-01   331.6	0.0	0.0
  18.68131  0.27539136E-01   331.4	0.0	0.0
  18.69121  0.26246149E-01   331.6	0.0	0.0
  18.70111  0.25487369E-01   331.8	0.0	0.0
  18.71100  0.24198472E-01   331.8	0.0	0.0
  18.72091  0.23538781E-01   331.5	0.0	0.0
  18.73080  0.22390941E-01   332.0	0.0	0.0
  18.74070  0.21693354E-01   331.9	0.0	0.0
  18.75060  0.20878408E-01   331.2	0.0	0.0
  18.76050  0.19961316E-01   331.8	0.0	0.0
  18.77040  0.19037684E-01   331.4	0.0	0.0
  18.78030  0.18311884E-01   331.7	0.0	0.0
  18.79021  0.17611444E-01   330.9	0.0	0.0
  18.80010  0.16873837E-01   331.3	0.0	0.0
  18.81001  0.16127519E-01   331.2	0.0	0.0
  18.81991  0.15545871E-01   331.6	0.0	0.0
  18.82981  0.14781496E-01   331.4	0.0	0.0
  18.83971  0.14362967E-01   331.4	0.0	0.0
  18.84960  0.13627893E-01   331.5	0.0	0.0
  18.85951  0.13039628E-01   331.8	0.0	0.0
  18.86940  0.12500457E-01   331.0	0.0	0.0
  18.87930  0.12151491E-01   331.5	0.0	0.0
  18.88920  0.11510067E-01   331.6	0.0	0.0
  18.89910  0.11080002E-01   330.8	0.0	0.0
  18.90900  0.10578195E-01   332.1	0.0	0.0
  18.91891  0.10074492E-01   331.0	0.0	0.0
  18.92881  0.96668862E-02   332.5	0.0	0.0
  18.93870  0.91214767E-02   330.8	0.0	0.0
  18.94861  0.87114600E-02   332.1	0.0	0.0
  18.95850  0.82922373E-02   331.3	0.0	0.0
  18.96840  0.79917563E-02   330.6	0.0	0.0
  18.97830  0.78466069E-02   331.0	0.0	0.0
  18.98820  0.72161206E-02   332.1	0.0	0.0
  18.99810  0.68562925E-02   331.1	0.0	0.0
  19.00800  0.66087013E-02   330.0	0.0	0.0
  19.01790  0.61146100E-02   329.5	0.0	0.0
  19.02780  0.59262561E-02   331.6	0.0	0.0
  19.03770  0.57866350E-02   332.6	0.0	0.0
  19.04760  0.54640169E-02   332.8	0.0	0.0
  19.05750  0.52562542E-02   331.0	0.0	0.0
  19.06740  0.46363459E-02   330.2	0.0	0.0
  19.07730  0.44610836E-02   330.4	0.0	0.0
  19.08720  0.45000166E-02   333.4	0.0	0.0
  19.09710  0.42304881E-02   331.9	0.0	0.0
  19.10700  0.38058471E-02   329.8	0.0	0.0
  19.11690  0.35417546E-02   333.2	0.0	0.0
  19.12680  0.34424516E-02   330.9	0.0	0.0
  19.13670  0.32496578E-02   332.0	0.0	0.0
  19.14660  0.31408044E-02   329.0	0.0	0.0
  19.15650  0.28709676E-02   331.2	0.0	0.0
  19.16640  0.30143140E-02   327.8	0.0	0.0
  19.17630  0.26722825E-02   332.0	0.0	0.0
  19.18620  0.23810707E-02   334.2	0.0	0.0
  19.19610  0.24780536E-02   331.3	0.0	0.0
  19.20600  0.21766953E-02   330.9	0.0	0.0
  19.21590  0.23317281E-02   328.2	0.0	0.0
  19.22581  0.20927498E-02   334.0	0.0	0.0
  19.23570  0.19659055E-02   327.4	0.0	0.0
  19.24560  0.17134224E-02   332.1	0.0	0.0
  19.25550  0.16675335E-02   327.5	0.0	0.0
  19.26540  0.15507600E-02   323.9	0.0	0.0
  19.27530  0.15261872E-02   327.8	0.0	0.0
  19.28520  0.15677972E-02   328.1	0.0	0.0
  19.29510  0.14833004E-02   333.5	0.0	0.0
  19.30500  0.11371124E-02   323.2	0.0	0.0
  19.31490  0.10615749E-02   325.7	0.0	0.0
  19.32480  0.10969175E-02   337.3	0.0	0.0
  19.33470  0.10462899E-02   327.2	0.0	0.0
  19.34460  0.82357333E-03   323.3	0.0	0.0
  19.35450  0.78541751E-03   330.6	0.0	0.0
  19.36440  0.81368786E-03   339.0	0.0	0.0
  19.37430  0.78603823E-03   331.6	0.0	0.0
  19.38420  0.44759022E-03   317.0	0.0	0.0
  19.39410  0.68894395E-03   314.8	0.0	0.0
  19.40400  0.41634653E-03   309.6	0.0	0.0
  19.41390  0.52548380E-03   329.1	0.0	0.0
  19.42380  0.65955846E-03   326.0	0.0	0.0
  19.43370  0.43201441E-03   346.8	0.0	0.0
  19.44360  0.69720036E-03   328.3	0.0	0.0
  19.45350  0.28954394E-03   327.5	0.0	0.0
  19.46340  0.38389006E-03   327.2	0.0	0.0
  19.47330  0.43352330E-03   352.4	0.0	0.0
  19.48320  0.23908367E-03   256.8	0.0	0.0
  19.49310  0.31027378E-03   303.9	0.0	0.0
  19.50300  0.38690449E-03   310.9	0.0	0.0
  19.51290  0.35271823E-03   313.5	0.0	0.0
  19.52280  0.27767441E-03   333.6	0.0	0.0
  19.53270  0.99755198E-04   506.6	0.0	0.0
  19.54260  0.15998389E-03   681.7	0.0	0.0
  19.55250  0.27655845E-03   636.0	0.0	0.0
  19.56240  0.79583406E-04   584.4	0.0	0.0
  19.57230  0.11973279E-03   673.0	0.0	0.0
  19.58220  0.15793425E-03   560.6	0.0	0.0
  19.59210  0.19984011E-03   377.9	0.0	0.0
  19.60200  0.19011454E-03   669.7	0.0	0.0
  19.61190  0.13086463E-03   609.6	0.0	0.0
  19.62180  0.85873660E-04   565.3	0.0	0.0
  19.63170  0.15921393E-03   559.3	0.0	0.0
  19.64160  0.95455762E-04   620.2	0.0	0.0
  19.65150  0.18642868E-03   661.3	0.0	0.0
  19.66140  0.84820218E-04   493.7	0.0	0.0
  19.67130  0.12659621E-03   515.1	0.0	0.0
  19.68120  0.10182271E-03   597.4	0.0	0.0
  19.69110  0.48549802E-04   585.3	0.0	0.0
  19.70100  0.95421710E-04   551.4	0.0	0.0
  19.71090  0.86818276E-04   632.1	0.0	0.0
  19.72080  0.86917658E-04   591.9	0.0	0.0
  19.73070  0.13625225E-03   568.4	0.0	0.0
  19.74060  0.15588319E-04   480.6	0.0	0.0
  19.75050  0.10820231E-03   579.5	0.0	0.0
  19.76040  0.16730446E-04   446.5	0.0	0.0
  19.77030  0.72656439E-04   550.4	0.0	0.0
  19.78020  0.11450160E-03   544.8	0.0	0.0
  19.79010  0.13870891E-03   555.8	0.0	0.0
  19.80000  0.64717184E-04   594.6	0.0	0.0
