# Response file for NV31 BHN
#
# Freq(Hz)     Amp(counts/nm)   Phase(deg)  Error(amp)  Error(phase)
#
 theoretical  0       system    fap   R.Rembold
2000
   0.01000  0.72230840E+00    80.5	0.0	0.0
   0.01990  0.98930568E+00    34.6	0.0	0.0
   0.02980  0.10074403E+01    25.3	0.0	0.0
   0.03970  0.10080365E+01    18.3	0.0	0.0
   0.04960  0.10081946E+01    13.8	0.0	0.0
   0.05950  0.10128858E+01    11.4	0.0	0.0
   0.06940  0.99998903E+00     9.9	0.0	0.0
   0.07930  0.10023972E+01     8.7	0.0	0.0
   0.08920  0.99834901E+00     7.5	0.0	0.0
   0.09910  0.10006263E+01     6.7	0.0	0.0
   0.10900  0.10027189E+01     6.1	0.0	0.0
   0.11890  0.10001001E+01     5.4	0.0	0.0
   0.12880  0.10006024E+01     5.0	0.0	0.0
   0.13870  0.10015837E+01     4.7	0.0	0.0
   0.14860  0.99965316E+00     4.2	0.0	0.0
   0.15850  0.99492788E+00     3.9	0.0	0.0
   0.16840  0.99923927E+00     3.9	0.0	0.0
   0.17830  0.99936825E+00     3.6	0.0	0.0
   0.18820  0.99690187E+00     3.1	0.0	0.0
   0.19810  0.99697119E+00     3.1	0.0	0.0
   0.20800  0.99883580E+00     2.9	0.0	0.0
   0.21790  0.10012491E+01     2.7	0.0	0.0
   0.22780  0.99978346E+00     2.5	0.0	0.0
   0.23770  0.99966747E+00     2.4	0.0	0.0
   0.24760  0.10037982E+01     2.4	0.0	0.0
   0.25750  0.10014853E+01     2.1	0.0	0.0
   0.26740  0.99974722E+00     2.0	0.0	0.0
   0.27730  0.10000736E+01     2.0	0.0	0.0
   0.28720  0.99919933E+00     2.0	0.0	0.0
   0.29710  0.99955392E+00     1.9	0.0	0.0
   0.30700  0.99882913E+00     1.8	0.0	0.0
   0.31690  0.99874645E+00     1.7	0.0	0.0
   0.32680  0.99829638E+00     1.5	0.0	0.0
   0.33670  0.99926293E+00     1.6	0.0	0.0
   0.34660  0.99874747E+00     1.6	0.0	0.0
   0.35650  0.99793154E+00     1.4	0.0	0.0
   0.36640  0.99978888E+00     1.4	0.0	0.0
   0.37630  0.10002817E+01     1.3	0.0	0.0
   0.38620  0.10018301E+01     1.2	0.0	0.0
   0.39610  0.99987280E+00     1.1	0.0	0.0
   0.40600  0.99849153E+00     1.1	0.0	0.0
   0.41590  0.99948353E+00     1.1	0.0	0.0
   0.42580  0.99999708E+00     1.1	0.0	0.0
   0.43570  0.99949443E+00     0.9	0.0	0.0
   0.44560  0.99977958E+00     0.9	0.0	0.0
   0.45550  0.99955857E+00     0.9	0.0	0.0
   0.46540  0.99911940E+00     0.9	0.0	0.0
   0.47530  0.10000134E+01     0.7	0.0	0.0
   0.48520  0.10006969E+01     0.7	0.0	0.0
   0.49510  0.10012333E+01     0.7	0.0	0.0
   0.50500  0.99830902E+00     0.6	0.0	0.0
   0.51490  0.10008185E+01     0.6	0.0	0.0
   0.52480  0.99994862E+00     0.6	0.0	0.0
   0.53470  0.99920291E+00     0.6	0.0	0.0
   0.54460  0.10001768E+01     0.5	0.0	0.0
   0.55450  0.99883616E+00     0.4	0.0	0.0
   0.56440  0.10001972E+01     0.4	0.0	0.0
   0.57430  0.10001792E+01     0.4	0.0	0.0
   0.58420  0.99985850E+00     0.4	0.0	0.0
   0.59410  0.99914873E+00     0.3	0.0	0.0
   0.60400  0.99962533E+00     0.3	0.0	0.0
   0.61390  0.99986571E+00     0.2	0.0	0.0
   0.62380  0.10001373E+01     0.2	0.0	0.0
   0.63370  0.99972910E+00     0.2	0.0	0.0
   0.64360  0.10002155E+01     0.1	0.0	0.0
   0.65350  0.99951565E+00     0.2	0.0	0.0
   0.66340  0.10002313E+01     0.1	0.0	0.0
   0.67330  0.10001076E+01     0.1	0.0	0.0
   0.68320  0.99852055E+00     0.0	0.0	0.0
   0.69310  0.10000157E+01     0.0	0.0	0.0
   0.70300  0.10000374E+01     0.0	0.0	0.0
   0.71290  0.99937797E+00     0.4	0.0	0.0
   0.72280  0.99955046E+00   359.9	0.0	0.0
   0.73270  0.99995375E+00   359.9	0.0	0.0
   0.74260  0.10003558E+01   359.9	0.0	0.0
   0.75250  0.99871194E+00   359.9	0.0	0.0
   0.76240  0.99973583E+00   359.8	0.0	0.0
   0.77230  0.99995434E+00   359.8	0.0	0.0
   0.78220  0.99925715E+00   359.8	0.0	0.0
   0.79210  0.99997228E+00   359.8	0.0	0.0
   0.80200  0.10009038E+01   359.8	0.0	0.0
   0.81190  0.10002097E+01   359.7	0.0	0.0
   0.82180  0.99931824E+00   359.6	0.0	0.0
   0.83170  0.99901032E+00   359.7	0.0	0.0
   0.84160  0.10001357E+01   359.7	0.0	0.0
   0.85150  0.10005816E+01   359.6	0.0	0.0
   0.86140  0.99920833E+00   359.6	0.0	0.0
   0.87130  0.99949849E+00   359.6	0.0	0.0
   0.88120  0.10000700E+01   359.6	0.0	0.0
   0.89110  0.99952483E+00   359.5	0.0	0.0
   0.90100  0.10003517E+01   359.5	0.0	0.0
   0.91090  0.99954867E+00   359.5	0.0	0.0
   0.92080  0.10003939E+01   359.5	0.0	0.0
   0.93070  0.99968559E+00   359.5	0.0	0.0
   0.94060  0.99993920E+00   359.4	0.0	0.0
   0.95050  0.10001251E+01   359.4	0.0	0.0
   0.96040  0.99981976E+00   359.3	0.0	0.0
   0.97030  0.99987000E+00   359.4	0.0	0.0
   0.98020  0.99973607E+00   359.3	0.0	0.0
   0.99010  0.99938536E+00   359.3	0.0	0.0
   1.00000  0.10000000E+01   359.3	0.0	0.0
   1.00989  0.99962866E+00   359.3	0.0	0.0
   1.01979  0.99999487E+00   359.3	0.0	0.0
   1.02969  0.10013191E+01   359.2	0.0	0.0
   1.03959  0.99957079E+00   359.2	0.0	0.0
   1.04949  0.99953860E+00   359.2	0.0	0.0
   1.05939  0.10005374E+01   359.2	0.0	0.0
   1.06929  0.10010674E+01   359.1	0.0	0.0
   1.07919  0.99997419E+00   359.1	0.0	0.0
   1.08909  0.99972892E+00   359.1	0.0	0.0
   1.09899  0.10005000E+01   359.1	0.0	0.0
   1.10889  0.10008526E+01   359.1	0.0	0.0
   1.11879  0.10005934E+01   359.0	0.0	0.0
   1.12869  0.10007107E+01   359.0	0.0	0.0
   1.13859  0.99989069E+00   359.0	0.0	0.0
   1.14849  0.10008113E+01   359.0	0.0	0.0
   1.15839  0.10001357E+01   359.0	0.0	0.0
   1.16829  0.10002950E+01   359.0	0.0	0.0
   1.17819  0.10004117E+01   359.0	0.0	0.0
   1.18809  0.10006303E+01   358.9	0.0	0.0
   1.19799  0.10002028E+01   358.9	0.0	0.0
   1.20789  0.10005413E+01   358.9	0.0	0.0
   1.21779  0.10008466E+01   358.9	0.0	0.0
   1.22769  0.10000309E+01   358.9	0.0	0.0
   1.23759  0.10005015E+01   358.8	0.0	0.0
   1.24749  0.10007727E+01   358.8	0.0	0.0
   1.25739  0.10006042E+01   358.8	0.0	0.0
   1.26729  0.10002635E+01   358.8	0.0	0.0
   1.27719  0.10013193E+01   358.7	0.0	0.0
   1.28709  0.99980694E+00   358.7	0.0	0.0
   1.29699  0.10007912E+01   358.7	0.0	0.0
   1.30689  0.10005732E+01   358.7	0.0	0.0
   1.31679  0.10010537E+01   358.7	0.0	0.0
   1.32669  0.10001974E+01   358.7	0.0	0.0
   1.33659  0.10005606E+01   358.7	0.0	0.0
   1.34649  0.10006659E+01   358.6	0.0	0.0
   1.35639  0.99991858E+00   358.6	0.0	0.0
   1.36629  0.10007255E+01   358.6	0.0	0.0
   1.37619  0.10010002E+01   358.6	0.0	0.0
   1.38609  0.10005729E+01   358.6	0.0	0.0
   1.39599  0.10008130E+01   358.6	0.0	0.0
   1.40589  0.10002189E+01   358.5	0.0	0.0
   1.41579  0.10007725E+01   358.5	0.0	0.0
   1.42569  0.10007043E+01   358.5	0.0	0.0
   1.43559  0.10011404E+01   358.5	0.0	0.0
   1.44549  0.10004313E+01   358.5	0.0	0.0
   1.45539  0.10009490E+01   358.4	0.0	0.0
   1.46529  0.10012336E+01   358.5	0.0	0.0
   1.47519  0.10011405E+01   358.4	0.0	0.0
   1.48509  0.10010600E+01   358.4	0.0	0.0
   1.49499  0.10010511E+01   358.4	0.0	0.0
   1.50489  0.10010926E+01   358.3	0.0	0.0
   1.51479  0.10009694E+01   358.3	0.0	0.0
   1.52469  0.10010523E+01   358.3	0.0	0.0
   1.53459  0.10008672E+01   358.3	0.0	0.0
   1.54449  0.10005223E+01   358.3	0.0	0.0
   1.55439  0.10014067E+01   358.3	0.0	0.0
   1.56429  0.10006418E+01   358.3	0.0	0.0
   1.57419  0.10008407E+01   358.2	0.0	0.0
   1.58409  0.10009142E+01   358.2	0.0	0.0
   1.59399  0.10006043E+01   358.2	0.0	0.0
   1.60389  0.10006461E+01   358.2	0.0	0.0
   1.61379  0.10005199E+01   358.2	0.0	0.0
   1.62369  0.10006930E+01   358.1	0.0	0.0
   1.63359  0.10008014E+01   358.1	0.0	0.0
   1.64349  0.10008904E+01   358.1	0.0	0.0
   1.65339  0.10003412E+01   358.1	0.0	0.0
   1.66329  0.10009059E+01   358.1	0.0	0.0
   1.67319  0.10004382E+01   358.1	0.0	0.0
   1.68309  0.10007995E+01   358.1	0.0	0.0
   1.69299  0.10007213E+01   358.0	0.0	0.0
   1.70289  0.10008301E+01   358.0	0.0	0.0
   1.71279  0.10007393E+01   358.0	0.0	0.0
   1.72269  0.10005794E+01   358.0	0.0	0.0
   1.73259  0.10010062E+01   357.9	0.0	0.0
   1.74249  0.10011957E+01   358.0	0.0	0.0
   1.75239  0.10009034E+01   358.0	0.0	0.0
   1.76229  0.10003514E+01   357.9	0.0	0.0
   1.77219  0.10013800E+01   357.9	0.0	0.0
   1.78209  0.10008274E+01   357.9	0.0	0.0
   1.79199  0.10008136E+01   357.9	0.0	0.0
   1.80189  0.10002438E+01   357.9	0.0	0.0
   1.81179  0.10006173E+01   357.8	0.0	0.0
   1.82169  0.10006047E+01   357.8	0.0	0.0
   1.83159  0.10007942E+01   357.8	0.0	0.0
   1.84149  0.10007442E+01   357.8	0.0	0.0
   1.85139  0.10006238E+01   357.8	0.0	0.0
   1.86129  0.10007396E+01   357.8	0.0	0.0
   1.87119  0.10009305E+01   357.8	0.0	0.0
   1.88109  0.10008109E+01   357.8	0.0	0.0
   1.89099  0.10010709E+01   357.7	0.0	0.0
   1.90089  0.10004730E+01   357.7	0.0	0.0
   1.91079  0.10007528E+01   357.7	0.0	0.0
   1.92069  0.10007949E+01   357.7	0.0	0.0
   1.93059  0.10007737E+01   357.7	0.0	0.0
   1.94049  0.10005387E+01   357.6	0.0	0.0
   1.95039  0.10006776E+01   357.6	0.0	0.0
   1.96029  0.10003926E+01   357.6	0.0	0.0
   1.97019  0.10006627E+01   357.6	0.0	0.0
   1.98009  0.10004007E+01   357.6	0.0	0.0
   1.98999  0.10003957E+01   357.6	0.0	0.0
   1.99989  0.10005651E+01   357.6	0.0	0.0
   2.00979  0.10005255E+01   357.5	0.0	0.0
   2.01969  0.10006535E+01   357.5	0.0	0.0
   2.02959  0.10006731E+01   357.5	0.0	0.0
   2.03949  0.10006647E+01   357.5	0.0	0.0
   2.04939  0.10003401E+01   357.5	0.0	0.0
   2.05929  0.10007043E+01   357.5	0.0	0.0
   2.06919  0.10006449E+01   357.4	0.0	0.0
   2.07909  0.10004685E+01   357.4	0.0	0.0
   2.08899  0.10004381E+01   357.4	0.0	0.0
   2.09889  0.10010374E+01   357.4	0.0	0.0
   2.10879  0.10004752E+01   357.4	0.0	0.0
   2.11869  0.10007930E+01   357.4	0.0	0.0
   2.12859  0.10004205E+01   357.4	0.0	0.0
   2.13849  0.10000716E+01   357.3	0.0	0.0
   2.14839  0.10003737E+01   357.3	0.0	0.0
   2.15829  0.10006837E+01   357.3	0.0	0.0
   2.16819  0.10007396E+01   357.3	0.0	0.0
   2.17809  0.99999291E+00   357.3	0.0	0.0
   2.18799  0.10001588E+01   357.2	0.0	0.0
   2.19789  0.10001863E+01   357.2	0.0	0.0
   2.20779  0.10002837E+01   357.2	0.0	0.0
   2.21769  0.10003446E+01   357.2	0.0	0.0
   2.22759  0.10004958E+01   357.2	0.0	0.0
   2.23749  0.10005870E+01   357.2	0.0	0.0
   2.24739  0.10002480E+01   357.2	0.0	0.0
   2.25729  0.10002623E+01   357.2	0.0	0.0
   2.26719  0.10003797E+01   357.1	0.0	0.0
   2.27709  0.10007247E+01   357.1	0.0	0.0
   2.28699  0.10005554E+01   357.1	0.0	0.0
   2.29689  0.10002762E+01   357.1	0.0	0.0
   2.30679  0.10004700E+01   357.1	0.0	0.0
   2.31669  0.10006254E+01   357.1	0.0	0.0
   2.32659  0.10005099E+01   357.0	0.0	0.0
   2.33649  0.10007968E+01   357.0	0.0	0.0
   2.34639  0.10004560E+01   357.0	0.0	0.0
   2.35629  0.10003302E+01   357.0	0.0	0.0
   2.36619  0.10006367E+01   357.0	0.0	0.0
   2.37609  0.10002490E+01   357.0	0.0	0.0
   2.38599  0.10004505E+01   356.9	0.0	0.0
   2.39589  0.10008085E+01   356.9	0.0	0.0
   2.40579  0.10009193E+01   356.9	0.0	0.0
   2.41569  0.10003726E+01   356.9	0.0	0.0
   2.42559  0.10002776E+01   356.9	0.0	0.0
   2.43549  0.10003878E+01   356.9	0.0	0.0
   2.44539  0.10005597E+01   356.8	0.0	0.0
   2.45529  0.10007387E+01   356.8	0.0	0.0
   2.46519  0.10006486E+01   356.8	0.0	0.0
   2.47509  0.10005431E+01   356.8	0.0	0.0
   2.48499  0.10007617E+01   356.8	0.0	0.0
   2.49489  0.10006419E+01   356.8	0.0	0.0
   2.50479  0.10007344E+01   356.8	0.0	0.0
   2.51469  0.10009897E+01   356.7	0.0	0.0
   2.52459  0.10004750E+01   356.7	0.0	0.0
   2.53449  0.10007550E+01   356.7	0.0	0.0
   2.54439  0.10007838E+01   356.7	0.0	0.0
   2.55429  0.10005759E+01   356.7	0.0	0.0
   2.56419  0.10008911E+01   356.7	0.0	0.0
   2.57409  0.10006034E+01   356.7	0.0	0.0
   2.58399  0.10008172E+01   356.6	0.0	0.0
   2.59389  0.10009587E+01   356.6	0.0	0.0
   2.60379  0.10010746E+01   356.6	0.0	0.0
   2.61369  0.10008596E+01   356.6	0.0	0.0
   2.62359  0.10006562E+01   356.6	0.0	0.0
   2.63349  0.10004836E+01   356.6	0.0	0.0
   2.64339  0.10008657E+01   356.5	0.0	0.0
   2.65329  0.10009334E+01   356.5	0.0	0.0
   2.66319  0.10009905E+01   356.5	0.0	0.0
   2.67309  0.10009488E+01   356.5	0.0	0.0
   2.68299  0.10012031E+01   356.5	0.0	0.0
   2.69289  0.10010462E+01   356.5	0.0	0.0
   2.70279  0.10008402E+01   356.4	0.0	0.0
   2.71269  0.10008607E+01   356.5	0.0	0.0
   2.72259  0.10011364E+01   356.4	0.0	0.0
   2.73249  0.10007874E+01   356.4	0.0	0.0
   2.74239  0.10012777E+01   356.4	0.0	0.0
   2.75229  0.10011603E+01   356.4	0.0	0.0
   2.76219  0.10010778E+01   356.4	0.0	0.0
   2.77209  0.10009372E+01   356.4	0.0	0.0
   2.78199  0.10006939E+01   356.3	0.0	0.0
   2.79189  0.10008893E+01   356.3	0.0	0.0
   2.80179  0.10013481E+01   356.3	0.0	0.0
   2.81169  0.10015230E+01   356.3	0.0	0.0
   2.82159  0.10012939E+01   356.3	0.0	0.0
   2.83149  0.10009620E+01   356.3	0.0	0.0
   2.84139  0.10011748E+01   356.3	0.0	0.0
   2.85129  0.10010554E+01   356.3	0.0	0.0
   2.86119  0.10011659E+01   356.2	0.0	0.0
   2.87109  0.10008091E+01   356.2	0.0	0.0
   2.88099  0.10014653E+01   356.2	0.0	0.0
   2.89089  0.10011964E+01   356.2	0.0	0.0
   2.90079  0.10015000E+01   356.2	0.0	0.0
   2.91069  0.10013870E+01   356.1	0.0	0.0
   2.92059  0.10012095E+01   356.1	0.0	0.0
   2.93049  0.10011162E+01   356.1	0.0	0.0
   2.94039  0.10012769E+01   356.1	0.0	0.0
   2.95028  0.10013721E+01   356.1	0.0	0.0
   2.96019  0.10010382E+01   356.0	0.0	0.0
   2.97008  0.10011621E+01   356.0	0.0	0.0
   2.97998  0.10014068E+01   356.0	0.0	0.0
   2.98988  0.10013255E+01   356.0	0.0	0.0
   2.99978  0.10014038E+01   356.0	0.0	0.0
   3.00968  0.10012923E+01   356.0	0.0	0.0
   3.01958  0.10013942E+01   356.0	0.0	0.0
   3.02948  0.10012439E+01   356.0	0.0	0.0
   3.03938  0.10013484E+01   356.0	0.0	0.0
   3.04928  0.10010661E+01   356.0	0.0	0.0
   3.05918  0.10016031E+01   355.9	0.0	0.0
   3.06908  0.10012224E+01   355.9	0.0	0.0
   3.07898  0.10013871E+01   355.9	0.0	0.0
   3.08888  0.10016273E+01   355.9	0.0	0.0
   3.09878  0.10013493E+01   355.9	0.0	0.0
   3.10868  0.10015094E+01   355.8	0.0	0.0
   3.11858  0.10013629E+01   355.8	0.0	0.0
   3.12848  0.10016598E+01   355.8	0.0	0.0
   3.13838  0.10012617E+01   355.8	0.0	0.0
   3.14828  0.10012947E+01   355.8	0.0	0.0
   3.15818  0.10013351E+01   355.8	0.0	0.0
   3.16808  0.10013361E+01   355.8	0.0	0.0
   3.17798  0.10017139E+01   355.7	0.0	0.0
   3.18788  0.10015029E+01   355.7	0.0	0.0
   3.19778  0.10010997E+01   355.7	0.0	0.0
   3.20768  0.10012972E+01   355.7	0.0	0.0
   3.21758  0.10011865E+01   355.7	0.0	0.0
   3.22748  0.10012075E+01   355.6	0.0	0.0
   3.23738  0.10011467E+01   355.7	0.0	0.0
   3.24728  0.10016904E+01   355.6	0.0	0.0
   3.25718  0.10014615E+01   355.6	0.0	0.0
   3.26708  0.10010099E+01   355.6	0.0	0.0
   3.27698  0.10011573E+01   355.6	0.0	0.0
   3.28688  0.10013661E+01   355.6	0.0	0.0
   3.29678  0.10011942E+01   355.5	0.0	0.0
   3.30668  0.10011445E+01   355.5	0.0	0.0
   3.31658  0.10011730E+01   355.5	0.0	0.0
   3.32648  0.10011462E+01   355.5	0.0	0.0
   3.33638  0.10012341E+01   355.5	0.0	0.0
   3.34628  0.10011700E+01   355.5	0.0	0.0
   3.35618  0.10009854E+01   355.5	0.0	0.0
   3.36608  0.10012084E+01   355.5	0.0	0.0
   3.37598  0.10009781E+01   355.4	0.0	0.0
   3.38588  0.10011153E+01   355.4	0.0	0.0
   3.39578  0.10012181E+01   355.4	0.0	0.0
   3.40568  0.10009676E+01   355.4	0.0	0.0
   3.41558  0.10013618E+01   355.4	0.0	0.0
   3.42548  0.10010103E+01   355.4	0.0	0.0
   3.43538  0.10011263E+01   355.4	0.0	0.0
   3.44528  0.10011764E+01   355.3	0.0	0.0
   3.45518  0.10011255E+01   355.3	0.0	0.0
   3.46508  0.10009584E+01   355.3	0.0	0.0
   3.47498  0.10007515E+01   355.3	0.0	0.0
   3.48488  0.10010285E+01   355.3	0.0	0.0
   3.49478  0.10009853E+01   355.3	0.0	0.0
   3.50468  0.10011699E+01   355.2	0.0	0.0
   3.51458  0.10009440E+01   355.2	0.0	0.0
   3.52448  0.10009624E+01   355.2	0.0	0.0
   3.53438  0.10011427E+01   355.2	0.0	0.0
   3.54428  0.10010324E+01   355.2	0.0	0.0
   3.55418  0.10006588E+01   355.2	0.0	0.0
   3.56408  0.10010519E+01   355.2	0.0	0.0
   3.57398  0.10009177E+01   355.2	0.0	0.0
   3.58388  0.10010417E+01   355.1	0.0	0.0
   3.59378  0.10008762E+01   355.1	0.0	0.0
   3.60368  0.10008119E+01   355.1	0.0	0.0
   3.61358  0.10010900E+01   355.1	0.0	0.0
   3.62348  0.10009555E+01   355.1	0.0	0.0
   3.63338  0.10014685E+01   355.0	0.0	0.0
   3.64328  0.10007348E+01   355.0	0.0	0.0
   3.65318  0.10006124E+01   355.0	0.0	0.0
   3.66308  0.10008979E+01   355.0	0.0	0.0
   3.67298  0.10011245E+01   355.0	0.0	0.0
   3.68288  0.10009005E+01   355.0	0.0	0.0
   3.69278  0.10009221E+01   355.0	0.0	0.0
   3.70268  0.10009289E+01   354.9	0.0	0.0
   3.71258  0.10008364E+01   354.9	0.0	0.0
   3.72248  0.10009677E+01   354.9	0.0	0.0
   3.73238  0.10010163E+01   354.9	0.0	0.0
   3.74228  0.10010614E+01   354.9	0.0	0.0
   3.75218  0.10009736E+01   354.9	0.0	0.0
   3.76208  0.10010451E+01   354.9	0.0	0.0
   3.77198  0.10010040E+01   354.9	0.0	0.0
   3.78188  0.10009723E+01   354.8	0.0	0.0
   3.79178  0.10011220E+01   354.8	0.0	0.0
   3.80168  0.10009614E+01   354.8	0.0	0.0
   3.81158  0.10008178E+01   354.8	0.0	0.0
   3.82148  0.10008285E+01   354.8	0.0	0.0
   3.83138  0.10009608E+01   354.7	0.0	0.0
   3.84128  0.10012197E+01   354.7	0.0	0.0
   3.85118  0.10012088E+01   354.7	0.0	0.0
   3.86108  0.10010446E+01   354.7	0.0	0.0
   3.87098  0.10010712E+01   354.7	0.0	0.0
   3.88088  0.10011992E+01   354.7	0.0	0.0
   3.89078  0.10011802E+01   354.7	0.0	0.0
   3.90068  0.10012393E+01   354.7	0.0	0.0
   3.91058  0.10007733E+01   354.7	0.0	0.0
   3.92048  0.10012696E+01   354.6	0.0	0.0
   3.93038  0.10009674E+01   354.6	0.0	0.0
   3.94028  0.10016894E+01   354.6	0.0	0.0
   3.95018  0.10013976E+01   354.6	0.0	0.0
   3.96008  0.10011173E+01   354.6	0.0	0.0
   3.96998  0.10009066E+01   354.6	0.0	0.0
   3.97988  0.10007293E+01   354.5	0.0	0.0
   3.98978  0.10011394E+01   354.5	0.0	0.0
   3.99968  0.10009179E+01   354.5	0.0	0.0
   4.00958  0.10013433E+01   354.5	0.0	0.0
   4.01948  0.10009481E+01   354.5	0.0	0.0
   4.02938  0.10014988E+01   354.5	0.0	0.0
   4.03928  0.10015943E+01   354.5	0.0	0.0
   4.04918  0.10012504E+01   354.4	0.0	0.0
   4.05908  0.10013355E+01   354.4	0.0	0.0
   4.06898  0.10014880E+01   354.4	0.0	0.0
   4.07888  0.10011829E+01   354.4	0.0	0.0
   4.08878  0.10014198E+01   354.4	0.0	0.0
   4.09868  0.10010581E+01   354.4	0.0	0.0
   4.10858  0.10012920E+01   354.3	0.0	0.0
   4.11848  0.10013509E+01   354.3	0.0	0.0
   4.12838  0.10016034E+01   354.3	0.0	0.0
   4.13828  0.10013019E+01   354.3	0.0	0.0
   4.14818  0.10012760E+01   354.3	0.0	0.0
   4.15808  0.10017157E+01   354.3	0.0	0.0
   4.16798  0.10011955E+01   354.3	0.0	0.0
   4.17788  0.10013996E+01   354.2	0.0	0.0
   4.18778  0.10012070E+01   354.2	0.0	0.0
   4.19768  0.10010879E+01   354.2	0.0	0.0
   4.20758  0.10014993E+01   354.2	0.0	0.0
   4.21748  0.10016618E+01   354.2	0.0	0.0
   4.22738  0.10015248E+01   354.1	0.0	0.0
   4.23728  0.10014063E+01   354.1	0.0	0.0
   4.24718  0.10014983E+01   354.1	0.0	0.0
   4.25708  0.10018215E+01   354.1	0.0	0.0
   4.26698  0.10015998E+01   354.1	0.0	0.0
   4.27688  0.10015821E+01   354.1	0.0	0.0
   4.28678  0.10012411E+01   354.1	0.0	0.0
   4.29668  0.10015460E+01   354.0	0.0	0.0
   4.30658  0.10014012E+01   354.1	0.0	0.0
   4.31648  0.10016446E+01   354.0	0.0	0.0
   4.32638  0.10014564E+01   354.0	0.0	0.0
   4.33628  0.10016040E+01   354.0	0.0	0.0
   4.34618  0.10015714E+01   354.0	0.0	0.0
   4.35608  0.10017828E+01   354.0	0.0	0.0
   4.36598  0.10017496E+01   354.0	0.0	0.0
   4.37588  0.10018570E+01   354.0	0.0	0.0
   4.38578  0.10018798E+01   353.9	0.0	0.0
   4.39568  0.10013111E+01   353.9	0.0	0.0
   4.40558  0.10016069E+01   353.9	0.0	0.0
   4.41548  0.10015252E+01   353.9	0.0	0.0
   4.42538  0.10015156E+01   353.9	0.0	0.0
   4.43528  0.10015522E+01   353.8	0.0	0.0
   4.44518  0.10016744E+01   353.8	0.0	0.0
   4.45508  0.10014970E+01   353.8	0.0	0.0
   4.46498  0.10017380E+01   353.8	0.0	0.0
   4.47488  0.10015433E+01   353.8	0.0	0.0
   4.48478  0.10015961E+01   353.8	0.0	0.0
   4.49468  0.10017052E+01   353.8	0.0	0.0
   4.50458  0.10013666E+01   353.7	0.0	0.0
   4.51448  0.10016390E+01   353.7	0.0	0.0
   4.52438  0.10014091E+01   353.7	0.0	0.0
   4.53428  0.10016468E+01   353.7	0.0	0.0
   4.54418  0.10016026E+01   353.7	0.0	0.0
   4.55408  0.10016845E+01   353.7	0.0	0.0
   4.56398  0.10017055E+01   353.6	0.0	0.0
   4.57388  0.10015515E+01   353.7	0.0	0.0
   4.58378  0.10017123E+01   353.6	0.0	0.0
   4.59368  0.10014898E+01   353.6	0.0	0.0
   4.60358  0.10016050E+01   353.6	0.0	0.0
   4.61348  0.10014271E+01   353.6	0.0	0.0
   4.62338  0.10012265E+01   353.6	0.0	0.0
   4.63328  0.10014158E+01   353.5	0.0	0.0
   4.64318  0.10014302E+01   353.5	0.0	0.0
   4.65308  0.10014830E+01   353.5	0.0	0.0
   4.66298  0.10016229E+01   353.5	0.0	0.0
   4.67288  0.10018138E+01   353.5	0.0	0.0
   4.68278  0.10015343E+01   353.5	0.0	0.0
   4.69268  0.10012593E+01   353.5	0.0	0.0
   4.70258  0.10010041E+01   353.5	0.0	0.0
   4.71248  0.10014364E+01   353.4	0.0	0.0
   4.72238  0.10012329E+01   353.4	0.0	0.0
   4.73228  0.10014248E+01   353.4	0.0	0.0
   4.74218  0.10014462E+01   353.4	0.0	0.0
   4.75208  0.10012088E+01   353.4	0.0	0.0
   4.76198  0.10011085E+01   353.4	0.0	0.0
   4.77188  0.10011371E+01   353.3	0.0	0.0
   4.78178  0.10010231E+01   353.3	0.0	0.0
   4.79168  0.10011244E+01   353.3	0.0	0.0
   4.80158  0.10011634E+01   353.3	0.0	0.0
   4.81148  0.10012393E+01   353.3	0.0	0.0
   4.82138  0.10013393E+01   353.3	0.0	0.0
   4.83128  0.10012778E+01   353.3	0.0	0.0
   4.84118  0.10014279E+01   353.2	0.0	0.0
   4.85108  0.10011587E+01   353.2	0.0	0.0
   4.86098  0.10007282E+01   353.2	0.0	0.0
   4.87087  0.10011027E+01   353.2	0.0	0.0
   4.88078  0.10009643E+01   353.2	0.0	0.0
   4.89068  0.10011504E+01   353.2	0.0	0.0
   4.90058  0.10010186E+01   353.2	0.0	0.0
   4.91048  0.10011138E+01   353.1	0.0	0.0
   4.92038  0.10009679E+01   353.1	0.0	0.0
   4.93027  0.10011187E+01   353.1	0.0	0.0
   4.94018  0.10009894E+01   353.1	0.0	0.0
   4.95008  0.10008614E+01   353.1	0.0	0.0
   4.95998  0.10008192E+01   353.1	0.0	0.0
   4.96987  0.10008003E+01   353.1	0.0	0.0
   4.97977  0.10009046E+01   353.0	0.0	0.0
   4.98968  0.10007935E+01   353.0	0.0	0.0
   4.99957  0.10008693E+01   353.0	0.0	0.0
   5.00947  0.10007852E+01   353.0	0.0	0.0
   5.01937  0.10009302E+01   353.0	0.0	0.0
   5.02927  0.10006033E+01   353.0	0.0	0.0
   5.03917  0.10008217E+01   352.9	0.0	0.0
   5.04907  0.10005211E+01   352.9	0.0	0.0
   5.05897  0.10007282E+01   352.9	0.0	0.0
   5.06887  0.10006804E+01   352.9	0.0	0.0
   5.07877  0.10007615E+01   352.9	0.0	0.0
   5.08867  0.10007666E+01   352.9	0.0	0.0
   5.09857  0.10005175E+01   352.9	0.0	0.0
   5.10847  0.10006267E+01   352.8	0.0	0.0
   5.11837  0.10006274E+01   352.8	0.0	0.0
   5.12827  0.10006623E+01   352.8	0.0	0.0
   5.13817  0.10008574E+01   352.8	0.0	0.0
   5.14807  0.10009772E+01   352.8	0.0	0.0
   5.15797  0.10005293E+01   352.8	0.0	0.0
   5.16787  0.10008299E+01   352.7	0.0	0.0
   5.17777  0.10007557E+01   352.7	0.0	0.0
   5.18767  0.10006785E+01   352.7	0.0	0.0
   5.19757  0.10009130E+01   352.7	0.0	0.0
   5.20747  0.10006453E+01   352.7	0.0	0.0
   5.21737  0.10008216E+01   352.7	0.0	0.0
   5.22727  0.10007766E+01   352.7	0.0	0.0
   5.23717  0.10006049E+01   352.7	0.0	0.0
   5.24707  0.10009273E+01   352.6	0.0	0.0
   5.25697  0.10009716E+01   352.6	0.0	0.0
   5.26687  0.10006835E+01   352.6	0.0	0.0
   5.27677  0.10005099E+01   352.6	0.0	0.0
   5.28667  0.10009685E+01   352.6	0.0	0.0
   5.29657  0.10007204E+01   352.6	0.0	0.0
   5.30647  0.10009011E+01   352.5	0.0	0.0
   5.31637  0.10008606E+01   352.5	0.0	0.0
   5.32627  0.10010390E+01   352.5	0.0	0.0
   5.33617  0.10007817E+01   352.5	0.0	0.0
   5.34607  0.10010198E+01   352.5	0.0	0.0
   5.35597  0.10005929E+01   352.5	0.0	0.0
   5.36587  0.10010037E+01   352.5	0.0	0.0
   5.37577  0.10008895E+01   352.4	0.0	0.0
   5.38567  0.10010183E+01   352.4	0.0	0.0
   5.39557  0.10009072E+01   352.4	0.0	0.0
   5.40547  0.10009905E+01   352.4	0.0	0.0
   5.41537  0.10010004E+01   352.4	0.0	0.0
   5.42527  0.10007772E+01   352.4	0.0	0.0
   5.43517  0.10008739E+01   352.4	0.0	0.0
   5.44507  0.10011003E+01   352.3	0.0	0.0
   5.45497  0.10010301E+01   352.3	0.0	0.0
   5.46487  0.10008820E+01   352.3	0.0	0.0
   5.47477  0.10010195E+01   352.3	0.0	0.0
   5.48467  0.10010794E+01   352.3	0.0	0.0
   5.49457  0.10009588E+01   352.2	0.0	0.0
   5.50447  0.10007403E+01   352.2	0.0	0.0
   5.51437  0.10011566E+01   352.2	0.0	0.0
   5.52427  0.10009404E+01   352.2	0.0	0.0
   5.53417  0.10009969E+01   352.2	0.0	0.0
   5.54407  0.10011953E+01   352.2	0.0	0.0
   5.55397  0.10009003E+01   352.2	0.0	0.0
   5.56387  0.10009121E+01   352.2	0.0	0.0
   5.57377  0.10012088E+01   352.2	0.0	0.0
   5.58367  0.10007954E+01   352.1	0.0	0.0
   5.59357  0.10009805E+01   352.1	0.0	0.0
   5.60347  0.10010141E+01   352.1	0.0	0.0
   5.61337  0.10009816E+01   352.1	0.0	0.0
   5.62327  0.10010535E+01   352.1	0.0	0.0
   5.63317  0.10009027E+01   352.1	0.0	0.0
   5.64307  0.10009639E+01   352.0	0.0	0.0
   5.65297  0.10012352E+01   352.0	0.0	0.0
   5.66287  0.10010438E+01   352.0	0.0	0.0
   5.67277  0.10011712E+01   352.0	0.0	0.0
   5.68267  0.10009066E+01   352.0	0.0	0.0
   5.69257  0.10009243E+01   352.0	0.0	0.0
   5.70247  0.10011690E+01   351.9	0.0	0.0
   5.71237  0.10010626E+01   351.9	0.0	0.0
   5.72227  0.10013388E+01   351.9	0.0	0.0
   5.73217  0.10008254E+01   351.9	0.0	0.0
   5.74207  0.10012134E+01   351.9	0.0	0.0
   5.75197  0.10014186E+01   351.9	0.0	0.0
   5.76187  0.10009756E+01   351.9	0.0	0.0
   5.77177  0.10011272E+01   351.8	0.0	0.0
   5.78167  0.10014162E+01   351.8	0.0	0.0
   5.79157  0.10014232E+01   351.8	0.0	0.0
   5.80147  0.10009074E+01   351.8	0.0	0.0
   5.81137  0.10011828E+01   351.8	0.0	0.0
   5.82127  0.10010171E+01   351.8	0.0	0.0
   5.83117  0.10011698E+01   351.8	0.0	0.0
   5.84107  0.10009992E+01   351.8	0.0	0.0
   5.85097  0.10010351E+01   351.7	0.0	0.0
   5.86087  0.10009173E+01   351.7	0.0	0.0
   5.87077  0.10011921E+01   351.7	0.0	0.0
   5.88067  0.10011314E+01   351.7	0.0	0.0
   5.89057  0.10009912E+01   351.7	0.0	0.0
   5.90047  0.10012574E+01   351.7	0.0	0.0
   5.91037  0.10009097E+01   351.6	0.0	0.0
   5.92027  0.10010116E+01   351.6	0.0	0.0
   5.93017  0.10008155E+01   351.6	0.0	0.0
   5.94007  0.10010487E+01   351.6	0.0	0.0
   5.94997  0.10009866E+01   351.6	0.0	0.0
   5.95987  0.10008609E+01   351.6	0.0	0.0
   5.96977  0.10009887E+01   351.6	0.0	0.0
   5.97967  0.10010186E+01   351.5	0.0	0.0
   5.98957  0.10008726E+01   351.5	0.0	0.0
   5.99947  0.10009297E+01   351.5	0.0	0.0
   6.00937  0.10007296E+01   351.5	0.0	0.0
   6.01927  0.10009077E+01   351.5	0.0	0.0
   6.02917  0.10006391E+01   351.5	0.0	0.0
   6.03907  0.10009494E+01   351.4	0.0	0.0
   6.04897  0.10006461E+01   351.4	0.0	0.0
   6.05887  0.10008849E+01   351.4	0.0	0.0
   6.06877  0.10007498E+01   351.4	0.0	0.0
   6.07867  0.10009646E+01   351.4	0.0	0.0
   6.08857  0.10007368E+01   351.4	0.0	0.0
   6.09847  0.10006430E+01   351.3	0.0	0.0
   6.10837  0.10006948E+01   351.4	0.0	0.0
   6.11827  0.10007622E+01   351.3	0.0	0.0
   6.12817  0.10007178E+01   351.3	0.0	0.0
   6.13807  0.10005237E+01   351.3	0.0	0.0
   6.14797  0.10005836E+01   351.3	0.0	0.0
   6.15787  0.10003268E+01   351.3	0.0	0.0
   6.16777  0.10005431E+01   351.2	0.0	0.0
   6.17767  0.10004565E+01   351.3	0.0	0.0
   6.18757  0.10005783E+01   351.2	0.0	0.0
   6.19747  0.10005325E+01   351.2	0.0	0.0
   6.20737  0.10002511E+01   351.2	0.0	0.0
   6.21727  0.10005870E+01   351.2	0.0	0.0
   6.22717  0.10005134E+01   351.2	0.0	0.0
   6.23707  0.10000067E+01   351.1	0.0	0.0
   6.24697  0.10006605E+01   351.1	0.0	0.0
   6.25687  0.10001947E+01   351.1	0.0	0.0
   6.26677  0.10003597E+01   351.1	0.0	0.0
   6.27667  0.10001628E+01   351.1	0.0	0.0
   6.28657  0.10003564E+01   351.1	0.0	0.0
   6.29647  0.99994344E+00   351.1	0.0	0.0
   6.30637  0.10001340E+01   351.1	0.0	0.0
   6.31627  0.10000589E+01   351.0	0.0	0.0
   6.32617  0.10001916E+01   351.0	0.0	0.0
   6.33607  0.10002654E+01   351.0	0.0	0.0
   6.34597  0.10000315E+01   351.0	0.0	0.0
   6.35587  0.10000812E+01   351.0	0.0	0.0
   6.36577  0.10002059E+01   351.0	0.0	0.0
   6.37567  0.99995160E+00   350.9	0.0	0.0
   6.38557  0.99976981E+00   350.9	0.0	0.0
   6.39547  0.99991149E+00   350.9	0.0	0.0
   6.40537  0.10002033E+01   350.9	0.0	0.0
   6.41527  0.99986970E+00   350.9	0.0	0.0
   6.42517  0.99986213E+00   350.9	0.0	0.0
   6.43507  0.99992627E+00   350.8	0.0	0.0
   6.44497  0.99996781E+00   350.8	0.0	0.0
   6.45487  0.10000253E+01   350.8	0.0	0.0
   6.46477  0.99975049E+00   350.8	0.0	0.0
   6.47467  0.10001204E+01   350.8	0.0	0.0
   6.48457  0.10000385E+01   350.8	0.0	0.0
   6.49447  0.99976051E+00   350.8	0.0	0.0
   6.50437  0.99997526E+00   350.7	0.0	0.0
   6.51427  0.10001261E+01   350.7	0.0	0.0
   6.52417  0.99982482E+00   350.7	0.0	0.0
   6.53407  0.99947971E+00   350.7	0.0	0.0
   6.54397  0.99967539E+00   350.7	0.0	0.0
   6.55387  0.99974895E+00   350.7	0.0	0.0
   6.56377  0.99977291E+00   350.7	0.0	0.0
   6.57367  0.99962276E+00   350.6	0.0	0.0
   6.58357  0.99972618E+00   350.6	0.0	0.0
   6.59347  0.99990487E+00   350.6	0.0	0.0
   6.60337  0.99998605E+00   350.6	0.0	0.0
   6.61327  0.99983203E+00   350.6	0.0	0.0
   6.62317  0.99981648E+00   350.6	0.0	0.0
   6.63307  0.99976116E+00   350.6	0.0	0.0
   6.64297  0.99995697E+00   350.5	0.0	0.0
   6.65287  0.99989831E+00   350.5	0.0	0.0
   6.66277  0.99987048E+00   350.5	0.0	0.0
   6.67267  0.99997139E+00   350.5	0.0	0.0
   6.68257  0.99981129E+00   350.5	0.0	0.0
   6.69247  0.99975413E+00   350.5	0.0	0.0
   6.70237  0.99981946E+00   350.4	0.0	0.0
   6.71227  0.10000166E+01   350.4	0.0	0.0
   6.72217  0.99986672E+00   350.4	0.0	0.0
   6.73207  0.99950469E+00   350.4	0.0	0.0
   6.74197  0.99980003E+00   350.4	0.0	0.0
   6.75187  0.99974364E+00   350.4	0.0	0.0
   6.76177  0.10000547E+01   350.3	0.0	0.0
   6.77167  0.99960405E+00   350.4	0.0	0.0
   6.78157  0.99988335E+00   350.3	0.0	0.0
   6.79147  0.99999315E+00   350.3	0.0	0.0
   6.80137  0.99981046E+00   350.3	0.0	0.0
   6.81127  0.99974698E+00   350.3	0.0	0.0
   6.82117  0.99986398E+00   350.3	0.0	0.0
   6.83107  0.99978340E+00   350.3	0.0	0.0
   6.84097  0.99994522E+00   350.2	0.0	0.0
   6.85087  0.10000426E+01   350.2	0.0	0.0
   6.86076  0.99942899E+00   350.2	0.0	0.0
   6.87067  0.99983305E+00   350.2	0.0	0.0
   6.88057  0.99955589E+00   350.2	0.0	0.0
   6.89047  0.99975908E+00   350.2	0.0	0.0
   6.90037  0.10000306E+01   350.1	0.0	0.0
   6.91026  0.99972820E+00   350.1	0.0	0.0
   6.92017  0.99973357E+00   350.1	0.0	0.0
   6.93007  0.99982232E+00   350.1	0.0	0.0
   6.93997  0.10001458E+01   350.1	0.0	0.0
   6.94986  0.10002007E+01   350.1	0.0	0.0
   6.95976  0.99979591E+00   350.1	0.0	0.0
   6.96966  0.99996513E+00   350.0	0.0	0.0
   6.97956  0.99984986E+00   350.0	0.0	0.0
   6.98946  0.99997962E+00   350.0	0.0	0.0
   6.99936  0.99980360E+00   350.0	0.0	0.0
   7.00926  0.99972773E+00   350.0	0.0	0.0
   7.01916  0.10000291E+01   350.0	0.0	0.0
   7.02906  0.99993730E+00   349.9	0.0	0.0
   7.03896  0.99961257E+00   349.9	0.0	0.0
   7.04886  0.99976426E+00   349.9	0.0	0.0
   7.05876  0.99963218E+00   349.9	0.0	0.0
   7.06867  0.99948120E+00   349.9	0.0	0.0
   7.07856  0.99983162E+00   349.9	0.0	0.0
   7.08846  0.99984235E+00   349.8	0.0	0.0
   7.09836  0.99962485E+00   349.8	0.0	0.0
   7.10826  0.99966294E+00   349.8	0.0	0.0
   7.11816  0.10001558E+01   349.8	0.0	0.0
   7.12806  0.99971163E+00   349.8	0.0	0.0
   7.13796  0.99977475E+00   349.8	0.0	0.0
   7.14786  0.99963915E+00   349.8	0.0	0.0
   7.15776  0.99987394E+00   349.7	0.0	0.0
   7.16766  0.99972892E+00   349.7	0.0	0.0
   7.17756  0.99972469E+00   349.7	0.0	0.0
   7.18746  0.99965143E+00   349.7	0.0	0.0
   7.19736  0.99982721E+00   349.7	0.0	0.0
   7.20726  0.99953443E+00   349.7	0.0	0.0
   7.21716  0.99977654E+00   349.7	0.0	0.0
   7.22706  0.99953902E+00   349.6	0.0	0.0
   7.23696  0.99927264E+00   349.6	0.0	0.0
   7.24686  0.99929631E+00   349.6	0.0	0.0
   7.25676  0.10000225E+01   349.6	0.0	0.0
   7.26666  0.99953836E+00   349.6	0.0	0.0
   7.27656  0.99956864E+00   349.6	0.0	0.0
   7.28646  0.99941701E+00   349.5	0.0	0.0
   7.29636  0.99966890E+00   349.5	0.0	0.0
   7.30626  0.99943256E+00   349.5	0.0	0.0
   7.31616  0.99961233E+00   349.5	0.0	0.0
   7.32606  0.99968839E+00   349.5	0.0	0.0
   7.33596  0.99933070E+00   349.5	0.0	0.0
   7.34586  0.99938202E+00   349.5	0.0	0.0
   7.35576  0.99923873E+00   349.5	0.0	0.0
   7.36566  0.99928063E+00   349.4	0.0	0.0
   7.37556  0.99945623E+00   349.4	0.0	0.0
   7.38546  0.99903548E+00   349.4	0.0	0.0
   7.39536  0.99912459E+00   349.4	0.0	0.0
   7.40526  0.99922347E+00   349.4	0.0	0.0
   7.41516  0.99926567E+00   349.4	0.0	0.0
   7.42506  0.99897480E+00   349.4	0.0	0.0
   7.43496  0.99922138E+00   349.3	0.0	0.0
   7.44486  0.99902910E+00   349.3	0.0	0.0
   7.45476  0.99876046E+00   349.3	0.0	0.0
   7.46466  0.99890172E+00   349.3	0.0	0.0
   7.47456  0.99899238E+00   349.3	0.0	0.0
   7.48446  0.99901092E+00   349.3	0.0	0.0
   7.49436  0.99899554E+00   349.2	0.0	0.0
   7.50426  0.99883813E+00   349.2	0.0	0.0
   7.51416  0.99902743E+00   349.2	0.0	0.0
   7.52406  0.99887389E+00   349.2	0.0	0.0
   7.53396  0.99892992E+00   349.2	0.0	0.0
   7.54386  0.99867713E+00   349.2	0.0	0.0
   7.55376  0.99876440E+00   349.1	0.0	0.0
   7.56366  0.99869400E+00   349.1	0.0	0.0
   7.57356  0.99848300E+00   349.1	0.0	0.0
   7.58346  0.99901193E+00   349.1	0.0	0.0
   7.59336  0.99841940E+00   349.1	0.0	0.0
   7.60326  0.99848402E+00   349.1	0.0	0.0
   7.61316  0.99864811E+00   349.1	0.0	0.0
   7.62306  0.99860978E+00   349.0	0.0	0.0
   7.63296  0.99854106E+00   349.0	0.0	0.0
   7.64286  0.99850124E+00   349.0	0.0	0.0
   7.65276  0.99845952E+00   349.0	0.0	0.0
   7.66266  0.99848711E+00   349.0	0.0	0.0
   7.67256  0.99828959E+00   349.0	0.0	0.0
   7.68246  0.99839085E+00   349.0	0.0	0.0
   7.69236  0.99835765E+00   348.9	0.0	0.0
   7.70226  0.99822092E+00   348.9	0.0	0.0
   7.71216  0.99821705E+00   348.9	0.0	0.0
   7.72206  0.99837399E+00   348.9	0.0	0.0
   7.73196  0.99839163E+00   348.9	0.0	0.0
   7.74186  0.99809068E+00   348.9	0.0	0.0
   7.75176  0.99836838E+00   348.9	0.0	0.0
   7.76166  0.99811918E+00   348.8	0.0	0.0
   7.77156  0.99819583E+00   348.8	0.0	0.0
   7.78146  0.99805635E+00   348.8	0.0	0.0
   7.79136  0.99809682E+00   348.8	0.0	0.0
   7.80126  0.99820858E+00   348.8	0.0	0.0
   7.81116  0.99820024E+00   348.8	0.0	0.0
   7.82106  0.99823314E+00   348.8	0.0	0.0
   7.83096  0.99794197E+00   348.7	0.0	0.0
   7.84086  0.99813813E+00   348.7	0.0	0.0
   7.85076  0.99806839E+00   348.7	0.0	0.0
   7.86066  0.99771863E+00   348.7	0.0	0.0
   7.87056  0.99792415E+00   348.7	0.0	0.0
   7.88046  0.99805123E+00   348.7	0.0	0.0
   7.89036  0.99818206E+00   348.7	0.0	0.0
   7.90026  0.99813080E+00   348.6	0.0	0.0
   7.91016  0.99784559E+00   348.6	0.0	0.0
   7.92006  0.99775934E+00   348.6	0.0	0.0
   7.92996  0.99800766E+00   348.6	0.0	0.0
   7.93986  0.99797297E+00   348.6	0.0	0.0
   7.94976  0.99796897E+00   348.6	0.0	0.0
   7.95966  0.99789017E+00   348.5	0.0	0.0
   7.96956  0.99796265E+00   348.5	0.0	0.0
   7.97946  0.99786228E+00   348.5	0.0	0.0
   7.98936  0.99789798E+00   348.5	0.0	0.0
   7.99926  0.99818218E+00   348.5	0.0	0.0
   8.00916  0.99780118E+00   348.5	0.0	0.0
   8.01906  0.99792790E+00   348.5	0.0	0.0
   8.02896  0.99808186E+00   348.4	0.0	0.0
   8.03886  0.99792695E+00   348.4	0.0	0.0
   8.04876  0.99785483E+00   348.4	0.0	0.0
   8.05866  0.99793589E+00   348.4	0.0	0.0
   8.06856  0.99761623E+00   348.4	0.0	0.0
   8.07846  0.99794716E+00   348.4	0.0	0.0
   8.08836  0.99780071E+00   348.3	0.0	0.0
   8.09826  0.99795622E+00   348.3	0.0	0.0
   8.10816  0.99788314E+00   348.3	0.0	0.0
   8.11806  0.99797213E+00   348.3	0.0	0.0
   8.12796  0.99782389E+00   348.3	0.0	0.0
   8.13786  0.99789828E+00   348.3	0.0	0.0
   8.14776  0.99780095E+00   348.3	0.0	0.0
   8.15766  0.99791354E+00   348.2	0.0	0.0
   8.16756  0.99795908E+00   348.2	0.0	0.0
   8.17746  0.99784768E+00   348.2	0.0	0.0
   8.18736  0.99779326E+00   348.2	0.0	0.0
   8.19726  0.99794191E+00   348.2	0.0	0.0
   8.20716  0.99783981E+00   348.2	0.0	0.0
   8.21706  0.99777639E+00   348.2	0.0	0.0
   8.22696  0.99784267E+00   348.2	0.0	0.0
   8.23686  0.99773300E+00   348.1	0.0	0.0
   8.24676  0.99774444E+00   348.1	0.0	0.0
   8.25666  0.99776679E+00   348.1	0.0	0.0
   8.26656  0.99789321E+00   348.1	0.0	0.0
   8.27646  0.99812752E+00   348.1	0.0	0.0
   8.28636  0.99788982E+00   348.1	0.0	0.0
   8.29626  0.99782836E+00   348.0	0.0	0.0
   8.30616  0.99788624E+00   348.0	0.0	0.0
   8.31606  0.99794811E+00   348.0	0.0	0.0
   8.32596  0.99793190E+00   348.0	0.0	0.0
   8.33586  0.99781388E+00   348.0	0.0	0.0
   8.34576  0.99773651E+00   348.0	0.0	0.0
   8.35566  0.99769646E+00   348.0	0.0	0.0
   8.36556  0.99796832E+00   347.9	0.0	0.0
   8.37546  0.99774402E+00   347.9	0.0	0.0
   8.38536  0.99762619E+00   347.9	0.0	0.0
   8.39526  0.99766630E+00   347.9	0.0	0.0
   8.40516  0.99776882E+00   347.9	0.0	0.0
   8.41506  0.99796057E+00   347.9	0.0	0.0
   8.42496  0.99780756E+00   347.9	0.0	0.0
   8.43486  0.99753904E+00   347.8	0.0	0.0
   8.44476  0.99751633E+00   347.8	0.0	0.0
   8.45466  0.99773991E+00   347.8	0.0	0.0
   8.46456  0.99783117E+00   347.8	0.0	0.0
   8.47446  0.99784875E+00   347.8	0.0	0.0
   8.48436  0.99761444E+00   347.8	0.0	0.0
   8.49426  0.99755841E+00   347.8	0.0	0.0
   8.50416  0.99768871E+00   347.7	0.0	0.0
   8.51406  0.99771255E+00   347.7	0.0	0.0
   8.52396  0.99726307E+00   347.7	0.0	0.0
   8.53386  0.99747384E+00   347.7	0.0	0.0
   8.54376  0.99734545E+00   347.7	0.0	0.0
   8.55366  0.99738610E+00   347.7	0.0	0.0
   8.56356  0.99750561E+00   347.7	0.0	0.0
   8.57346  0.99750614E+00   347.6	0.0	0.0
   8.58336  0.99757046E+00   347.6	0.0	0.0
   8.59326  0.99718803E+00   347.6	0.0	0.0
   8.60316  0.99703127E+00   347.6	0.0	0.0
   8.61306  0.99719357E+00   347.6	0.0	0.0
   8.62296  0.99716890E+00   347.6	0.0	0.0
   8.63286  0.99719435E+00   347.5	0.0	0.0
   8.64276  0.99724704E+00   347.5	0.0	0.0
   8.65266  0.99713290E+00   347.5	0.0	0.0
   8.66256  0.99711579E+00   347.5	0.0	0.0
   8.67246  0.99747080E+00   347.5	0.0	0.0
   8.68235  0.99695534E+00   347.5	0.0	0.0
   8.69226  0.99691409E+00   347.5	0.0	0.0
   8.70216  0.99698907E+00   347.4	0.0	0.0
   8.71206  0.99696958E+00   347.4	0.0	0.0
   8.72196  0.99699694E+00   347.4	0.0	0.0
   8.73186  0.99694484E+00   347.4	0.0	0.0
   8.74176  0.99708915E+00   347.4	0.0	0.0
   8.75166  0.99703646E+00   347.4	0.0	0.0
   8.76156  0.99688768E+00   347.3	0.0	0.0
   8.77146  0.99670255E+00   347.3	0.0	0.0
   8.78136  0.99668825E+00   347.3	0.0	0.0
   8.79126  0.99671942E+00   347.3	0.0	0.0
   8.80116  0.99667531E+00   347.3	0.0	0.0
   8.81106  0.99687016E+00   347.3	0.0	0.0
   8.82096  0.99671084E+00   347.3	0.0	0.0
   8.83086  0.99656641E+00   347.2	0.0	0.0
   8.84076  0.99625939E+00   347.2	0.0	0.0
   8.85065  0.99624175E+00   347.2	0.0	0.0
   8.86056  0.99653828E+00   347.2	0.0	0.0
   8.87045  0.99646807E+00   347.2	0.0	0.0
   8.88035  0.99653625E+00   347.2	0.0	0.0
   8.89025  0.99640942E+00   347.1	0.0	0.0
   8.90016  0.99625283E+00   347.1	0.0	0.0
   8.91006  0.99634069E+00   347.1	0.0	0.0
   8.91996  0.99629372E+00   347.1	0.0	0.0
   8.92986  0.99657524E+00   347.1	0.0	0.0
   8.93975  0.99626571E+00   347.1	0.0	0.0
   8.94965  0.99635601E+00   347.1	0.0	0.0
   8.95955  0.99599797E+00   347.0	0.0	0.0
   8.96945  0.99617076E+00   347.0	0.0	0.0
   8.97936  0.99627858E+00   347.0	0.0	0.0
   8.98925  0.99622947E+00   347.0	0.0	0.0
   8.99915  0.99591511E+00   347.0	0.0	0.0
   9.00905  0.99566025E+00   347.0	0.0	0.0
   9.01895  0.99557781E+00   347.0	0.0	0.0
   9.02885  0.99578595E+00   347.0	0.0	0.0
   9.03875  0.99578899E+00   347.0	0.0	0.0
   9.04866  0.99578303E+00   346.9	0.0	0.0
   9.05855  0.99591315E+00   346.9	0.0	0.0
   9.06845  0.99560446E+00   346.9	0.0	0.0
   9.07835  0.99553049E+00   346.9	0.0	0.0
   9.08825  0.99582976E+00   346.9	0.0	0.0
   9.09815  0.99575490E+00   346.9	0.0	0.0
   9.10806  0.99564040E+00   346.8	0.0	0.0
   9.11795  0.99586707E+00   346.8	0.0	0.0
   9.12785  0.99554098E+00   346.8	0.0	0.0
   9.13775  0.99569207E+00   346.8	0.0	0.0
   9.14765  0.99547756E+00   346.8	0.0	0.0
   9.15755  0.99555707E+00   346.7	0.0	0.0
   9.16745  0.99533790E+00   346.7	0.0	0.0
   9.17735  0.99567789E+00   346.7	0.0	0.0
   9.18725  0.99546838E+00   346.7	0.0	0.0
   9.19715  0.99560308E+00   346.7	0.0	0.0
   9.20705  0.99530602E+00   346.7	0.0	0.0
   9.21695  0.99543273E+00   346.7	0.0	0.0
   9.22685  0.99548256E+00   346.7	0.0	0.0
   9.23675  0.99538285E+00   346.6	0.0	0.0
   9.24665  0.99546772E+00   346.6	0.0	0.0
   9.25655  0.99506998E+00   346.6	0.0	0.0
   9.26645  0.99500275E+00   346.6	0.0	0.0
   9.27635  0.99547082E+00   346.5	0.0	0.0
   9.28625  0.99541819E+00   346.6	0.0	0.0
   9.29615  0.99566418E+00   346.5	0.0	0.0
   9.30605  0.99533451E+00   346.5	0.0	0.0
   9.31595  0.99548513E+00   346.5	0.0	0.0
   9.32585  0.99524903E+00   346.5	0.0	0.0
   9.33575  0.99531931E+00   346.5	0.0	0.0
   9.34565  0.99480039E+00   346.5	0.0	0.0
   9.35555  0.99522525E+00   346.4	0.0	0.0
   9.36545  0.99504966E+00   346.4	0.0	0.0
   9.37535  0.99558061E+00   346.5	0.0	0.0
   9.38525  0.99508011E+00   346.4	0.0	0.0
   9.39515  0.99494839E+00   346.4	0.0	0.0
   9.40505  0.99493968E+00   346.4	0.0	0.0
   9.41495  0.99508518E+00   346.4	0.0	0.0
   9.42485  0.99496943E+00   346.4	0.0	0.0
   9.43475  0.99510330E+00   346.3	0.0	0.0
   9.44465  0.99507326E+00   346.3	0.0	0.0
   9.45455  0.99483645E+00   346.3	0.0	0.0
   9.46445  0.99540710E+00   346.3	0.0	0.0
   9.47435  0.99525434E+00   346.3	0.0	0.0
   9.48425  0.99506342E+00   346.3	0.0	0.0
   9.49415  0.99496114E+00   346.3	0.0	0.0
   9.50405  0.99569386E+00   346.2	0.0	0.0
   9.51395  0.99536854E+00   346.2	0.0	0.0
   9.52385  0.99477756E+00   346.2	0.0	0.0
   9.53375  0.99492890E+00   346.2	0.0	0.0
   9.54365  0.99471891E+00   346.1	0.0	0.0
   9.55355  0.99545431E+00   346.1	0.0	0.0
   9.56345  0.99543828E+00   346.1	0.0	0.0
   9.57335  0.99492514E+00   346.1	0.0	0.0
   9.58325  0.99522567E+00   346.1	0.0	0.0
   9.59315  0.99507248E+00   346.1	0.0	0.0
   9.60305  0.99540246E+00   346.1	0.0	0.0
   9.61295  0.99491733E+00   346.1	0.0	0.0
   9.62285  0.99488366E+00   346.1	0.0	0.0
   9.63275  0.99487096E+00   346.0	0.0	0.0
   9.64265  0.99494505E+00   346.0	0.0	0.0
   9.65255  0.99553108E+00   346.0	0.0	0.0
   9.66245  0.99501902E+00   346.0	0.0	0.0
   9.67235  0.99495012E+00   346.0	0.0	0.0
   9.68225  0.99484354E+00   346.0	0.0	0.0
   9.69215  0.99501222E+00   346.0	0.0	0.0
   9.70205  0.99455124E+00   345.9	0.0	0.0
   9.71195  0.99479401E+00   345.9	0.0	0.0
   9.72185  0.99471831E+00   345.9	0.0	0.0
   9.73175  0.99473518E+00   345.9	0.0	0.0
   9.74165  0.99482149E+00   345.9	0.0	0.0
   9.75155  0.99468547E+00   345.9	0.0	0.0
   9.76145  0.99446005E+00   345.9	0.0	0.0
   9.77135  0.99485636E+00   345.8	0.0	0.0
   9.78125  0.99465102E+00   345.8	0.0	0.0
   9.79115  0.99491942E+00   345.8	0.0	0.0
   9.80105  0.99500477E+00   345.8	0.0	0.0
   9.81095  0.99502003E+00   345.8	0.0	0.0
   9.82085  0.99456042E+00   345.8	0.0	0.0
   9.83075  0.99431437E+00   345.7	0.0	0.0
   9.84065  0.99448389E+00   345.7	0.0	0.0
   9.85055  0.99451965E+00   345.7	0.0	0.0
   9.86045  0.99441081E+00   345.7	0.0	0.0
   9.87035  0.99441540E+00   345.7	0.0	0.0
   9.88025  0.99449211E+00   345.7	0.0	0.0
   9.89015  0.99434799E+00   345.7	0.0	0.0
   9.90005  0.99437022E+00   345.6	0.0	0.0
   9.90995  0.99433231E+00   345.6	0.0	0.0
   9.91985  0.99465138E+00   345.6	0.0	0.0
   9.92975  0.99449790E+00   345.6	0.0	0.0
   9.93965  0.99425209E+00   345.6	0.0	0.0
   9.94955  0.99415767E+00   345.6	0.0	0.0
   9.95945  0.99400586E+00   345.5	0.0	0.0
   9.96935  0.99403453E+00   345.5	0.0	0.0
   9.97925  0.99441099E+00   345.5	0.0	0.0
   9.98915  0.99415308E+00   345.5	0.0	0.0
   9.99905  0.99405038E+00   345.5	0.0	0.0
  10.00895  0.99409270E+00   345.5	0.0	0.0
  10.01885  0.99366701E+00   345.5	0.0	0.0
  10.02875  0.99381536E+00   345.4	0.0	0.0
  10.03865  0.99377334E+00   345.4	0.0	0.0
  10.04855  0.99398625E+00   345.4	0.0	0.0
  10.05845  0.99390501E+00   345.4	0.0	0.0
  10.06835  0.99386662E+00   345.4	0.0	0.0
  10.07825  0.99370390E+00   345.4	0.0	0.0
  10.08815  0.99379051E+00   345.3	0.0	0.0
  10.09805  0.99381173E+00   345.3	0.0	0.0
  10.10795  0.99386936E+00   345.3	0.0	0.0
  10.11785  0.99358457E+00   345.3	0.0	0.0
  10.12775  0.99368107E+00   345.3	0.0	0.0
  10.13765  0.99353892E+00   345.3	0.0	0.0
  10.14755  0.99362767E+00   345.3	0.0	0.0
  10.15745  0.99355727E+00   345.3	0.0	0.0
  10.16735  0.99362218E+00   345.2	0.0	0.0
  10.17725  0.99344194E+00   345.2	0.0	0.0
  10.18715  0.99348468E+00   345.2	0.0	0.0
  10.19705  0.99326575E+00   345.2	0.0	0.0
  10.20695  0.99314409E+00   345.2	0.0	0.0
  10.21685  0.99350911E+00   345.2	0.0	0.0
  10.22675  0.99324709E+00   345.2	0.0	0.0
  10.23665  0.99311072E+00   345.1	0.0	0.0
  10.24655  0.99290073E+00   345.1	0.0	0.0
  10.25645  0.99329460E+00   345.1	0.0	0.0
  10.26635  0.99306774E+00   345.1	0.0	0.0
  10.27625  0.99314743E+00   345.1	0.0	0.0
  10.28615  0.99291390E+00   345.1	0.0	0.0
  10.29605  0.99300385E+00   345.0	0.0	0.0
  10.30595  0.99301559E+00   345.0	0.0	0.0
  10.31585  0.99295050E+00   345.0	0.0	0.0
  10.32575  0.99305820E+00   345.0	0.0	0.0
  10.33565  0.99276203E+00   345.0	0.0	0.0
  10.34555  0.99261832E+00   345.0	0.0	0.0
  10.35545  0.99247223E+00   345.0	0.0	0.0
  10.36535  0.99253637E+00   345.0	0.0	0.0
  10.37525  0.99255037E+00   344.9	0.0	0.0
  10.38515  0.99265128E+00   344.9	0.0	0.0
  10.39505  0.99256247E+00   344.9	0.0	0.0
  10.40495  0.99266493E+00   344.9	0.0	0.0
  10.41485  0.99270964E+00   344.9	0.0	0.0
  10.42475  0.99247688E+00   344.8	0.0	0.0
  10.43465  0.99226457E+00   344.8	0.0	0.0
  10.44455  0.99236310E+00   344.8	0.0	0.0
  10.45445  0.99207139E+00   344.8	0.0	0.0
  10.46435  0.99226272E+00   344.8	0.0	0.0
  10.47425  0.99195284E+00   344.8	0.0	0.0
  10.48415  0.99225527E+00   344.8	0.0	0.0
  10.49405  0.99211091E+00   344.7	0.0	0.0
  10.50395  0.99201590E+00   344.7	0.0	0.0
  10.51385  0.99211633E+00   344.7	0.0	0.0
  10.52375  0.99239439E+00   344.7	0.0	0.0
  10.53365  0.99212372E+00   344.7	0.0	0.0
  10.54355  0.99228722E+00   344.7	0.0	0.0
  10.55345  0.99195689E+00   344.7	0.0	0.0
  10.56335  0.99216914E+00   344.6	0.0	0.0
  10.57325  0.99191153E+00   344.6	0.0	0.0
  10.58315  0.99198985E+00   344.6	0.0	0.0
  10.59305  0.99212348E+00   344.6	0.0	0.0
  10.60295  0.99159801E+00   344.6	0.0	0.0
  10.61284  0.99182409E+00   344.6	0.0	0.0
  10.62275  0.99203008E+00   344.6	0.0	0.0
  10.63265  0.99203366E+00   344.6	0.0	0.0
  10.64254  0.99189579E+00   344.5	0.0	0.0
  10.65245  0.99196589E+00   344.5	0.0	0.0
  10.66235  0.99172145E+00   344.5	0.0	0.0
  10.67225  0.99189919E+00   344.5	0.0	0.0
  10.68215  0.99166846E+00   344.5	0.0	0.0
  10.69205  0.99175221E+00   344.5	0.0	0.0
  10.70195  0.99176210E+00   344.4	0.0	0.0
  10.71185  0.99186081E+00   344.4	0.0	0.0
  10.72174  0.99177992E+00   344.4	0.0	0.0
  10.73165  0.99191606E+00   344.4	0.0	0.0
  10.74155  0.99169558E+00   344.4	0.0	0.0
  10.75144  0.99133354E+00   344.4	0.0	0.0
  10.76134  0.99173570E+00   344.4	0.0	0.0
  10.77125  0.99173748E+00   344.3	0.0	0.0
  10.78115  0.99159110E+00   344.3	0.0	0.0
  10.79105  0.99152678E+00   344.3	0.0	0.0
  10.80095  0.99177730E+00   344.3	0.0	0.0
  10.81084  0.99163115E+00   344.3	0.0	0.0
  10.82075  0.99147785E+00   344.3	0.0	0.0
  10.83065  0.99130321E+00   344.2	0.0	0.0
  10.84054  0.99177629E+00   344.2	0.0	0.0
  10.85045  0.99181890E+00   344.2	0.0	0.0
  10.86034  0.99174714E+00   344.2	0.0	0.0
  10.87025  0.99175352E+00   344.2	0.0	0.0
  10.88015  0.99144340E+00   344.2	0.0	0.0
  10.89004  0.99155080E+00   344.1	0.0	0.0
  10.89995  0.99152339E+00   344.1	0.0	0.0
  10.90984  0.99137557E+00   344.1	0.0	0.0
  10.91974  0.99133980E+00   344.1	0.0	0.0
  10.92964  0.99140990E+00   344.1	0.0	0.0
  10.93954  0.99154586E+00   344.1	0.0	0.0
  10.94944  0.99147922E+00   344.1	0.0	0.0
  10.95934  0.99151105E+00   344.1	0.0	0.0
  10.96924  0.99130040E+00   344.0	0.0	0.0
  10.97914  0.99157298E+00   344.0	0.0	0.0
  10.98905  0.99153060E+00   344.0	0.0	0.0
  10.99894  0.99145567E+00   344.0	0.0	0.0
  11.00884  0.99124807E+00   344.0	0.0	0.0
  11.01875  0.99147683E+00   344.0	0.0	0.0
  11.02865  0.99098051E+00   343.9	0.0	0.0
  11.03854  0.99107909E+00   344.0	0.0	0.0
  11.04844  0.99104005E+00   343.9	0.0	0.0
  11.05834  0.99097431E+00   343.9	0.0	0.0
  11.06824  0.99124473E+00   343.9	0.0	0.0
  11.07814  0.99107170E+00   343.9	0.0	0.0
  11.08805  0.99112171E+00   343.9	0.0	0.0
  11.09794  0.99092174E+00   343.8	0.0	0.0
  11.10784  0.99083775E+00   343.8	0.0	0.0
  11.11774  0.99109286E+00   343.8	0.0	0.0
  11.12764  0.99091673E+00   343.8	0.0	0.0
  11.13754  0.99114478E+00   343.8	0.0	0.0
  11.14744  0.99091995E+00   343.8	0.0	0.0
  11.15734  0.99096805E+00   343.8	0.0	0.0
  11.16724  0.99071461E+00   343.7	0.0	0.0
  11.17714  0.99072284E+00   343.7	0.0	0.0
  11.18704  0.99068284E+00   343.7	0.0	0.0
  11.19694  0.99104518E+00   343.7	0.0	0.0
  11.20684  0.99090010E+00   343.7	0.0	0.0
  11.21674  0.99102169E+00   343.7	0.0	0.0
  11.22664  0.99081242E+00   343.7	0.0	0.0
  11.23654  0.99067515E+00   343.7	0.0	0.0
  11.24644  0.99066371E+00   343.6	0.0	0.0
  11.25634  0.99068260E+00   343.6	0.0	0.0
  11.26624  0.99041557E+00   343.6	0.0	0.0
  11.27614  0.99058264E+00   343.6	0.0	0.0
  11.28604  0.99071658E+00   343.6	0.0	0.0
  11.29594  0.99045521E+00   343.6	0.0	0.0
  11.30584  0.99033397E+00   343.5	0.0	0.0
  11.31574  0.99054265E+00   343.5	0.0	0.0
  11.32564  0.99031776E+00   343.5	0.0	0.0
  11.33554  0.99037087E+00   343.5	0.0	0.0
  11.34544  0.99043489E+00   343.5	0.0	0.0
  11.35534  0.99025595E+00   343.5	0.0	0.0
  11.36524  0.99023169E+00   343.4	0.0	0.0
  11.37514  0.99004650E+00   343.4	0.0	0.0
  11.38504  0.99003112E+00   343.4	0.0	0.0
  11.39494  0.99030298E+00   343.4	0.0	0.0
  11.40484  0.98998725E+00   343.4	0.0	0.0
  11.41474  0.98996496E+00   343.4	0.0	0.0
  11.42464  0.98986477E+00   343.4	0.0	0.0
  11.43454  0.98972839E+00   343.3	0.0	0.0
  11.44444  0.98974371E+00   343.3	0.0	0.0
  11.45434  0.98959738E+00   343.3	0.0	0.0
  11.46424  0.98983616E+00   343.3	0.0	0.0
  11.47414  0.98969287E+00   343.3	0.0	0.0
  11.48404  0.98963958E+00   343.3	0.0	0.0
  11.49394  0.98956001E+00   343.3	0.0	0.0
  11.50384  0.98962671E+00   343.3	0.0	0.0
  11.51374  0.98980284E+00   343.2	0.0	0.0
  11.52364  0.98939431E+00   343.2	0.0	0.0
  11.53354  0.98932379E+00   343.2	0.0	0.0
  11.54344  0.98918808E+00   343.2	0.0	0.0
  11.55334  0.98964840E+00   343.2	0.0	0.0
  11.56324  0.98928642E+00   343.2	0.0	0.0
  11.57314  0.98915035E+00   343.1	0.0	0.0
  11.58304  0.98927546E+00   343.1	0.0	0.0
  11.59294  0.98922265E+00   343.1	0.0	0.0
  11.60284  0.98905599E+00   343.1	0.0	0.0
  11.61274  0.98913807E+00   343.1	0.0	0.0
  11.62264  0.98895937E+00   343.1	0.0	0.0
  11.63254  0.98882657E+00   343.1	0.0	0.0
  11.64244  0.98890507E+00   343.0	0.0	0.0
  11.65234  0.98890787E+00   343.0	0.0	0.0
  11.66224  0.98872304E+00   343.0	0.0	0.0
  11.67214  0.98857564E+00   343.0	0.0	0.0
  11.68204  0.98880446E+00   343.0	0.0	0.0
  11.69194  0.98886818E+00   343.0	0.0	0.0
  11.70184  0.98859125E+00   343.0	0.0	0.0
  11.71174  0.98875558E+00   342.9	0.0	0.0
  11.72164  0.98864114E+00   342.9	0.0	0.0
  11.73154  0.98852098E+00   342.9	0.0	0.0
  11.74144  0.98852330E+00   342.9	0.0	0.0
  11.75134  0.98818028E+00   342.9	0.0	0.0
  11.76124  0.98851526E+00   342.9	0.0	0.0
  11.77114  0.98840129E+00   342.9	0.0	0.0
  11.78104  0.98861349E+00   342.8	0.0	0.0
  11.79094  0.98823065E+00   342.8	0.0	0.0
  11.80084  0.98807108E+00   342.8	0.0	0.0
  11.81074  0.98840600E+00   342.8	0.0	0.0
  11.82064  0.98819888E+00   342.8	0.0	0.0
  11.83054  0.98841578E+00   342.8	0.0	0.0
  11.84044  0.98790914E+00   342.8	0.0	0.0
  11.85034  0.98829716E+00   342.7	0.0	0.0
  11.86024  0.98791909E+00   342.7	0.0	0.0
  11.87014  0.98806989E+00   342.7	0.0	0.0
  11.88004  0.98808390E+00   342.7	0.0	0.0
  11.88994  0.98817796E+00   342.7	0.0	0.0
  11.89984  0.98801696E+00   342.7	0.0	0.0
  11.90974  0.98788822E+00   342.6	0.0	0.0
  11.91964  0.98768288E+00   342.6	0.0	0.0
  11.92954  0.98789263E+00   342.6	0.0	0.0
  11.93944  0.98765087E+00   342.6	0.0	0.0
  11.94934  0.98764724E+00   342.6	0.0	0.0
  11.95924  0.98774552E+00   342.6	0.0	0.0
  11.96914  0.98765624E+00   342.6	0.0	0.0
  11.97904  0.98774159E+00   342.5	0.0	0.0
  11.98894  0.98757839E+00   342.5	0.0	0.0
  11.99884  0.98775059E+00   342.5	0.0	0.0
  12.00874  0.98787999E+00   342.5	0.0	0.0
  12.01864  0.98772657E+00   342.5	0.0	0.0
  12.02854  0.98771381E+00   342.5	0.0	0.0
  12.03844  0.98749369E+00   342.5	0.0	0.0
  12.04834  0.98768771E+00   342.4	0.0	0.0
  12.05824  0.98772275E+00   342.4	0.0	0.0
  12.06814  0.98764443E+00   342.4	0.0	0.0
  12.07804  0.98740435E+00   342.4	0.0	0.0
  12.08794  0.98760474E+00   342.4	0.0	0.0
  12.09784  0.98745745E+00   342.4	0.0	0.0
  12.10774  0.98751789E+00   342.4	0.0	0.0
  12.11764  0.98736662E+00   342.4	0.0	0.0
  12.12754  0.98736972E+00   342.3	0.0	0.0
  12.13744  0.98752451E+00   342.3	0.0	0.0
  12.14734  0.98730260E+00   342.3	0.0	0.0
  12.15724  0.98754185E+00   342.3	0.0	0.0
  12.16714  0.98745954E+00   342.3	0.0	0.0
  12.17704  0.98736352E+00   342.3	0.0	0.0
  12.18694  0.98714787E+00   342.2	0.0	0.0
  12.19684  0.98716033E+00   342.2	0.0	0.0
  12.20674  0.98767030E+00   342.2	0.0	0.0
  12.21664  0.98719382E+00   342.2	0.0	0.0
  12.22654  0.98748839E+00   342.2	0.0	0.0
  12.23644  0.98713040E+00   342.2	0.0	0.0
  12.24634  0.98732674E+00   342.2	0.0	0.0
  12.25624  0.98710668E+00   342.1	0.0	0.0
  12.26614  0.98714560E+00   342.1	0.0	0.0
  12.27604  0.98694932E+00   342.1	0.0	0.0
  12.28594  0.98711795E+00   342.1	0.0	0.0
  12.29584  0.98710001E+00   342.1	0.0	0.0
  12.30574  0.98696107E+00   342.1	0.0	0.0
  12.31564  0.98702753E+00   342.1	0.0	0.0
  12.32554  0.98720348E+00   342.0	0.0	0.0
  12.33544  0.98715025E+00   342.0	0.0	0.0
  12.34534  0.98708928E+00   342.0	0.0	0.0
  12.35524  0.98692769E+00   342.0	0.0	0.0
  12.36514  0.98687071E+00   342.0	0.0	0.0
  12.37504  0.98691010E+00   342.0	0.0	0.0
  12.38494  0.98694170E+00   342.0	0.0	0.0
  12.39484  0.98687428E+00   341.9	0.0	0.0
  12.40474  0.98690933E+00   341.9	0.0	0.0
  12.41464  0.98681635E+00   341.9	0.0	0.0
  12.42454  0.98689425E+00   341.9	0.0	0.0
  12.43443  0.98664451E+00   341.9	0.0	0.0
  12.44434  0.98667532E+00   341.9	0.0	0.0
  12.45424  0.98668617E+00   341.9	0.0	0.0
  12.46414  0.98648822E+00   341.9	0.0	0.0
  12.47404  0.98660880E+00   341.8	0.0	0.0
  12.48394  0.98617303E+00   341.8	0.0	0.0
  12.49384  0.98630029E+00   341.8	0.0	0.0
  12.50374  0.98643386E+00   341.8	0.0	0.0
  12.51364  0.98640186E+00   341.8	0.0	0.0
  12.52353  0.98650110E+00   341.7	0.0	0.0
  12.53344  0.98647439E+00   341.7	0.0	0.0
  12.54334  0.98645878E+00   341.7	0.0	0.0
  12.55324  0.98663735E+00   341.7	0.0	0.0
  12.56314  0.98619473E+00   341.7	0.0	0.0
  12.57304  0.98593950E+00   341.7	0.0	0.0
  12.58294  0.98658526E+00   341.7	0.0	0.0
  12.59284  0.98610753E+00   341.7	0.0	0.0
  12.60274  0.98613417E+00   341.6	0.0	0.0
  12.61264  0.98579216E+00   341.6	0.0	0.0
  12.62253  0.98590261E+00   341.6	0.0	0.0
  12.63243  0.98571384E+00   341.6	0.0	0.0
  12.64234  0.98595095E+00   341.6	0.0	0.0
  12.65224  0.98581308E+00   341.6	0.0	0.0
  12.66214  0.98578233E+00   341.5	0.0	0.0
  12.67204  0.98590451E+00   341.5	0.0	0.0
  12.68194  0.98555559E+00   341.5	0.0	0.0
  12.69184  0.98564214E+00   341.5	0.0	0.0
  12.70174  0.98570728E+00   341.5	0.0	0.0
  12.71164  0.98538744E+00   341.5	0.0	0.0
  12.72153  0.98544025E+00   341.5	0.0	0.0
  12.73143  0.98547351E+00   341.5	0.0	0.0
  12.74134  0.98553890E+00   341.4	0.0	0.0
  12.75123  0.98552197E+00   341.4	0.0	0.0
  12.76114  0.98537874E+00   341.4	0.0	0.0
  12.77104  0.98538816E+00   341.4	0.0	0.0
  12.78093  0.98534602E+00   341.4	0.0	0.0
  12.79084  0.98556632E+00   341.4	0.0	0.0
  12.80074  0.98523432E+00   341.4	0.0	0.0
  12.81063  0.98496097E+00   341.3	0.0	0.0
  12.82053  0.98499632E+00   341.3	0.0	0.0
  12.83043  0.98505229E+00   341.3	0.0	0.0
  12.84033  0.98497534E+00   341.3	0.0	0.0
  12.85023  0.98502481E+00   341.3	0.0	0.0
  12.86014  0.98484659E+00   341.3	0.0	0.0
  12.87003  0.98463279E+00   341.2	0.0	0.0
  12.87994  0.98464596E+00   341.2	0.0	0.0
  12.88984  0.98435485E+00   341.2	0.0	0.0
  12.89974  0.98434025E+00   341.2	0.0	0.0
  12.90964  0.98449147E+00   341.2	0.0	0.0
  12.91953  0.98421144E+00   341.2	0.0	0.0
  12.92943  0.98473448E+00   341.2	0.0	0.0
  12.93934  0.98456103E+00   341.1	0.0	0.0
  12.94924  0.98459619E+00   341.1	0.0	0.0
  12.95914  0.98391372E+00   341.1	0.0	0.0
  12.96903  0.98432249E+00   341.1	0.0	0.0
  12.97894  0.98409963E+00   341.1	0.0	0.0
  12.98884  0.98440415E+00   341.1	0.0	0.0
  12.99873  0.98400253E+00   341.0	0.0	0.0
  13.00863  0.98406190E+00   341.0	0.0	0.0
  13.01853  0.98384410E+00   341.0	0.0	0.0
  13.02843  0.98389190E+00   341.0	0.0	0.0
  13.03833  0.98399729E+00   341.0	0.0	0.0
  13.04823  0.98404056E+00   341.0	0.0	0.0
  13.05813  0.98366570E+00   341.0	0.0	0.0
  13.06803  0.98378974E+00   341.0	0.0	0.0
  13.07793  0.98384994E+00   340.9	0.0	0.0
  13.08783  0.98371351E+00   340.9	0.0	0.0
  13.09774  0.98348325E+00   340.9	0.0	0.0
  13.10763  0.98369163E+00   340.9	0.0	0.0
  13.11753  0.98383236E+00   340.9	0.0	0.0
  13.12743  0.98375243E+00   340.9	0.0	0.0
  13.13733  0.98353261E+00   340.9	0.0	0.0
  13.14723  0.98329806E+00   340.8	0.0	0.0
  13.15713  0.98374850E+00   340.8	0.0	0.0
  13.16703  0.98339093E+00   340.8	0.0	0.0
  13.17694  0.98340678E+00   340.8	0.0	0.0
  13.18683  0.98316270E+00   340.8	0.0	0.0
  13.19673  0.98322988E+00   340.8	0.0	0.0
  13.20663  0.98318136E+00   340.8	0.0	0.0
  13.21653  0.98331249E+00   340.7	0.0	0.0
  13.22643  0.98345488E+00   340.7	0.0	0.0
  13.23633  0.98331839E+00   340.7	0.0	0.0
  13.24623  0.98294795E+00   340.7	0.0	0.0
  13.25613  0.98306835E+00   340.7	0.0	0.0
  13.26603  0.98317450E+00   340.7	0.0	0.0
  13.27593  0.98309201E+00   340.6	0.0	0.0
  13.28583  0.98298514E+00   340.6	0.0	0.0
  13.29573  0.98319900E+00   340.6	0.0	0.0
  13.30563  0.98288316E+00   340.6	0.0	0.0
  13.31553  0.98306161E+00   340.6	0.0	0.0
  13.32543  0.98269451E+00   340.6	0.0	0.0
  13.33533  0.98299152E+00   340.6	0.0	0.0
  13.34523  0.98311728E+00   340.5	0.0	0.0
  13.35513  0.98292720E+00   340.5	0.0	0.0
  13.36503  0.98292184E+00   340.5	0.0	0.0
  13.37493  0.98302990E+00   340.5	0.0	0.0
  13.38483  0.98287296E+00   340.5	0.0	0.0
  13.39473  0.98305827E+00   340.5	0.0	0.0
  13.40463  0.98284817E+00   340.4	0.0	0.0
  13.41453  0.98272806E+00   340.4	0.0	0.0
  13.42443  0.98279154E+00   340.4	0.0	0.0
  13.43433  0.98278624E+00   340.4	0.0	0.0
  13.44423  0.98287499E+00   340.4	0.0	0.0
  13.45413  0.98269087E+00   340.4	0.0	0.0
  13.46403  0.98256153E+00   340.4	0.0	0.0
  13.47393  0.98268902E+00   340.4	0.0	0.0
  13.48383  0.98242205E+00   340.3	0.0	0.0
  13.49373  0.98278427E+00   340.3	0.0	0.0
  13.50363  0.98283881E+00   340.3	0.0	0.0
  13.51353  0.98288637E+00   340.3	0.0	0.0
  13.52343  0.98251557E+00   340.3	0.0	0.0
  13.53333  0.98248541E+00   340.3	0.0	0.0
  13.54323  0.98261112E+00   340.3	0.0	0.0
  13.55313  0.98230076E+00   340.2	0.0	0.0
  13.56303  0.98218274E+00   340.2	0.0	0.0
  13.57293  0.98253775E+00   340.2	0.0	0.0
  13.58283  0.98244917E+00   340.2	0.0	0.0
  13.59273  0.98253113E+00   340.2	0.0	0.0
  13.60263  0.98250568E+00   340.2	0.0	0.0
  13.61253  0.98247737E+00   340.2	0.0	0.0
  13.62243  0.98234910E+00   340.1	0.0	0.0
  13.63233  0.98237717E+00   340.1	0.0	0.0
  13.64223  0.98230970E+00   340.1	0.0	0.0
  13.65213  0.98228496E+00   340.1	0.0	0.0
  13.66203  0.98243284E+00   340.1	0.0	0.0
  13.67193  0.98246163E+00   340.1	0.0	0.0
  13.68183  0.98235416E+00   340.0	0.0	0.0
  13.69173  0.98219794E+00   340.0	0.0	0.0
  13.70163  0.98211849E+00   340.0	0.0	0.0
  13.71153  0.98223054E+00   340.0	0.0	0.0
  13.72143  0.98220116E+00   340.0	0.0	0.0
  13.73133  0.98229849E+00   340.0	0.0	0.0
  13.74123  0.98201239E+00   339.9	0.0	0.0
  13.75113  0.98208213E+00   339.9	0.0	0.0
  13.76103  0.98197019E+00   339.9	0.0	0.0
  13.77093  0.98196179E+00   339.9	0.0	0.0
  13.78083  0.98189843E+00   339.9	0.0	0.0
  13.79073  0.98189348E+00   339.9	0.0	0.0
  13.80063  0.98179495E+00   339.9	0.0	0.0
  13.81053  0.98179156E+00   339.9	0.0	0.0
  13.82043  0.98172694E+00   339.8	0.0	0.0
  13.83033  0.98169219E+00   339.8	0.0	0.0
  13.84023  0.98159844E+00   339.8	0.0	0.0
  13.85013  0.98174411E+00   339.8	0.0	0.0
  13.86003  0.98145711E+00   339.8	0.0	0.0
  13.86993  0.98136085E+00   339.8	0.0	0.0
  13.87983  0.98153502E+00   339.8	0.0	0.0
  13.88973  0.98138076E+00   339.7	0.0	0.0
  13.89963  0.98148423E+00   339.7	0.0	0.0
  13.90953  0.98116046E+00   339.7	0.0	0.0
  13.91943  0.98106194E+00   339.7	0.0	0.0
  13.92933  0.98123008E+00   339.7	0.0	0.0
  13.93923  0.98071939E+00   339.7	0.0	0.0
  13.94913  0.98121953E+00   339.6	0.0	0.0
  13.95903  0.98121679E+00   339.7	0.0	0.0
  13.96893  0.98090476E+00   339.6	0.0	0.0
  13.97883  0.98088568E+00   339.6	0.0	0.0
  13.98873  0.98098075E+00   339.6	0.0	0.0
  13.99863  0.98070002E+00   339.6	0.0	0.0
  14.00853  0.98085862E+00   339.6	0.0	0.0
  14.01843  0.98082078E+00   339.6	0.0	0.0
  14.02833  0.98071855E+00   339.5	0.0	0.0
  14.03823  0.98072147E+00   339.5	0.0	0.0
  14.04813  0.98043627E+00   339.5	0.0	0.0
  14.05803  0.98076510E+00   339.5	0.0	0.0
  14.06793  0.98076218E+00   339.5	0.0	0.0
  14.07783  0.98048550E+00   339.5	0.0	0.0
  14.08773  0.98059726E+00   339.5	0.0	0.0
  14.09763  0.98024064E+00   339.4	0.0	0.0
  14.10753  0.98023701E+00   339.4	0.0	0.0
  14.11743  0.98024589E+00   339.4	0.0	0.0
  14.12733  0.98035485E+00   339.4	0.0	0.0
  14.13723  0.98025799E+00   339.4	0.0	0.0
  14.14713  0.97999626E+00   339.4	0.0	0.0
  14.15703  0.97992790E+00   339.4	0.0	0.0
  14.16693  0.97986215E+00   339.3	0.0	0.0
  14.17683  0.97983867E+00   339.3	0.0	0.0
  14.18673  0.97994262E+00   339.3	0.0	0.0
  14.19663  0.97957325E+00   339.3	0.0	0.0
  14.20653  0.97949946E+00   339.3	0.0	0.0
  14.21643  0.97945797E+00   339.3	0.0	0.0
  14.22633  0.97960436E+00   339.3	0.0	0.0
  14.23623  0.97964221E+00   339.2	0.0	0.0
  14.24613  0.97966909E+00   339.2	0.0	0.0
  14.25603  0.97937548E+00   339.2	0.0	0.0
  14.26593  0.97957861E+00   339.2	0.0	0.0
  14.27583  0.97944802E+00   339.2	0.0	0.0
  14.28573  0.97931570E+00   339.2	0.0	0.0
  14.29563  0.97900796E+00   339.2	0.0	0.0
  14.30553  0.97900248E+00   339.1	0.0	0.0
  14.31543  0.97907734E+00   339.1	0.0	0.0
  14.32533  0.97923553E+00   339.1	0.0	0.0
  14.33523  0.97892189E+00   339.1	0.0	0.0
  14.34513  0.97889519E+00   339.1	0.0	0.0
  14.35503  0.97905272E+00   339.0	0.0	0.0
  14.36493  0.97882771E+00   339.0	0.0	0.0
  14.37483  0.97886378E+00   339.0	0.0	0.0
  14.38473  0.97866040E+00   339.0	0.0	0.0
  14.39463  0.97871673E+00   339.0	0.0	0.0
  14.40453  0.97840631E+00   339.0	0.0	0.0
  14.41443  0.97892940E+00   339.0	0.0	0.0
  14.42433  0.97857165E+00   339.0	0.0	0.0
  14.43423  0.97865486E+00   338.9	0.0	0.0
  14.44413  0.97844940E+00   338.9	0.0	0.0
  14.45403  0.97842544E+00   338.9	0.0	0.0
  14.46393  0.97842616E+00   338.9	0.0	0.0
  14.47383  0.97828054E+00   338.9	0.0	0.0
  14.48373  0.97845107E+00   338.9	0.0	0.0
  14.49363  0.97828186E+00   338.9	0.0	0.0
  14.50353  0.97841597E+00   338.8	0.0	0.0
  14.51343  0.97836417E+00   338.8	0.0	0.0
  14.52333  0.97809213E+00   338.8	0.0	0.0
  14.53322  0.97822309E+00   338.8	0.0	0.0
  14.54313  0.97838712E+00   338.8	0.0	0.0
  14.55302  0.97811610E+00   338.8	0.0	0.0
  14.56293  0.97793943E+00   338.8	0.0	0.0
  14.57283  0.97810644E+00   338.7	0.0	0.0
  14.58273  0.97795713E+00   338.7	0.0	0.0
  14.59263  0.97808903E+00   338.7	0.0	0.0
  14.60253  0.97816050E+00   338.7	0.0	0.0
  14.61243  0.97810173E+00   338.7	0.0	0.0
  14.62232  0.97787231E+00   338.7	0.0	0.0
  14.63223  0.97799391E+00   338.7	0.0	0.0
  14.64213  0.97780693E+00   338.6	0.0	0.0
  14.65203  0.97763163E+00   338.6	0.0	0.0
  14.66192  0.97769934E+00   338.6	0.0	0.0
  14.67182  0.97786498E+00   338.6	0.0	0.0
  14.68173  0.97776598E+00   338.6	0.0	0.0
  14.69162  0.97766113E+00   338.6	0.0	0.0
  14.70153  0.97804946E+00   338.6	0.0	0.0
  14.71143  0.97763211E+00   338.6	0.0	0.0
  14.72133  0.97746402E+00   338.5	0.0	0.0
  14.73123  0.97756940E+00   338.5	0.0	0.0
  14.74112  0.97762966E+00   338.5	0.0	0.0
  14.75102  0.97731435E+00   338.5	0.0	0.0
  14.76093  0.97771478E+00   338.5	0.0	0.0
  14.77082  0.97759056E+00   338.5	0.0	0.0
  14.78072  0.97770137E+00   338.4	0.0	0.0
  14.79062  0.97717339E+00   338.5	0.0	0.0
  14.80052  0.97752357E+00   338.4	0.0	0.0
  14.81042  0.97729307E+00   338.4	0.0	0.0
  14.82032  0.97740483E+00   338.4	0.0	0.0
  14.83022  0.97748655E+00   338.4	0.0	0.0
  14.84013  0.97738880E+00   338.4	0.0	0.0
  14.85003  0.97732401E+00   338.4	0.0	0.0
  14.85993  0.97737807E+00   338.3	0.0	0.0
  14.86982  0.97717035E+00   338.3	0.0	0.0
  14.87973  0.97719407E+00   338.3	0.0	0.0
  14.88962  0.97693431E+00   338.3	0.0	0.0
  14.89952  0.97717077E+00   338.3	0.0	0.0
  14.90942  0.97706175E+00   338.3	0.0	0.0
  14.91933  0.97688949E+00   338.3	0.0	0.0
  14.92922  0.97694016E+00   338.2	0.0	0.0
  14.93912  0.97704476E+00   338.2	0.0	0.0
  14.94903  0.97679144E+00   338.2	0.0	0.0
  14.95893  0.97696561E+00   338.2	0.0	0.0
  14.96882  0.97685504E+00   338.2	0.0	0.0
  14.97873  0.97697109E+00   338.2	0.0	0.0
  14.98862  0.97667646E+00   338.2	0.0	0.0
  14.99852  0.97649688E+00   338.1	0.0	0.0
  15.00842  0.97658467E+00   338.1	0.0	0.0
  15.01832  0.97647548E+00   338.1	0.0	0.0
  15.02822  0.97661328E+00   338.1	0.0	0.0
  15.03812  0.97656763E+00   338.1	0.0	0.0
  15.04803  0.97661138E+00   338.1	0.0	0.0
  15.05793  0.97630030E+00   338.1	0.0	0.0
  15.06782  0.97636318E+00   338.0	0.0	0.0
  15.07772  0.97642398E+00   338.0	0.0	0.0
  15.08762  0.97606045E+00   338.0	0.0	0.0
  15.09752  0.97609848E+00   338.0	0.0	0.0
  15.10742  0.97593945E+00   338.0	0.0	0.0
  15.11732  0.97603065E+00   338.0	0.0	0.0
  15.12722  0.97604007E+00   338.0	0.0	0.0
  15.13712  0.97595555E+00   337.9	0.0	0.0
  15.14702  0.97570693E+00   337.9	0.0	0.0
  15.15692  0.97593510E+00   337.9	0.0	0.0
  15.16682  0.97578287E+00   337.9	0.0	0.0
  15.17672  0.97571492E+00   337.9	0.0	0.0
  15.18662  0.97561848E+00   337.9	0.0	0.0
  15.19652  0.97565103E+00   337.9	0.0	0.0
  15.20642  0.97546297E+00   337.8	0.0	0.0
  15.21632  0.97555923E+00   337.8	0.0	0.0
  15.22622  0.97550923E+00   337.8	0.0	0.0
  15.23612  0.97570157E+00   337.8	0.0	0.0
  15.24602  0.97521657E+00   337.8	0.0	0.0
  15.25592  0.97526491E+00   337.8	0.0	0.0
  15.26582  0.97521746E+00   337.8	0.0	0.0
  15.27572  0.97502935E+00   337.7	0.0	0.0
  15.28562  0.97524989E+00   337.7	0.0	0.0
  15.29552  0.97504145E+00   337.7	0.0	0.0
  15.30542  0.97514749E+00   337.7	0.0	0.0
  15.31532  0.97498924E+00   337.7	0.0	0.0
  15.32522  0.97481573E+00   337.7	0.0	0.0
  15.33512  0.97492212E+00   337.7	0.0	0.0
  15.34502  0.97467709E+00   337.6	0.0	0.0
  15.35492  0.97499704E+00   337.6	0.0	0.0
  15.36482  0.97484821E+00   337.6	0.0	0.0
  15.37472  0.97489119E+00   337.6	0.0	0.0
  15.38462  0.97477233E+00   337.6	0.0	0.0
  15.39452  0.97472930E+00   337.6	0.0	0.0
  15.40442  0.97447067E+00   337.6	0.0	0.0
  15.41432  0.97440112E+00   337.5	0.0	0.0
  15.42422  0.97443330E+00   337.5	0.0	0.0
  15.43412  0.97449028E+00   337.5	0.0	0.0
  15.44402  0.97435081E+00   337.5	0.0	0.0
  15.45392  0.97424084E+00   337.5	0.0	0.0
  15.46382  0.97401243E+00   337.5	0.0	0.0
  15.47372  0.97409034E+00   337.5	0.0	0.0
  15.48362  0.97414553E+00   337.5	0.0	0.0
  15.49352  0.97415882E+00   337.4	0.0	0.0
  15.50342  0.97406799E+00   337.4	0.0	0.0
  15.51332  0.97392470E+00   337.4	0.0	0.0
  15.52322  0.97390860E+00   337.4	0.0	0.0
  15.53312  0.97410536E+00   337.4	0.0	0.0
  15.54302  0.97384906E+00   337.3	0.0	0.0
  15.55292  0.97401279E+00   337.3	0.0	0.0
  15.56282  0.97384012E+00   337.3	0.0	0.0
  15.57272  0.97388846E+00   337.3	0.0	0.0
  15.58262  0.97388256E+00   337.3	0.0	0.0
  15.59252  0.97383821E+00   337.3	0.0	0.0
  15.60242  0.97388572E+00   337.3	0.0	0.0
  15.61232  0.97379321E+00   337.2	0.0	0.0
  15.62222  0.97378963E+00   337.3	0.0	0.0
  15.63212  0.97355866E+00   337.2	0.0	0.0
  15.64202  0.97364032E+00   337.2	0.0	0.0
  15.65192  0.97365451E+00   337.2	0.0	0.0
  15.66182  0.97328049E+00   337.2	0.0	0.0
  15.67172  0.97339004E+00   337.2	0.0	0.0
  15.68162  0.97371775E+00   337.1	0.0	0.0
  15.69152  0.97343755E+00   337.1	0.0	0.0
  15.70142  0.97342598E+00   337.1	0.0	0.0
  15.71132  0.97336131E+00   337.1	0.0	0.0
  15.72122  0.97337085E+00   337.1	0.0	0.0
  15.73112  0.97327572E+00   337.1	0.0	0.0
  15.74102  0.97330958E+00   337.1	0.0	0.0
  15.75092  0.97339559E+00   337.1	0.0	0.0
  15.76082  0.97341633E+00   337.0	0.0	0.0
  15.77072  0.97357708E+00   337.0	0.0	0.0
  15.78062  0.97355992E+00   337.0	0.0	0.0
  15.79052  0.97330266E+00   337.0	0.0	0.0
  15.80042  0.97334778E+00   337.0	0.0	0.0
  15.81032  0.97345281E+00   337.0	0.0	0.0
  15.82022  0.97319376E+00   336.9	0.0	0.0
  15.83012  0.97354186E+00   336.9	0.0	0.0
  15.84002  0.97325712E+00   336.9	0.0	0.0
  15.84992  0.97320598E+00   336.9	0.0	0.0
  15.85982  0.97295499E+00   336.9	0.0	0.0
  15.86972  0.97321355E+00   336.9	0.0	0.0
  15.87962  0.97290874E+00   336.9	0.0	0.0
  15.88952  0.97288722E+00   336.9	0.0	0.0
  15.89942  0.97300160E+00   336.8	0.0	0.0
  15.90932  0.97292632E+00   336.8	0.0	0.0
  15.91922  0.97280467E+00   336.8	0.0	0.0
  15.92912  0.97286022E+00   336.8	0.0	0.0
  15.93902  0.97263503E+00   336.8	0.0	0.0
  15.94892  0.97224218E+00   336.8	0.0	0.0
  15.95882  0.97226125E+00   336.8	0.0	0.0
  15.96872  0.97179949E+00   336.8	0.0	0.0
  15.97862  0.97214097E+00   336.7	0.0	0.0
  15.98852  0.97210371E+00   336.7	0.0	0.0
  15.99842  0.97185582E+00   336.7	0.0	0.0
  16.00832  0.97196889E+00   336.7	0.0	0.0
  16.01822  0.97133887E+00   336.7	0.0	0.0
  16.02812  0.97114539E+00   336.7	0.0	0.0
  16.03802  0.97085184E+00   336.6	0.0	0.0
  16.04792  0.97066385E+00   336.6	0.0	0.0
  16.05782  0.97065085E+00   336.6	0.0	0.0
  16.06772  0.97022945E+00   336.6	0.0	0.0
  16.07762  0.97015077E+00   336.6	0.0	0.0
  16.08752  0.96985120E+00   336.6	0.0	0.0
  16.09742  0.96971023E+00   336.6	0.0	0.0
  16.10732  0.96934944E+00   336.5	0.0	0.0
  16.11722  0.96889997E+00   336.5	0.0	0.0
  16.12712  0.96839708E+00   336.5	0.0	0.0
  16.13702  0.96805739E+00   336.5	0.0	0.0
  16.14692  0.96765846E+00   336.5	0.0	0.0
  16.15682  0.96724975E+00   336.5	0.0	0.0
  16.16672  0.96674430E+00   336.5	0.0	0.0
  16.17662  0.96642375E+00   336.4	0.0	0.0
  16.18652  0.96610290E+00   336.5	0.0	0.0
  16.19642  0.96575153E+00   336.4	0.0	0.0
  16.20632  0.96500409E+00   336.4	0.0	0.0
  16.21622  0.96414518E+00   336.4	0.0	0.0
  16.22612  0.96369058E+00   336.4	0.0	0.0
  16.23602  0.96302712E+00   336.4	0.0	0.0
  16.24592  0.96208733E+00   336.3	0.0	0.0
  16.25582  0.96129215E+00   336.3	0.0	0.0
  16.26572  0.96090657E+00   336.3	0.0	0.0
  16.27562  0.96050870E+00   336.3	0.0	0.0
  16.28552  0.95949924E+00   336.3	0.0	0.0
  16.29542  0.95862949E+00   336.3	0.0	0.0
  16.30532  0.95789093E+00   336.3	0.0	0.0
  16.31522  0.95654899E+00   336.2	0.0	0.0
  16.32512  0.95558321E+00   336.2	0.0	0.0
  16.33502  0.95437300E+00   336.2	0.0	0.0
  16.34492  0.95357019E+00   336.2	0.0	0.0
  16.35482  0.95242035E+00   336.2	0.0	0.0
  16.36472  0.95133734E+00   336.2	0.0	0.0
  16.37462  0.95063686E+00   336.2	0.0	0.0
  16.38452  0.94920415E+00   336.1	0.0	0.0
  16.39441  0.94831544E+00   336.1	0.0	0.0
  16.40431  0.94684339E+00   336.1	0.0	0.0
  16.41422  0.94543266E+00   336.1	0.0	0.0
  16.42412  0.94391948E+00   336.1	0.0	0.0
  16.43402  0.94239271E+00   336.1	0.0	0.0
  16.44391  0.94087976E+00   336.1	0.0	0.0
  16.45382  0.93942440E+00   336.0	0.0	0.0
  16.46372  0.93782306E+00   336.0	0.0	0.0
  16.47361  0.93654519E+00   336.0	0.0	0.0
  16.48351  0.93468714E+00   336.0	0.0	0.0
  16.49342  0.93338233E+00   336.0	0.0	0.0
  16.50332  0.93164808E+00   336.0	0.0	0.0
  16.51321  0.92956215E+00   336.0	0.0	0.0
  16.52312  0.92729104E+00   335.9	0.0	0.0
  16.53302  0.92543679E+00   335.9	0.0	0.0
  16.54292  0.92346483E+00   335.9	0.0	0.0
  16.55282  0.92121488E+00   335.9	0.0	0.0
  16.56272  0.91933650E+00   335.9	0.0	0.0
  16.57262  0.91724783E+00   335.9	0.0	0.0
  16.58251  0.91500616E+00   335.9	0.0	0.0
  16.59242  0.91342080E+00   335.8	0.0	0.0
  16.60232  0.91118479E+00   335.8	0.0	0.0
  16.61221  0.90817475E+00   335.8	0.0	0.0
  16.62212  0.90558130E+00   335.8	0.0	0.0
  16.63202  0.90292299E+00   335.8	0.0	0.0
  16.64192  0.90030575E+00   335.8	0.0	0.0
  16.65181  0.89751726E+00   335.8	0.0	0.0
  16.66172  0.89485252E+00   335.8	0.0	0.0
  16.67162  0.89249068E+00   335.7	0.0	0.0
  16.68151  0.88983995E+00   335.7	0.0	0.0
  16.69142  0.88717943E+00   335.7	0.0	0.0
  16.70131  0.88450766E+00   335.7	0.0	0.0
  16.71122  0.88117921E+00   335.7	0.0	0.0
  16.72112  0.87792349E+00   335.7	0.0	0.0
  16.73102  0.87465906E+00   335.6	0.0	0.0
  16.74092  0.87149429E+00   335.6	0.0	0.0
  16.75082  0.86800236E+00   335.6	0.0	0.0
  16.76071  0.86482608E+00   335.6	0.0	0.0
  16.77061  0.86157537E+00   335.6	0.0	0.0
  16.78052  0.85838169E+00   335.6	0.0	0.0
  16.79041  0.85507435E+00   335.6	0.0	0.0
  16.80031  0.85206598E+00   335.5	0.0	0.0
  16.81022  0.84763938E+00   335.6	0.0	0.0
  16.82011  0.84382880E+00   335.5	0.0	0.0
  16.83001  0.83972567E+00   335.5	0.0	0.0
  16.83992  0.83596134E+00   335.5	0.0	0.0
  16.84982  0.83240247E+00   335.5	0.0	0.0
  16.85972  0.82807726E+00   335.5	0.0	0.0
  16.86961  0.82439727E+00   335.5	0.0	0.0
  16.87952  0.82025224E+00   335.4	0.0	0.0
  16.88941  0.81654996E+00   335.4	0.0	0.0
  16.89932  0.81299871E+00   335.4	0.0	0.0
  16.90921  0.80813986E+00   335.4	0.0	0.0
  16.91912  0.80359900E+00   335.4	0.0	0.0
  16.92901  0.79891288E+00   335.4	0.0	0.0
  16.93891  0.79418808E+00   335.4	0.0	0.0
  16.94881  0.78962570E+00   335.3	0.0	0.0
  16.95871  0.78537369E+00   335.3	0.0	0.0
  16.96862  0.78056228E+00   335.3	0.0	0.0
  16.97851  0.77632409E+00   335.3	0.0	0.0
  16.98841  0.77196735E+00   335.3	0.0	0.0
  16.99831  0.76744115E+00   335.3	0.0	0.0
  17.00821  0.76220208E+00   335.3	0.0	0.0
  17.01811  0.75714499E+00   335.2	0.0	0.0
  17.02801  0.75178844E+00   335.2	0.0	0.0
  17.03792  0.74682224E+00   335.2	0.0	0.0
  17.04782  0.74179089E+00   335.2	0.0	0.0
  17.05771  0.73667818E+00   335.2	0.0	0.0
  17.06762  0.73156989E+00   335.2	0.0	0.0
  17.07751  0.72658044E+00   335.2	0.0	0.0
  17.08742  0.72171032E+00   335.2	0.0	0.0
  17.09731  0.71666193E+00   335.1	0.0	0.0
  17.10722  0.71120673E+00   335.1	0.0	0.0
  17.11711  0.70541823E+00   335.1	0.0	0.0
  17.12701  0.69988078E+00   335.1	0.0	0.0
  17.13691  0.69416940E+00   335.1	0.0	0.0
  17.14681  0.68854809E+00   335.1	0.0	0.0
  17.15672  0.68282491E+00   335.1	0.0	0.0
  17.16661  0.67755169E+00   335.0	0.0	0.0
  17.17652  0.67204005E+00   335.0	0.0	0.0
  17.18641  0.66644198E+00   335.0	0.0	0.0
  17.19631  0.66118968E+00   335.0	0.0	0.0
  17.20621  0.65551537E+00   335.0	0.0	0.0
  17.21611  0.64930624E+00   335.0	0.0	0.0
  17.22601  0.64313990E+00   335.0	0.0	0.0
  17.23591  0.63728905E+00   334.9	0.0	0.0
  17.24582  0.63126659E+00   334.9	0.0	0.0
  17.25571  0.62527865E+00   334.9	0.0	0.0
  17.26561  0.61974019E+00   334.9	0.0	0.0
  17.27551  0.61373180E+00   334.9	0.0	0.0
  17.28541  0.60811383E+00   334.9	0.0	0.0
  17.29531  0.60259998E+00   334.9	0.0	0.0
  17.30521  0.59638071E+00   334.8	0.0	0.0
  17.31511  0.58989686E+00   334.8	0.0	0.0
  17.32501  0.58375448E+00   334.8	0.0	0.0
  17.33491  0.57732391E+00   334.8	0.0	0.0
  17.34481  0.57137775E+00   334.8	0.0	0.0
  17.35471  0.56511194E+00   334.7	0.0	0.0
  17.36461  0.55896282E+00   334.8	0.0	0.0
  17.37451  0.55311829E+00   334.7	0.0	0.0
  17.38441  0.54719323E+00   334.7	0.0	0.0
  17.39431  0.54130989E+00   334.7	0.0	0.0
  17.40421  0.53521150E+00   334.7	0.0	0.0
  17.41411  0.52879101E+00   334.7	0.0	0.0
  17.42401  0.52242881E+00   334.7	0.0	0.0
  17.43391  0.51598048E+00   334.7	0.0	0.0
  17.44381  0.50974917E+00   334.6	0.0	0.0
  17.45371  0.50356221E+00   334.6	0.0	0.0
  17.46361  0.49761924E+00   334.6	0.0	0.0
  17.47351  0.49153426E+00   334.6	0.0	0.0
  17.48341  0.48553243E+00   334.6	0.0	0.0
  17.49331  0.47967279E+00   334.6	0.0	0.0
  17.50321  0.47364530E+00   334.6	0.0	0.0
  17.51311  0.46711203E+00   334.5	0.0	0.0
  17.52301  0.46080908E+00   334.6	0.0	0.0
  17.53291  0.45454499E+00   334.5	0.0	0.0
  17.54281  0.44809219E+00   334.5	0.0	0.0
  17.55271  0.44216952E+00   334.5	0.0	0.0
  17.56261  0.43629751E+00   334.5	0.0	0.0
  17.57251  0.43022349E+00   334.5	0.0	0.0
  17.58241  0.42431462E+00   334.4	0.0	0.0
  17.59231  0.41856068E+00   334.4	0.0	0.0
  17.60221  0.41273135E+00   334.4	0.0	0.0
  17.61211  0.40653035E+00   334.4	0.0	0.0
  17.62201  0.40023997E+00   334.4	0.0	0.0
  17.63191  0.39415172E+00   334.4	0.0	0.0
  17.64181  0.38827968E+00   334.4	0.0	0.0
  17.65171  0.38236526E+00   334.3	0.0	0.0
  17.66161  0.37650177E+00   334.3	0.0	0.0
  17.67151  0.37078127E+00   334.3	0.0	0.0
  17.68141  0.36519504E+00   334.3	0.0	0.0
  17.69131  0.35953870E+00   334.3	0.0	0.0
  17.70121  0.35409012E+00   334.3	0.0	0.0
  17.71111  0.34823668E+00   334.3	0.0	0.0
  17.72101  0.34217018E+00   334.3	0.0	0.0
  17.73091  0.33644190E+00   334.2	0.0	0.0
  17.74081  0.33065045E+00   334.2	0.0	0.0
  17.75071  0.32514167E+00   334.2	0.0	0.0
  17.76061  0.31957060E+00   334.2	0.0	0.0
  17.77051  0.31431064E+00   334.2	0.0	0.0
  17.78041  0.30901417E+00   334.2	0.0	0.0
  17.79031  0.30373737E+00   334.2	0.0	0.0
  17.80021  0.29873183E+00   334.2	0.0	0.0
  17.81011  0.29321101E+00   334.1	0.0	0.0
  17.82001  0.28765154E+00   334.1	0.0	0.0
  17.82991  0.28226134E+00   334.1	0.0	0.0
  17.83981  0.27697799E+00   334.1	0.0	0.0
  17.84971  0.27191243E+00   334.0	0.0	0.0
  17.85961  0.26662070E+00   334.1	0.0	0.0
  17.86951  0.26183143E+00   334.0	0.0	0.0
  17.87941  0.25695503E+00   334.0	0.0	0.0
  17.88931  0.25244078E+00   334.0	0.0	0.0
  17.89921  0.24762957E+00   334.0	0.0	0.0
  17.90911  0.24252117E+00   334.0	0.0	0.0
  17.91901  0.23759465E+00   333.9	0.0	0.0
  17.92891  0.23269184E+00   334.0	0.0	0.0
  17.93881  0.22792533E+00   333.9	0.0	0.0
  17.94871  0.22332302E+00   333.9	0.0	0.0
  17.95861  0.21875826E+00   333.9	0.0	0.0
  17.96851  0.21434103E+00   333.9	0.0	0.0
  17.97841  0.20992698E+00   333.9	0.0	0.0
  17.98831  0.20564990E+00   333.9	0.0	0.0
  17.99821  0.20149431E+00   333.9	0.0	0.0
  18.00811  0.19711451E+00   333.9	0.0	0.0
  18.01801  0.19272941E+00   333.8	0.0	0.0
  18.02791  0.18829660E+00   333.8	0.0	0.0
  18.03781  0.18401247E+00   333.8	0.0	0.0
  18.04771  0.17989089E+00   333.7	0.0	0.0
  18.05761  0.17606282E+00   333.8	0.0	0.0
  18.06751  0.17200847E+00   333.8	0.0	0.0
  18.07741  0.16817318E+00   333.8	0.0	0.0
  18.08731  0.16454871E+00   333.8	0.0	0.0
  18.09721  0.16082938E+00   333.7	0.0	0.0
  18.10711  0.15713091E+00   333.7	0.0	0.0
  18.11701  0.15330903E+00   333.7	0.0	0.0
  18.12691  0.14955539E+00   333.7	0.0	0.0
  18.13681  0.14573228E+00   333.7	0.0	0.0
  18.14671  0.14237072E+00   333.7	0.0	0.0
  18.15661  0.13885865E+00   333.6	0.0	0.0
  18.16651  0.13546173E+00   333.6	0.0	0.0
  18.17641  0.13219926E+00   333.6	0.0	0.0
  18.18631  0.12895408E+00   333.6	0.0	0.0
  18.19621  0.12572931E+00   333.6	0.0	0.0
  18.20611  0.12259308E+00   333.6	0.0	0.0
  18.21601  0.11936735E+00   333.6	0.0	0.0
  18.22591  0.11610299E+00   333.5	0.0	0.0
  18.23581  0.11308484E+00   333.6	0.0	0.0
  18.24571  0.11014786E+00   333.5	0.0	0.0
  18.25561  0.10741391E+00   333.5	0.0	0.0
  18.26551  0.10436904E+00   333.5	0.0	0.0
  18.27541  0.10163646E+00   333.6	0.0	0.0
  18.28531  0.99041827E-01   333.5	0.0	0.0
  18.29521  0.96276350E-01   333.4	0.0	0.0
  18.30511  0.93659438E-01   333.4	0.0	0.0
  18.31501  0.91026053E-01   333.4	0.0	0.0
  18.32491  0.88430025E-01   333.4	0.0	0.0
  18.33481  0.85792564E-01   333.4	0.0	0.0
  18.34471  0.83484001E-01   333.4	0.0	0.0
  18.35461  0.80902368E-01   333.5	0.0	0.0
  18.36451  0.78894690E-01   333.4	0.0	0.0
  18.37441  0.76306745E-01   333.4	0.0	0.0
  18.38430  0.74064419E-01   333.2	0.0	0.0
  18.39421  0.72035886E-01   333.3	0.0	0.0
  18.40411  0.69938838E-01   333.4	0.0	0.0
  18.41401  0.67850649E-01   333.3	0.0	0.0
  18.42390  0.65775052E-01   333.3	0.0	0.0
  18.43381  0.63554458E-01   333.2	0.0	0.0
  18.44370  0.61804678E-01   333.3	0.0	0.0
  18.45361  0.59629224E-01   333.2	0.0	0.0
  18.46350  0.57816979E-01   333.2	0.0	0.0
  18.47341  0.56057312E-01   333.1	0.0	0.0
  18.48331  0.54340124E-01   333.1	0.0	0.0
  18.49321  0.52680779E-01   333.4	0.0	0.0
  18.50311  0.51015172E-01   333.1	0.0	0.0
  18.51300  0.49382646E-01   333.1	0.0	0.0
  18.52291  0.47710646E-01   333.2	0.0	0.0
  18.53281  0.45968998E-01   333.1	0.0	0.0
  18.54271  0.44557333E-01   333.1	0.0	0.0
  18.55261  0.43009192E-01   333.1	0.0	0.0
  18.56251  0.41493449E-01   333.3	0.0	0.0
  18.57241  0.40135372E-01   333.2	0.0	0.0
  18.58231  0.38741454E-01   333.0	0.0	0.0
  18.59220  0.37571099E-01   333.2	0.0	0.0
  18.60211  0.36117315E-01   332.9	0.0	0.0
  18.61201  0.34799691E-01   333.0	0.0	0.0
  18.62191  0.33768233E-01   332.9	0.0	0.0
  18.63181  0.32587532E-01   332.8	0.0	0.0
  18.64170  0.31142546E-01   333.4	0.0	0.0
  18.65160  0.30129271E-01   332.7	0.0	0.0
  18.66150  0.29122295E-01   332.7	0.0	0.0
  18.67141  0.27840564E-01   332.8	0.0	0.0
  18.68131  0.27174048E-01   332.6	0.0	0.0
  18.69121  0.25905458E-01   332.7	0.0	0.0
  18.70111  0.25143791E-01   333.0	0.0	0.0
  18.71100  0.23902459E-01   333.0	0.0	0.0
  18.72091  0.23209667E-01   332.8	0.0	0.0
  18.73080  0.22116430E-01   333.2	0.0	0.0
  18.74070  0.21418912E-01   333.1	0.0	0.0
  18.75060  0.20615330E-01   332.5	0.0	0.0
  18.76050  0.19694529E-01   333.0	0.0	0.0
  18.77040  0.18781932E-01   332.6	0.0	0.0
  18.78030  0.18059753E-01   332.9	0.0	0.0
  18.79021  0.17390370E-01   332.1	0.0	0.0
  18.80010  0.16666982E-01   332.5	0.0	0.0
  18.81001  0.15923005E-01   332.4	0.0	0.0
  18.81991  0.15338331E-01   332.9	0.0	0.0
  18.82981  0.14584677E-01   332.6	0.0	0.0
  18.83971  0.14166294E-01   332.6	0.0	0.0
  18.84960  0.13435141E-01   332.8	0.0	0.0
  18.85951  0.12884562E-01   333.0	0.0	0.0
  18.86940  0.12360238E-01   332.2	0.0	0.0
  18.87930  0.11957846E-01   332.7	0.0	0.0
  18.88920  0.11377728E-01   332.7	0.0	0.0
  18.89910  0.10929316E-01   331.9	0.0	0.0
  18.90900  0.10455942E-01   333.1	0.0	0.0
  18.91891  0.99438429E-02   332.3	0.0	0.0
  18.92881  0.95434804E-02   333.6	0.0	0.0
  18.93870  0.90287672E-02   332.0	0.0	0.0
  18.94861  0.86096628E-02   333.2	0.0	0.0
  18.95850  0.81899203E-02   332.7	0.0	0.0
  18.96840  0.79039298E-02   331.7	0.0	0.0
  18.97830  0.77242861E-02   332.4	0.0	0.0
  18.98820  0.71096756E-02   333.4	0.0	0.0
  18.99810  0.67831203E-02   332.3	0.0	0.0
  19.00800  0.65353233E-02   331.2	0.0	0.0
  19.01790  0.60021784E-02   330.6	0.0	0.0
  19.02780  0.58368389E-02   332.9	0.0	0.0
  19.03770  0.57029091E-02   333.9	0.0	0.0
  19.04760  0.53598192E-02   334.2	0.0	0.0
  19.05750  0.51904912E-02   332.2	0.0	0.0
  19.06740  0.46063499E-02   331.6	0.0	0.0
  19.07730  0.43875212E-02   331.6	0.0	0.0
  19.08720  0.44644391E-02   334.6	0.0	0.0
  19.09710  0.41920366E-02   333.1	0.0	0.0
  19.10700  0.37476029E-02   331.0	0.0	0.0
  19.11690  0.35009335E-02   334.5	0.0	0.0
  19.12680  0.33833534E-02   332.6	0.0	0.0
  19.13670  0.32265484E-02   333.3	0.0	0.0
  19.14660  0.30998464E-02   330.2	0.0	0.0
  19.15650  0.28585454E-02   332.7	0.0	0.0
  19.16640  0.29770208E-02   329.1	0.0	0.0
  19.17630  0.26757123E-02   333.0	0.0	0.0
  19.18620  0.23503096E-02   335.2	0.0	0.0
  19.19610  0.24341615E-02   332.7	0.0	0.0
  19.20600  0.21571612E-02   331.8	0.0	0.0
  19.21590  0.22785221E-02   329.1	0.0	0.0
  19.22581  0.20427473E-02   334.7	0.0	0.0
  19.23570  0.19327266E-02   328.5	0.0	0.0
  19.24560  0.17039663E-02   333.0	0.0	0.0
  19.25550  0.16386179E-02   329.3	0.0	0.0
  19.26540  0.15322909E-02   326.0	0.0	0.0
  19.27530  0.14892956E-02   329.3	0.0	0.0
  19.28520  0.15163895E-02   329.2	0.0	0.0
  19.29510  0.14369673E-02   334.6	0.0	0.0
  19.30500  0.11023224E-02   325.3	0.0	0.0
  19.31490  0.10446510E-02   326.7	0.0	0.0
  19.32480  0.10851562E-02   338.1	0.0	0.0
  19.33470  0.10496561E-02   328.7	0.0	0.0
  19.34460  0.79980458E-03   324.5	0.0	0.0
  19.35450  0.77091245E-03   332.5	0.0	0.0
  19.36440  0.80654881E-03   339.0	0.0	0.0
  19.37430  0.79669530E-03   334.2	0.0	0.0
  19.38420  0.48469560E-03   320.4	0.0	0.0
  19.39410  0.62843581E-03   316.0	0.0	0.0
  19.40400  0.42160513E-03   311.3	0.0	0.0
  19.41390  0.53564756E-03   328.5	0.0	0.0
  19.42380  0.67305635E-03   325.6	0.0	0.0
  19.43370  0.42655054E-03   344.6	0.0	0.0
  19.44360  0.69263903E-03   329.5	0.0	0.0
  19.45350  0.29846642E-03   331.9	0.0	0.0
  19.46340  0.40320572E-03   327.1	0.0	0.0
  19.47330  0.41909298E-03   352.0	0.0	0.0
  19.48320  0.21950330E-03   264.5	0.0	0.0
  19.49310  0.29833394E-03   307.0	0.0	0.0
  19.50300  0.37559500E-03   314.9	0.0	0.0
  19.51290  0.32741803E-03   313.8	0.0	0.0
  19.52280  0.26443636E-03   332.3	0.0	0.0
  19.53270  0.88202440E-04   505.3	0.0	0.0
  19.54260  0.15304262E-03   681.7	0.0	0.0
  19.55250  0.26080862E-03   644.5	0.0	0.0
  19.56240  0.61035993E-04   625.1	0.0	0.0
  19.57230  0.14386649E-03   670.1	0.0	0.0
  19.58220  0.17222764E-03   557.7	0.0	0.0
  19.59210  0.18247125E-03   381.0	0.0	0.0
  19.60200  0.17366346E-03   667.7	0.0	0.0
  19.61190  0.10352852E-03   613.5	0.0	0.0
  19.62180  0.67315268E-04   583.9	0.0	0.0
  19.63170  0.12268539E-03   557.4	0.0	0.0
  19.64160  0.92636212E-04   624.4	0.0	0.0
  19.65150  0.20574639E-03   654.2	0.0	0.0
  19.66140  0.82088060E-04   485.7	0.0	0.0
  19.67130  0.94349431E-04   514.5	0.0	0.0
  19.68120  0.87281514E-04   594.6	0.0	0.0
  19.69110  0.49578499E-04   527.4	0.0	0.0
  19.70100  0.63596912E-04   541.7	0.0	0.0
  19.71090  0.14498860E-03   617.4	0.0	0.0
  19.72080  0.14132496E-03   601.8	0.0	0.0
  19.73070  0.18764543E-03   590.8	0.0	0.0
  19.74060  0.52093110E-04   618.4	0.0	0.0
  19.75050  0.10993589E-03   575.1	0.0	0.0
  19.76040  0.64988388E-04   423.7	0.0	0.0
  19.77030  0.95449366E-04   641.4	0.0	0.0
  19.78020  0.12493896E-03   539.8	0.0	0.0
  19.79010  0.13211726E-03   543.6	0.0	0.0
  19.80000  0.63828775E-04   620.5	0.0	0.0
