# Response file for NV01-NV11 SP
# 
# Freq(Hz)     Amp(counts/nm)    Phase(deg)  Error(amp)  Error(phase)
# 
 theoretical   0   instrument   fap   V.Gelashvili
1000
   0.10000  0.16045646E-02   240.5	0.0	0.0
   0.11972  0.30117256E-02   241.6	0.0	0.0
   0.13944  0.51343106E-02   242.6	0.0	0.0
   0.15916  0.80498112E-02   243.2	0.0	0.0
   0.17888  0.11152325E-01   243.0	0.0	0.0
   0.19860  0.14932204E-01   242.8	0.0	0.0
   0.21832  0.19447628E-01   242.6	0.0	0.0
   0.23804  0.24803368E-01   242.0	0.0	0.0
   0.25776  0.31278253E-01   239.8	0.0	0.0
   0.27748  0.38774371E-01   237.8	0.0	0.0
   0.29720  0.47362942E-01   236.0	0.0	0.0
   0.31692  0.57048678E-01   234.2	0.0	0.0
   0.33664  0.67685813E-01   232.4	0.0	0.0
   0.35636  0.79528332E-01   230.8	0.0	0.0
   0.37608  0.92634633E-01   229.2	0.0	0.0
   0.39580  0.10677022E+00   227.5	0.0	0.0
   0.41552  0.12130031E+00   225.3	0.0	0.0
   0.43524  0.13699462E+00   223.3	0.0	0.0
   0.45495  0.15388741E+00   221.3	0.0	0.0
   0.47467  0.17178315E+00   219.5	0.0	0.0
   0.49439  0.19032308E+00   217.9	0.0	0.0
   0.51411  0.21002020E+00   216.3	0.0	0.0
   0.53383  0.23089814E+00   214.8	0.0	0.0
   0.55355  0.25327733E+00   213.2	0.0	0.0
   0.57327  0.27755132E+00   211.3	0.0	0.0
   0.59299  0.30321175E+00   209.4	0.0	0.0
   0.61271  0.33028844E+00   207.6	0.0	0.0
   0.63243  0.35822612E+00   205.8	0.0	0.0
   0.65215  0.38653347E+00   204.1	0.0	0.0
   0.67187  0.41613379E+00   202.4	0.0	0.0
   0.69159  0.44704553E+00   200.8	0.0	0.0
   0.71131  0.47812343E+00   199.2	0.0	0.0
   0.73103  0.50870025E+00   197.7	0.0	0.0
   0.75075  0.54034007E+00   196.2	0.0	0.0
   0.77047  0.57305062E+00   194.7	0.0	0.0
   0.79019  0.60589194E+00   193.3	0.0	0.0
   0.80991  0.63855016E+00   192.0	0.0	0.0
   0.82963  0.67212260E+00   190.6	0.0	0.0
   0.84935  0.70660907E+00   189.4	0.0	0.0
   0.86907  0.74287730E+00   188.0	0.0	0.0
   0.88879  0.78106058E+00   186.6	0.0	0.0
   0.90851  0.82030731E+00   185.2	0.0	0.0
   0.92823  0.86062473E+00   183.8	0.0	0.0
   0.94795  0.89948988E+00   182.5	0.0	0.0
   0.96767  0.93694746E+00   181.2	0.0	0.0
   0.98739  0.97516149E+00   179.9	0.0	0.0
   1.00000  0.10000000E+01   178.7	0.0	0.0
   1.02683  0.10523609E+01   177.6	0.0	0.0
   1.04655  0.10900794E+01   176.6	0.0	0.0
   1.06627  0.11284077E+01   175.7	0.0	0.0
   1.08599  0.11673443E+01   174.7	0.0	0.0
   1.10571  0.12086494E+01   173.7	0.0	0.0
   1.12543  0.12518259E+01   172.6	0.0	0.0
   1.14515  0.12957549E+01   171.5	0.0	0.0
   1.16486  0.13404357E+01   170.4	0.0	0.0
   1.18458  0.13825786E+01   169.4	0.0	0.0
   1.20430  0.14234670E+01   168.5	0.0	0.0
   1.22402  0.14648733E+01   167.5	0.0	0.0
   1.24374  0.15067931E+01   166.6	0.0	0.0
   1.26346  0.15483234E+01   165.6	0.0	0.0
   1.28318  0.15899016E+01   164.7	0.0	0.0
   1.30290  0.16319355E+01   163.7	0.0	0.0
   1.32262  0.16744212E+01   162.8	0.0	0.0
   1.34234  0.17157394E+01   162.0	0.0	0.0
   1.36206  0.17568153E+01   161.2	0.0	0.0
   1.38178  0.17982632E+01   160.4	0.0	0.0
   1.40150  0.18400798E+01   159.7	0.0	0.0
   1.42122  0.18823649E+01   158.9	0.0	0.0
   1.44094  0.19250557E+01   158.1	0.0	0.0
   1.46066  0.19681150E+01   157.3	0.0	0.0
   1.48038  0.20115399E+01   156.5	0.0	0.0
   1.50010  0.20546677E+01   155.8	0.0	0.0
   1.51982  0.20979471E+01   155.0	0.0	0.0
   1.53954  0.21415625E+01   154.3	0.0	0.0
   1.55926  0.21855123E+01   153.6	0.0	0.0
   1.57898  0.22281966E+01   152.9	0.0	0.0
   1.59870  0.22708507E+01   152.3	0.0	0.0
   1.61842  0.23137591E+01   151.6	0.0	0.0
   1.63814  0.23569422E+01   151.0	0.0	0.0
   1.65786  0.24005060E+01   150.4	0.0	0.0
   1.67758  0.24443605E+01   149.7	0.0	0.0
   1.69730  0.24884896E+01   149.1	0.0	0.0
   1.71702  0.25328691E+01   148.5	0.0	0.0
   1.73674  0.25738449E+01   148.0	0.0	0.0
   1.75646  0.26146526E+01   147.4	0.0	0.0
   1.77618  0.26556408E+01   146.8	0.0	0.0
   1.79590  0.26968088E+01   146.3	0.0	0.0
   1.81562  0.27381439E+01   145.7	0.0	0.0
   1.83534  0.27796514E+01   145.2	0.0	0.0
   1.85505  0.28213341E+01   144.7	0.0	0.0
   1.87477  0.28631921E+01   144.2	0.0	0.0
   1.89449  0.29059563E+01   143.7	0.0	0.0
   1.91421  0.29489069E+01   143.1	0.0	0.0
   1.93393  0.29920394E+01   142.6	0.0	0.0
   1.95365  0.30353243E+01   142.1	0.0	0.0
   1.97337  0.30776799E+01   141.6	0.0	0.0
   1.99309  0.31201963E+01   141.1	0.0	0.0
   2.01281  0.31628752E+01   140.7	0.0	0.0
   2.03253  0.32056117E+01   140.2	0.0	0.0
   2.05225  0.32470255E+01   139.9	0.0	0.0
   2.07197  0.32885695E+01   139.5	0.0	0.0
   2.09169  0.33302448E+01   139.1	0.0	0.0
   2.11141  0.33721514E+01   138.7	0.0	0.0
   2.13113  0.34149899E+01   138.2	0.0	0.0
   2.15085  0.34579706E+01   137.7	0.0	0.0
   2.17057  0.35010929E+01   137.3	0.0	0.0
   2.19029  0.35443220E+01   136.8	0.0	0.0
   2.21001  0.35875032E+01   136.4	0.0	0.0
   2.22973  0.36308370E+01   136.0	0.0	0.0
   2.24945  0.36743057E+01   135.5	0.0	0.0
   2.26917  0.37172980E+01   135.1	0.0	0.0
   2.28889  0.37576106E+01   134.8	0.0	0.0
   2.30861  0.37980273E+01   134.5	0.0	0.0
   2.32833  0.38385558E+01   134.2	0.0	0.0
   2.34805  0.38795059E+01   133.9	0.0	0.0
   2.36777  0.39217649E+01   133.5	0.0	0.0
   2.38749  0.39641263E+01   133.2	0.0	0.0
   2.40721  0.40066104E+01   132.8	0.0	0.0
   2.42693  0.40489492E+01   132.5	0.0	0.0
   2.44665  0.40905805E+01   132.1	0.0	0.0
   2.46637  0.41322999E+01   131.8	0.0	0.0
   2.48609  0.41741085E+01   131.5	0.0	0.0
   2.50581  0.42155576E+01   131.2	0.0	0.0
   2.52553  0.42560139E+01   130.9	0.0	0.0
   2.54524  0.42965393E+01   130.6	0.0	0.0
   2.56496  0.43371334E+01   130.3	0.0	0.0
   2.58468  0.43780689E+01   130.0	0.0	0.0
   2.60440  0.44196334E+01   129.6	0.0	0.0
   2.62412  0.44612923E+01   129.3	0.0	0.0
   2.64384  0.45030270E+01   129.0	0.0	0.0
   2.66356  0.45444942E+01   128.7	0.0	0.0
   2.68328  0.45854440E+01   128.4	0.0	0.0
   2.70300  0.46264591E+01   128.1	0.0	0.0
   2.72272  0.46675382E+01   127.9	0.0	0.0
   2.74244  0.47085814E+01   127.6	0.0	0.0
   2.76216  0.47495389E+01   127.4	0.0	0.0
   2.78188  0.47905583E+01   127.1	0.0	0.0
   2.80160  0.48316364E+01   126.9	0.0	0.0
   2.82132  0.48723183E+01   126.6	0.0	0.0
   2.84104  0.49125161E+01   126.4	0.0	0.0
   2.86076  0.49527664E+01   126.1	0.0	0.0
   2.88048  0.49930649E+01   125.9	0.0	0.0
   2.90020  0.50334644E+01   125.7	0.0	0.0
   2.91992  0.50739183E+01   125.4	0.0	0.0
   2.93964  0.51144233E+01   125.1	0.0	0.0
   2.95936  0.51549759E+01   124.8	0.0	0.0
   2.97908  0.51950073E+01   124.6	0.0	0.0
   2.99880  0.52345614E+01   124.4	0.0	0.0
   3.01852  0.52740936E+01   124.2	0.0	0.0
   3.03824  0.53136597E+01   124.0	0.0	0.0
   3.05796  0.53542371E+01   123.8	0.0	0.0
   3.07768  0.53956203E+01   123.6	0.0	0.0
   3.09740  0.54370570E+01   123.4	0.0	0.0
   3.11712  0.54784865E+01   123.1	0.0	0.0
   3.13684  0.55190573E+01   122.9	0.0	0.0
   3.15656  0.55590701E+01   122.7	0.0	0.0
   3.17628  0.55991216E+01   122.5	0.0	0.0
   3.19600  0.56392102E+01   122.3	0.0	0.0
   3.21572  0.56773572E+01   122.1	0.0	0.0
   3.23544  0.57144175E+01   121.9	0.0	0.0
   3.25515  0.57514915E+01   121.6	0.0	0.0
   3.27487  0.57885799E+01   121.4	0.0	0.0
   3.29459  0.58284435E+01   121.2	0.0	0.0
   3.31431  0.58696394E+01   121.0	0.0	0.0
   3.33403  0.59108720E+01   120.8	0.0	0.0
   3.35375  0.59521475E+01   120.6	0.0	0.0
   3.37347  0.59926486E+01   120.4	0.0	0.0
   3.39319  0.60328584E+01   120.2	0.0	0.0
   3.41291  0.60731030E+01   120.1	0.0	0.0
   3.43263  0.61133795E+01   119.9	0.0	0.0
   3.45235  0.61525984E+01   119.7	0.0	0.0
   3.47207  0.61914825E+01   119.5	0.0	0.0
   3.49179  0.62303901E+01   119.3	0.0	0.0
   3.51151  0.62693405E+01   119.2	0.0	0.0
   3.53123  0.63093572E+01   119.0	0.0	0.0
   3.55095  0.63496761E+01   118.8	0.0	0.0
   3.57067  0.63900270E+01   118.6	0.0	0.0
   3.59039  0.64304094E+01   118.5	0.0	0.0
   3.61011  0.64702353E+01   118.3	0.0	0.0
   3.62983  0.65099921E+01   118.1	0.0	0.0
   3.64955  0.65497761E+01   118.0	0.0	0.0
   3.66927  0.65895858E+01   117.8	0.0	0.0
   3.68899  0.66300430E+01   117.7	0.0	0.0
   3.70871  0.66706634E+01   117.6	0.0	0.0
   3.72843  0.67113619E+01   117.4	0.0	0.0
   3.74815  0.67520928E+01   117.3	0.0	0.0
   3.76787  0.67917104E+01   117.1	0.0	0.0
   3.78759  0.68312321E+01   117.0	0.0	0.0
   3.80731  0.68708110E+01   116.8	0.0	0.0
   3.82703  0.69104671E+01   116.7	0.0	0.0
   3.84675  0.69502530E+01   116.5	0.0	0.0
   3.86647  0.69900684E+01   116.4	0.0	0.0
   3.88619  0.70299082E+01   116.2	0.0	0.0
   3.90591  0.70697937E+01   116.1	0.0	0.0
   3.92563  0.71098461E+01   115.9	0.0	0.0
   3.94534  0.71499219E+01   115.8	0.0	0.0
   3.96506  0.71900249E+01   115.6	0.0	0.0
   3.98478  0.72301264E+01   115.5	0.0	0.0
   4.00450  0.72691317E+01   115.3	0.0	0.0
   4.02422  0.73081851E+01   115.2	0.0	0.0
   4.04394  0.73472562E+01   115.1	0.0	0.0
   4.06366  0.73862252E+01   115.0	0.0	0.0
   4.08338  0.74233131E+01   114.8	0.0	0.0
   4.10310  0.74604058E+01   114.7	0.0	0.0
   4.12282  0.74975038E+01   114.6	0.0	0.0
   4.14254  0.75347848E+01   114.4	0.0	0.0
   4.16226  0.75737104E+01   114.3	0.0	0.0
   4.18198  0.76126513E+01   114.2	0.0	0.0
   4.20170  0.76516047E+01   114.0	0.0	0.0
   4.22142  0.76903410E+01   113.9	0.0	0.0
   4.24114  0.77278805E+01   113.8	0.0	0.0
   4.26086  0.77654252E+01   113.7	0.0	0.0
   4.28058  0.78029790E+01   113.6	0.0	0.0
   4.30030  0.78412580E+01   113.4	0.0	0.0
   4.32002  0.78829002E+01   113.3	0.0	0.0
   4.33974  0.79245701E+01   113.2	0.0	0.0
   4.35946  0.79662724E+01   113.0	0.0	0.0
   4.37918  0.80074511E+01   112.9	0.0	0.0
   4.39890  0.80466080E+01   112.8	0.0	0.0
   4.41862  0.80856800E+01   112.7	0.0	0.0
   4.43834  0.81247578E+01   112.5	0.0	0.0
   4.45806  0.81636457E+01   112.4	0.0	0.0
   4.47778  0.82019310E+01   112.3	0.0	0.0
   4.49750  0.82402248E+01   112.3	0.0	0.0
   4.51722  0.82784338E+01   112.2	0.0	0.0
   4.53694  0.83168917E+01   112.1	0.0	0.0
   4.55666  0.83559866E+01   111.9	0.0	0.0
   4.57638  0.83950939E+01   111.8	0.0	0.0
   4.59610  0.84342136E+01   111.7	0.0	0.0
   4.61582  0.84730949E+01   111.6	0.0	0.0
   4.63554  0.85115824E+01   111.5	0.0	0.0
   4.65525  0.85500803E+01   111.3	0.0	0.0
   4.67497  0.85885887E+01   111.2	0.0	0.0
   4.69469  0.86271563E+01   111.1	0.0	0.0
   4.71441  0.86657867E+01   111.0	0.0	0.0
   4.73413  0.87044172E+01   110.9	0.0	0.0
   4.75385  0.87430553E+01   110.8	0.0	0.0
   4.77357  0.87817211E+01   110.8	0.0	0.0
   4.79329  0.88204203E+01   110.7	0.0	0.0
   4.81301  0.88591328E+01   110.6	0.0	0.0
   4.83273  0.88978596E+01   110.5	0.0	0.0
   4.85245  0.89366426E+01   110.4	0.0	0.0
   4.87217  0.89754944E+01   110.3	0.0	0.0
   4.89189  0.90143557E+01   110.2	0.0	0.0
   4.91161  0.90532646E+01   110.1	0.0	0.0
   4.93133  0.90919924E+01   109.9	0.0	0.0
   4.95105  0.91304989E+01   109.8	0.0	0.0
   4.97077  0.91690130E+01   109.7	0.0	0.0
   4.99049  0.92075357E+01   109.6	0.0	0.0
   5.01021  0.92454071E+01   109.5	0.0	0.0
   5.02993  0.92826681E+01   109.4	0.0	0.0
   5.04965  0.93199329E+01   109.4	0.0	0.0
   5.06937  0.93571997E+01   109.3	0.0	0.0
   5.08909  0.93949003E+01   109.2	0.0	0.0
   5.10881  0.94330044E+01   109.1	0.0	0.0
   5.12853  0.94711876E+01   109.0	0.0	0.0
   5.14825  0.95093737E+01   109.0	0.0	0.0
   5.16797  0.95470133E+01   108.9	0.0	0.0
   5.18769  0.95842772E+01   108.8	0.0	0.0
   5.20741  0.96215887E+01   108.7	0.0	0.0
   5.22713  0.96589823E+01   108.6	0.0	0.0
   5.24685  0.96978378E+01   108.6	0.0	0.0
   5.26657  0.97375536E+01   108.5	0.0	0.0
   5.28629  0.97772856E+01   108.4	0.0	0.0
   5.30601  0.98170547E+01   108.3	0.0	0.0
   5.32573  0.98569393E+01   108.2	0.0	0.0
   5.34544  0.98968525E+01   108.1	0.0	0.0
   5.36517  0.99367809E+01   108.1	0.0	0.0
   5.38488  0.99767218E+01   108.0	0.0	0.0
   5.40460  0.10016258E+02   107.9	0.0	0.0
   5.42432  0.10055663E+02   107.8	0.0	0.0
   5.44404  0.10095078E+02   107.7	0.0	0.0
   5.46376  0.10134505E+02   107.7	0.0	0.0
   5.48348  0.10171908E+02   107.6	0.0	0.0
   5.50320  0.10208620E+02   107.5	0.0	0.0
   5.52292  0.10245316E+02   107.4	0.0	0.0
   5.54264  0.10282011E+02   107.3	0.0	0.0
   5.56236  0.10321002E+02   107.2	0.0	0.0
   5.58208  0.10360631E+02   107.2	0.0	0.0
   5.60180  0.10400268E+02   107.1	0.0	0.0
   5.62152  0.10439839E+02   107.0	0.0	0.0
   5.64124  0.10479258E+02   107.0	0.0	0.0
   5.66096  0.10518655E+02   106.9	0.0	0.0
   5.68068  0.10558063E+02   106.8	0.0	0.0
   5.70040  0.10597475E+02   106.7	0.0	0.0
   5.72012  0.10637200E+02   106.7	0.0	0.0
   5.73984  0.10677005E+02   106.6	0.0	0.0
   5.75956  0.10716824E+02   106.5	0.0	0.0
   5.77928  0.10756651E+02   106.5	0.0	0.0
   5.79900  0.10793509E+02   106.4	0.0	0.0
   5.81872  0.10829896E+02   106.3	0.0	0.0
   5.83844  0.10866275E+02   106.3	0.0	0.0
   5.85816  0.10902653E+02   106.2	0.0	0.0
   5.87788  0.10941213E+02   106.1	0.0	0.0
   5.89760  0.10979921E+02   106.1	0.0	0.0
   5.91732  0.11018522E+02   106.0	0.0	0.0
   5.93704  0.11057108E+02   105.9	0.0	0.0
   5.95676  0.11095646E+02   105.9	0.0	0.0
   5.97648  0.11134186E+02   105.8	0.0	0.0
   5.99620  0.11172737E+02   105.7	0.0	0.0
   6.01592  0.11211214E+02   105.6	0.0	0.0
   6.03563  0.11249768E+02   105.6	0.0	0.0
   6.05536  0.11288329E+02   105.5	0.0	0.0
   6.07507  0.11326894E+02   105.4	0.0	0.0
   6.09479  0.11365363E+02   105.4	0.0	0.0
   6.11451  0.11401998E+02   105.3	0.0	0.0
   6.13423  0.11438623E+02   105.3	0.0	0.0
   6.15395  0.11475248E+02   105.2	0.0	0.0
   6.17367  0.11511945E+02   105.1	0.0	0.0
   6.19339  0.11549368E+02   105.1	0.0	0.0
   6.21311  0.11586816E+02   105.0	0.0	0.0
   6.23283  0.11624281E+02   104.9	0.0	0.0
   6.25255  0.11661748E+02   104.9	0.0	0.0
   6.27227  0.11699203E+02   104.8	0.0	0.0
   6.29199  0.11736663E+02   104.7	0.0	0.0
   6.31171  0.11774188E+02   104.7	0.0	0.0
   6.33143  0.11811656E+02   104.6	0.0	0.0
   6.35115  0.11848628E+02   104.5	0.0	0.0
   6.37087  0.11885601E+02   104.5	0.0	0.0
   6.39059  0.11922578E+02   104.4	0.0	0.0
   6.41031  0.11959836E+02   104.3	0.0	0.0
   6.43003  0.11997954E+02   104.3	0.0	0.0
   6.44975  0.12036081E+02   104.3	0.0	0.0
   6.46947  0.12074208E+02   104.2	0.0	0.0
   6.48919  0.12112563E+02   104.2	0.0	0.0
   6.50891  0.12151672E+02   104.1	0.0	0.0
   6.52863  0.12190882E+02   104.0	0.0	0.0
   6.54835  0.12230100E+02   104.0	0.0	0.0
   6.56807  0.12268995E+02   103.9	0.0	0.0
   6.58779  0.12307055E+02   103.9	0.0	0.0
   6.60751  0.12345178E+02   103.8	0.0	0.0
   6.62723  0.12383394E+02   103.8	0.0	0.0
   6.64695  0.12421422E+02   103.7	0.0	0.0
   6.66667  0.12459041E+02   103.7	0.0	0.0
   6.68639  0.12496663E+02   103.6	0.0	0.0
   6.70611  0.12534315E+02   103.5	0.0	0.0
   6.72582  0.12572056E+02   103.5	0.0	0.0
   6.74554  0.12609832E+02   103.4	0.0	0.0
   6.76526  0.12647611E+02   103.4	0.0	0.0
   6.78498  0.12685392E+02   103.3	0.0	0.0
   6.80470  0.12723403E+02   103.3	0.0	0.0
   6.82442  0.12761763E+02   103.2	0.0	0.0
   6.84414  0.12800128E+02   103.2	0.0	0.0
   6.86386  0.12838496E+02   103.1	0.0	0.0
   6.88358  0.12877098E+02   103.0	0.0	0.0
   6.90330  0.12915985E+02   103.0	0.0	0.0
   6.92302  0.12954824E+02   103.0	0.0	0.0
   6.94274  0.12993669E+02   102.9	0.0	0.0
   6.96246  0.13032851E+02   102.9	0.0	0.0
   6.98218  0.13072411E+02   102.8	0.0	0.0
   7.00190  0.13111961E+02   102.7	0.0	0.0
   7.02162  0.13151402E+02   102.7	0.0	0.0
   7.04134  0.13190008E+02   102.6	0.0	0.0
   7.06106  0.13227821E+02   102.5	0.0	0.0
   7.08078  0.13265636E+02   102.5	0.0	0.0
   7.10050  0.13303450E+02   102.4	0.0	0.0
   7.12022  0.13341320E+02   102.4	0.0	0.0
   7.13994  0.13379382E+02   102.4	0.0	0.0
   7.15966  0.13417447E+02   102.3	0.0	0.0
   7.17938  0.13455515E+02   102.3	0.0	0.0
   7.19910  0.13493258E+02   102.2	0.0	0.0
   7.21882  0.13530591E+02   102.2	0.0	0.0
   7.23854  0.13567920E+02   102.1	0.0	0.0
   7.25826  0.13605247E+02   102.1	0.0	0.0
   7.27798  0.13643629E+02   102.1	0.0	0.0
   7.29770  0.13682644E+02   102.0	0.0	0.0
   7.31742  0.13721528E+02   102.0	0.0	0.0
   7.33714  0.13760402E+02   101.9	0.0	0.0
   7.35686  0.13798687E+02   101.9	0.0	0.0
   7.37658  0.13836673E+02   101.8	0.0	0.0
   7.39630  0.13874660E+02   101.8	0.0	0.0
   7.41601  0.13912581E+02   101.7	0.0	0.0
   7.43574  0.13949804E+02   101.7	0.0	0.0
   7.45545  0.13986734E+02   101.6	0.0	0.0
   7.47517  0.14023665E+02   101.6	0.0	0.0
   7.49489  0.14060595E+02   101.5	0.0	0.0
   7.51461  0.14097212E+02   101.5	0.0	0.0
   7.53433  0.14133718E+02   101.4	0.0	0.0
   7.55405  0.14170218E+02   101.4	0.0	0.0
   7.57377  0.14206723E+02   101.3	0.0	0.0
   7.59349  0.14243428E+02   101.3	0.0	0.0
   7.61321  0.14280250E+02   101.2	0.0	0.0
   7.63293  0.14317101E+02   101.2	0.0	0.0
   7.65265  0.14353952E+02   101.1	0.0	0.0
   7.67237  0.14389531E+02   101.1	0.0	0.0
   7.69209  0.14424827E+02   101.0	0.0	0.0
   7.71181  0.14460213E+02   101.0	0.0	0.0
   7.73153  0.14495660E+02   101.0	0.0	0.0
   7.75125  0.14531716E+02   100.9	0.0	0.0
   7.77097  0.14567874E+02   100.9	0.0	0.0
   7.79069  0.14604028E+02   100.9	0.0	0.0
   7.81041  0.14640286E+02   100.8	0.0	0.0
   7.83013  0.14679132E+02   100.8	0.0	0.0
   7.84985  0.14718283E+02   100.7	0.0	0.0
   7.86957  0.14757435E+02   100.7	0.0	0.0
   7.88929  0.14796595E+02   100.6	0.0	0.0
   7.90901  0.14837327E+02   100.6	0.0	0.0
   7.92873  0.14878286E+02   100.6	0.0	0.0
   7.94845  0.14919255E+02   100.5	0.0	0.0
   7.96817  0.14960231E+02   100.5	0.0	0.0
   7.98789  0.14996927E+02   100.4	0.0	0.0
   8.00761  0.15033547E+02   100.4	0.0	0.0
   8.02733  0.15070256E+02   100.3	0.0	0.0
   8.04705  0.15106997E+02   100.3	0.0	0.0
   8.06676  0.15146799E+02   100.3	0.0	0.0
   8.08649  0.15186611E+02   100.2	0.0	0.0
   8.10621  0.15226453E+02   100.2	0.0	0.0
   8.12593  0.15266251E+02   100.1	0.0	0.0
   8.14565  0.15304078E+02   100.1	0.0	0.0
   8.16537  0.15341905E+02   100.1	0.0	0.0
   8.18508  0.15379732E+02   100.0	0.0	0.0
   8.20480  0.15417581E+02   100.0	0.0	0.0
   8.22453  0.15455640E+02   100.0	0.0	0.0
   8.24424  0.15493697E+02    99.9	0.0	0.0
   8.26396  0.15531762E+02    99.9	0.0	0.0
   8.28368  0.15569783E+02    99.8	0.0	0.0
   8.30340  0.15607474E+02    99.8	0.0	0.0
   8.32312  0.15645063E+02    99.8	0.0	0.0
   8.34284  0.15682652E+02    99.7	0.0	0.0
   8.36256  0.15720304E+02    99.7	0.0	0.0
   8.38228  0.15758245E+02    99.7	0.0	0.0
   8.40200  0.15796167E+02    99.6	0.0	0.0
   8.42172  0.15833919E+02    99.6	0.0	0.0
   8.44144  0.15871428E+02    99.5	0.0	0.0
   8.46116  0.15907948E+02    99.5	0.0	0.0
   8.48088  0.15944471E+02    99.5	0.0	0.0
   8.50060  0.15980987E+02    99.4	0.0	0.0
   8.52032  0.16017420E+02    99.4	0.0	0.0
   8.54004  0.16054281E+02    99.4	0.0	0.0
   8.55976  0.16091139E+02    99.3	0.0	0.0
   8.57948  0.16127998E+02    99.3	0.0	0.0
   8.59920  0.16165304E+02    99.2	0.0	0.0
   8.61892  0.16203594E+02    99.2	0.0	0.0
   8.63864  0.16241879E+02    99.1	0.0	0.0
   8.65836  0.16280163E+02    99.1	0.0	0.0
   8.67808  0.16318344E+02    99.1	0.0	0.0
   8.69780  0.16356287E+02    99.0	0.0	0.0
   8.71752  0.16394108E+02    99.0	0.0	0.0
   8.73724  0.16431913E+02    99.0	0.0	0.0
   8.75696  0.16469233E+02    99.0	0.0	0.0
   8.77668  0.16505650E+02    98.9	0.0	0.0
   8.79640  0.16542065E+02    98.9	0.0	0.0
   8.81612  0.16578444E+02    98.8	0.0	0.0
   8.83584  0.16615269E+02    98.8	0.0	0.0
   8.85556  0.16652803E+02    98.8	0.0	0.0
   8.87527  0.16690338E+02    98.8	0.0	0.0
   8.89499  0.16727871E+02    98.7	0.0	0.0
   8.91471  0.16765583E+02    98.7	0.0	0.0
   8.93443  0.16803474E+02    98.6	0.0	0.0
   8.95415  0.16841373E+02    98.6	0.0	0.0
   8.97387  0.16879271E+02    98.6	0.0	0.0
   8.99359  0.16917149E+02    98.5	0.0	0.0
   9.01331  0.16955111E+02    98.5	0.0	0.0
   9.03303  0.16993124E+02    98.5	0.0	0.0
   9.05275  0.17031147E+02    98.4	0.0	0.0
   9.07247  0.17068558E+02    98.4	0.0	0.0
   9.09219  0.17105379E+02    98.4	0.0	0.0
   9.11191  0.17142332E+02    98.3	0.0	0.0
   9.13163  0.17179379E+02    98.3	0.0	0.0
   9.15135  0.17216642E+02    98.3	0.0	0.0
   9.17107  0.17254091E+02    98.2	0.0	0.0
   9.19079  0.17291542E+02    98.2	0.0	0.0
   9.21051  0.17329121E+02    98.2	0.0	0.0
   9.23023  0.17365891E+02    98.1	0.0	0.0
   9.24995  0.17402004E+02    98.1	0.0	0.0
   9.26967  0.17438110E+02    98.1	0.0	0.0
   9.28939  0.17474216E+02    98.0	0.0	0.0
   9.30911  0.17510685E+02    98.0	0.0	0.0
   9.32883  0.17547432E+02    98.0	0.0	0.0
   9.34855  0.17584173E+02    98.0	0.0	0.0
   9.36827  0.17620918E+02    97.9	0.0	0.0
   9.38799  0.17658813E+02    97.9	0.0	0.0
   9.40771  0.17697359E+02    97.9	0.0	0.0
   9.42743  0.17735985E+02    97.8	0.0	0.0
   9.44715  0.17774611E+02    97.8	0.0	0.0
   9.46687  0.17814342E+02    97.7	0.0	0.0
   9.48659  0.17854559E+02    97.7	0.0	0.0
   9.50631  0.17894787E+02    97.7	0.0	0.0
   9.52603  0.17935032E+02    97.6	0.0	0.0
   9.54574  0.17974216E+02    97.6	0.0	0.0
   9.56546  0.18013027E+02    97.6	0.0	0.0
   9.58519  0.18051844E+02    97.5	0.0	0.0
   9.60490  0.18090633E+02    97.5	0.0	0.0
   9.62462  0.18128107E+02    97.5	0.0	0.0
   9.64434  0.18165222E+02    97.5	0.0	0.0
   9.66406  0.18202330E+02    97.5	0.0	0.0
   9.68378  0.18239443E+02    97.4	0.0	0.0
   9.70350  0.18276289E+02    97.4	0.0	0.0
   9.72322  0.18312916E+02    97.4	0.0	0.0
   9.74294  0.18349543E+02    97.4	0.0	0.0
   9.76266  0.18386164E+02    97.3	0.0	0.0
   9.78238  0.18424437E+02    97.3	0.0	0.0
   9.80210  0.18462982E+02    97.2	0.0	0.0
   9.82182  0.18501291E+02    97.2	0.0	0.0
   9.84154  0.18539606E+02    97.2	0.0	0.0
   9.86126  0.18576687E+02    97.1	0.0	0.0
   9.88098  0.18613611E+02    97.1	0.0	0.0
   9.90070  0.18650524E+02    97.1	0.0	0.0
   9.92042  0.18687197E+02    97.1	0.0	0.0
   9.94014  0.18724613E+02    97.0	0.0	0.0
   9.95986  0.18762096E+02    97.0	0.0	0.0
   9.97958  0.18799580E+02    97.0	0.0	0.0
   9.99930  0.18837061E+02    96.9	0.0	0.0
  10.01902  0.18873920E+02    96.9	0.0	0.0
  10.03874  0.18910761E+02    96.9	0.0	0.0
  10.05846  0.18947594E+02    96.8	0.0	0.0
  10.07818  0.18984432E+02    96.8	0.0	0.0
  10.09790  0.19022167E+02    96.8	0.0	0.0
  10.11762  0.19059816E+02    96.8	0.0	0.0
  10.13734  0.19097448E+02    96.8	0.0	0.0
  10.15706  0.19135038E+02    96.7	0.0	0.0
  10.17678  0.19171490E+02    96.7	0.0	0.0
  10.19650  0.19207937E+02    96.7	0.0	0.0
  10.21622  0.19244406E+02    96.7	0.0	0.0
  10.23594  0.19280903E+02    96.6	0.0	0.0
  10.25566  0.19317678E+02    96.6	0.0	0.0
  10.27537  0.19354448E+02    96.6	0.0	0.0
  10.29509  0.19391218E+02    96.6	0.0	0.0
  10.31482  0.19427773E+02    96.5	0.0	0.0
  10.33453  0.19461847E+02    96.5	0.0	0.0
  10.35425  0.19495918E+02    96.5	0.0	0.0
  10.37397  0.19529987E+02    96.4	0.0	0.0
  10.39369  0.19564465E+02    96.4	0.0	0.0
  10.41341  0.19601389E+02    96.4	0.0	0.0
  10.43313  0.19638380E+02    96.3	0.0	0.0
  10.45285  0.19675369E+02    96.3	0.0	0.0
  10.47257  0.19712454E+02    96.3	0.0	0.0
  10.49229  0.19749880E+02    96.3	0.0	0.0
  10.51201  0.19787487E+02    96.2	0.0	0.0
  10.53173  0.19825203E+02    96.2	0.0	0.0
  10.55145  0.19863129E+02    96.2	0.0	0.0
  10.57117  0.19901735E+02    96.2	0.0	0.0
  10.59089  0.19940357E+02    96.1	0.0	0.0
  10.61061  0.19979115E+02    96.1	0.0	0.0
  10.63033  0.20017721E+02    96.1	0.0	0.0
  10.65005  0.20055590E+02    96.1	0.0	0.0
  10.66977  0.20093462E+02    96.0	0.0	0.0
  10.68949  0.20131336E+02    96.0	0.0	0.0
  10.70921  0.20169365E+02    96.0	0.0	0.0
  10.72893  0.20207670E+02    96.0	0.0	0.0
  10.74865  0.20245979E+02    95.9	0.0	0.0
  10.76837  0.20284290E+02    95.9	0.0	0.0
  10.78809  0.20322657E+02    95.9	0.0	0.0
  10.80781  0.20361151E+02    95.8	0.0	0.0
  10.82753  0.20399694E+02    95.8	0.0	0.0
  10.84725  0.20438232E+02    95.8	0.0	0.0
  10.86697  0.20475700E+02    95.7	0.0	0.0
  10.88669  0.20511450E+02    95.7	0.0	0.0
  10.90640  0.20547165E+02    95.7	0.0	0.0
  10.92613  0.20582840E+02    95.7	0.0	0.0
  10.94585  0.20619028E+02    95.6	0.0	0.0
  10.96556  0.20655931E+02    95.6	0.0	0.0
  10.98528  0.20692833E+02    95.6	0.0	0.0
  11.00500  0.20729683E+02    95.6	0.0	0.0
  11.02472  0.20767803E+02    95.6	0.0	0.0
  11.04444  0.20807581E+02    95.5	0.0	0.0
  11.06416  0.20847364E+02    95.5	0.0	0.0
  11.08388  0.20887150E+02    95.5	0.0	0.0
  11.10360  0.20924929E+02    95.4	0.0	0.0
  11.12332  0.20960508E+02    95.4	0.0	0.0
  11.14304  0.20996088E+02    95.4	0.0	0.0
  11.16276  0.21031664E+02    95.4	0.0	0.0
  11.18248  0.21068253E+02    95.3	0.0	0.0
  11.20220  0.21105684E+02    95.3	0.0	0.0
  11.22192  0.21142841E+02    95.3	0.0	0.0
  11.24164  0.21180006E+02    95.3	0.0	0.0
  11.26136  0.21218630E+02    95.3	0.0	0.0
  11.28108  0.21258320E+02    95.2	0.0	0.0
  11.30080  0.21298012E+02    95.2	0.0	0.0
  11.32052  0.21337463E+02    95.2	0.0	0.0
  11.34024  0.21375263E+02    95.1	0.0	0.0
  11.35996  0.21412029E+02    95.1	0.0	0.0
  11.37968  0.21448795E+02    95.1	0.0	0.0
  11.39940  0.21485552E+02    95.1	0.0	0.0
  11.41912  0.21521540E+02    95.1	0.0	0.0
  11.43884  0.21557180E+02    95.0	0.0	0.0
  11.45856  0.21592817E+02    95.0	0.0	0.0
  11.47828  0.21628458E+02    95.0	0.0	0.0
  11.49800  0.21664555E+02    95.0	0.0	0.0
  11.51772  0.21700850E+02    95.0	0.0	0.0
  11.53744  0.21737131E+02    94.9	0.0	0.0
  11.55716  0.21773413E+02    94.9	0.0	0.0
  11.57688  0.21810429E+02    94.9	0.0	0.0
  11.59660  0.21847721E+02    94.9	0.0	0.0
  11.61631  0.21885115E+02    94.8	0.0	0.0
  11.63603  0.21922531E+02    94.8	0.0	0.0
  11.65575  0.21958496E+02    94.8	0.0	0.0
  11.67548  0.21994020E+02    94.8	0.0	0.0
  11.69520  0.22029539E+02    94.7	0.0	0.0
  11.71492  0.22065245E+02    94.7	0.0	0.0
  11.73463  0.22102795E+02    94.7	0.0	0.0
  11.75435  0.22140772E+02    94.7	0.0	0.0
  11.77407  0.22178759E+02    94.7	0.0	0.0
  11.79379  0.22216736E+02    94.7	0.0	0.0
  11.81351  0.22256290E+02    94.6	0.0	0.0
  11.83323  0.22296192E+02    94.6	0.0	0.0
  11.85295  0.22336096E+02    94.6	0.0	0.0
  11.87267  0.22376007E+02    94.5	0.0	0.0
  11.89239  0.22410686E+02    94.5	0.0	0.0
  11.91211  0.22444855E+02    94.5	0.0	0.0
  11.93183  0.22479137E+02    94.5	0.0	0.0
  11.95155  0.22513414E+02    94.4	0.0	0.0
  11.97127  0.22550249E+02    94.4	0.0	0.0
  11.99099  0.22587303E+02    94.4	0.0	0.0
  12.01071  0.22624485E+02    94.4	0.0	0.0
  12.03043  0.22661781E+02    94.4	0.0	0.0
  12.05015  0.22702177E+02    94.3	0.0	0.0
  12.06987  0.22742706E+02    94.3	0.0	0.0
  12.08959  0.22783243E+02    94.3	0.0	0.0
  12.10931  0.22823841E+02    94.3	0.0	0.0
  12.12903  0.22860487E+02    94.2	0.0	0.0
  12.14875  0.22897116E+02    94.2	0.0	0.0
  12.16847  0.22933743E+02    94.2	0.0	0.0
  12.18819  0.22970503E+02    94.2	0.0	0.0
  12.20791  0.23010736E+02    94.2	0.0	0.0
  12.22763  0.23050951E+02    94.1	0.0	0.0
  12.24735  0.23091169E+02    94.1	0.0	0.0
  12.26707  0.23131189E+02    94.1	0.0	0.0
  12.28679  0.23168650E+02    94.1	0.0	0.0
  12.30651  0.23206041E+02    94.1	0.0	0.0
  12.32623  0.23243309E+02    94.0	0.0	0.0
  12.34595  0.23280491E+02    94.0	0.0	0.0
  12.36566  0.23317009E+02    94.0	0.0	0.0
  12.38538  0.23353529E+02    94.0	0.0	0.0
  12.40510  0.23389971E+02    94.0	0.0	0.0
  12.42482  0.23425945E+02    93.9	0.0	0.0
  12.44454  0.23460543E+02    93.9	0.0	0.0
  12.46426  0.23495144E+02    93.9	0.0	0.0
  12.48398  0.23529737E+02    93.9	0.0	0.0
  12.50370  0.23564800E+02    93.8	0.0	0.0
  12.52342  0.23601938E+02    93.8	0.0	0.0
  12.54314  0.23639072E+02    93.8	0.0	0.0
  12.56286  0.23676210E+02    93.8	0.0	0.0
  12.58258  0.23713585E+02    93.8	0.0	0.0
  12.60230  0.23751770E+02    93.7	0.0	0.0
  12.62202  0.23789669E+02    93.7	0.0	0.0
  12.64174  0.23827574E+02    93.7	0.0	0.0
  12.66146  0.23865778E+02    93.7	0.0	0.0
  12.68118  0.23904812E+02    93.7	0.0	0.0
  12.70090  0.23943844E+02    93.6	0.0	0.0
  12.72062  0.23982685E+02    93.6	0.0	0.0
  12.74034  0.24021196E+02    93.6	0.0	0.0
  12.76006  0.24058956E+02    93.6	0.0	0.0
  12.77978  0.24096716E+02    93.5	0.0	0.0
  12.79950  0.24134474E+02    93.5	0.0	0.0
  12.81922  0.24169928E+02    93.5	0.0	0.0
  12.83894  0.24201021E+02    93.5	0.0	0.0
  12.85866  0.24232105E+02    93.5	0.0	0.0
  12.87838  0.24263184E+02    93.5	0.0	0.0
  12.89810  0.24296192E+02    93.4	0.0	0.0
  12.91782  0.24332502E+02    93.4	0.0	0.0
  12.93754  0.24368820E+02    93.4	0.0	0.0
  12.95726  0.24405140E+02    93.4	0.0	0.0
  12.97698  0.24442337E+02    93.4	0.0	0.0
  12.99670  0.24480770E+02    93.3	0.0	0.0
  13.01642  0.24519438E+02    93.3	0.0	0.0
  13.03614  0.24558144E+02    93.3	0.0	0.0
  13.05585  0.24595314E+02    93.3	0.0	0.0
  13.07557  0.24630644E+02    93.3	0.0	0.0
  13.09529  0.24665972E+02    93.2	0.0	0.0
  13.11501  0.24701567E+02    93.2	0.0	0.0
  13.13474  0.24737673E+02    93.2	0.0	0.0
  13.15445  0.24774199E+02    93.2	0.0	0.0
  13.17417  0.24810722E+02    93.1	0.0	0.0
  13.19389  0.24847256E+02    93.1	0.0	0.0
  13.21361  0.24883673E+02    93.1	0.0	0.0
  13.23333  0.24919899E+02    93.1	0.0	0.0
  13.25305  0.24956121E+02    93.1	0.0	0.0
  13.27277  0.24992346E+02    93.0	0.0	0.0
  13.29249  0.25030731E+02    93.0	0.0	0.0
  13.31221  0.25070927E+02    93.0	0.0	0.0
  13.33193  0.25111237E+02    93.0	0.0	0.0
  13.35165  0.25151558E+02    93.0	0.0	0.0
  13.37137  0.25192259E+02    93.0	0.0	0.0
  13.39109  0.25233225E+02    93.0	0.0	0.0
  13.41081  0.25274267E+02    92.9	0.0	0.0
  13.43053  0.25315378E+02    92.9	0.0	0.0
  13.45025  0.25352497E+02    92.9	0.0	0.0
  13.46997  0.25387442E+02    92.9	0.0	0.0
  13.48969  0.25422371E+02    92.9	0.0	0.0
  13.50941  0.25457283E+02    92.9	0.0	0.0
  13.52913  0.25494061E+02    92.8	0.0	0.0
  13.54885  0.25531712E+02    92.8	0.0	0.0
  13.56857  0.25569368E+02    92.8	0.0	0.0
  13.58829  0.25607025E+02    92.8	0.0	0.0
  13.60801  0.25645296E+02    92.7	0.0	0.0
  13.62773  0.25683704E+02    92.7	0.0	0.0
  13.64745  0.25722111E+02    92.7	0.0	0.0
  13.66717  0.25760530E+02    92.7	0.0	0.0
  13.68688  0.25797943E+02    92.7	0.0	0.0
  13.70660  0.25834927E+02    92.7	0.0	0.0
  13.72633  0.25871668E+02    92.6	0.0	0.0
  13.74605  0.25908407E+02    92.6	0.0	0.0
  13.76577  0.25946518E+02    92.6	0.0	0.0
  13.78549  0.25984968E+02    92.6	0.0	0.0
  13.80520  0.26023308E+02    92.6	0.0	0.0
  13.82493  0.26061359E+02    92.5	0.0	0.0
  13.84464  0.26100018E+02    92.5	0.0	0.0
  13.86436  0.26138817E+02    92.5	0.0	0.0
  13.88408  0.26177610E+02    92.5	0.0	0.0
  13.90380  0.26216341E+02    92.4	0.0	0.0
  13.92352  0.26251514E+02    92.4	0.0	0.0
  13.94324  0.26286226E+02    92.4	0.0	0.0
  13.96296  0.26320938E+02    92.4	0.0	0.0
  13.98268  0.26355648E+02    92.4	0.0	0.0
  14.00240  0.26389507E+02    92.4	0.0	0.0
  14.02212  0.26423096E+02    92.4	0.0	0.0
  14.04184  0.26456680E+02    92.3	0.0	0.0
  14.06156  0.26490267E+02    92.3	0.0	0.0
  14.08128  0.26526867E+02    92.3	0.0	0.0
  14.10100  0.26563616E+02    92.3	0.0	0.0
  14.12072  0.26600351E+02    92.3	0.0	0.0
  14.14044  0.26637093E+02    92.2	0.0	0.0
  14.16016  0.26672976E+02    92.2	0.0	0.0
  14.17988  0.26708849E+02    92.2	0.0	0.0
  14.19960  0.26744720E+02    92.2	0.0	0.0
  14.21932  0.26780785E+02    92.2	0.0	0.0
  14.23904  0.26816465E+02    92.2	0.0	0.0
  14.25876  0.26852140E+02    92.2	0.0	0.0
  14.27848  0.26887815E+02    92.1	0.0	0.0
  14.29820  0.26923655E+02    92.1	0.0	0.0
  14.31792  0.26962166E+02    92.1	0.0	0.0
  14.33764  0.27000717E+02    92.1	0.0	0.0
  14.35736  0.27039265E+02    92.0	0.0	0.0
  14.37708  0.27077528E+02    92.0	0.0	0.0
  14.39680  0.27113283E+02    92.0	0.0	0.0
  14.41652  0.27149437E+02    92.0	0.0	0.0
  14.43624  0.27185663E+02    92.0	0.0	0.0
  14.45596  0.27221863E+02    91.9	0.0	0.0
  14.47567  0.27257940E+02    91.9	0.0	0.0
  14.49540  0.27294027E+02    91.9	0.0	0.0
  14.51511  0.27330431E+02    91.9	0.0	0.0
  14.53483  0.27367752E+02    91.9	0.0	0.0
  14.55455  0.27408728E+02    91.9	0.0	0.0
  14.57427  0.27449699E+02    91.9	0.0	0.0
  14.59399  0.27490685E+02    91.9	0.0	0.0
  14.61371  0.27529892E+02    91.8	0.0	0.0
  14.63343  0.27562160E+02    91.8	0.0	0.0
  14.65315  0.27594421E+02    91.8	0.0	0.0
  14.67287  0.27626677E+02    91.8	0.0	0.0
  14.69259  0.27661486E+02    91.8	0.0	0.0
  14.71231  0.27703642E+02    91.7	0.0	0.0
  14.73203  0.27745825E+02    91.7	0.0	0.0
  14.75175  0.27788021E+02    91.7	0.0	0.0
  14.77147  0.27828732E+02    91.7	0.0	0.0
  14.79119  0.27865934E+02    91.7	0.0	0.0
  14.81091  0.27902988E+02    91.6	0.0	0.0
  14.83063  0.27939941E+02    91.6	0.0	0.0
  14.85035  0.27976658E+02    91.6	0.0	0.0
  14.87007  0.28012907E+02    91.6	0.0	0.0
  14.88979  0.28049152E+02    91.6	0.0	0.0
  14.90951  0.28085175E+02    91.5	0.0	0.0
  14.92923  0.28122278E+02    91.5	0.0	0.0
  14.94895  0.28161644E+02    91.5	0.0	0.0
  14.96867  0.28201014E+02    91.5	0.0	0.0
  14.98839  0.28240385E+02    91.5	0.0	0.0
  15.00811  0.28277935E+02    91.5	0.0	0.0
  15.02783  0.28312885E+02    91.5	0.0	0.0
  15.04755  0.28347820E+02    91.4	0.0	0.0
  15.06726  0.28382755E+02    91.4	0.0	0.0
  15.08698  0.28417643E+02    91.4	0.0	0.0
  15.10671  0.28452288E+02    91.4	0.0	0.0
  15.12643  0.28486591E+02    91.4	0.0	0.0
  15.14615  0.28520889E+02    91.4	0.0	0.0
  15.16586  0.28556644E+02    91.3	0.0	0.0
  15.18559  0.28593941E+02    91.3	0.0	0.0
  15.20531  0.28631172E+02    91.3	0.0	0.0
  15.22502  0.28668219E+02    91.3	0.0	0.0
  15.24474  0.28706165E+02    91.3	0.0	0.0
  15.26446  0.28744909E+02    91.3	0.0	0.0
  15.28418  0.28783667E+02    91.3	0.0	0.0
  15.30390  0.28822447E+02    91.3	0.0	0.0
  15.32362  0.28859453E+02    91.2	0.0	0.0
  15.34334  0.28894964E+02    91.2	0.0	0.0
  15.36306  0.28930477E+02    91.2	0.0	0.0
  15.38278  0.28965984E+02    91.2	0.0	0.0
  15.40250  0.28998760E+02    91.2	0.0	0.0
  15.42222  0.29030214E+02    91.2	0.0	0.0
  15.44194  0.29061663E+02    91.2	0.0	0.0
  15.46166  0.29093094E+02    91.2	0.0	0.0
  15.48138  0.29129560E+02    91.1	0.0	0.0
  15.50110  0.29168898E+02    91.1	0.0	0.0
  15.52082  0.29209085E+02    91.1	0.0	0.0
  15.54054  0.29249290E+02    91.1	0.0	0.0
  15.56026  0.29289564E+02    91.0	0.0	0.0
  15.57998  0.29329866E+02    91.0	0.0	0.0
  15.59970  0.29370173E+02    91.0	0.0	0.0
  15.61942  0.29411318E+02    91.0	0.0	0.0
  15.63914  0.29447170E+02    91.0	0.0	0.0
  15.65886  0.29480928E+02    90.9	0.0	0.0
  15.67858  0.29514687E+02    90.9	0.0	0.0
  15.69830  0.29548435E+02    90.9	0.0	0.0
  15.71802  0.29587212E+02    90.9	0.0	0.0
  15.73774  0.29627573E+02    90.9	0.0	0.0
  15.75746  0.29667950E+02    90.9	0.0	0.0
  15.77718  0.29708317E+02    90.9	0.0	0.0
  15.79690  0.29746084E+02    90.8	0.0	0.0
  15.81662  0.29782011E+02    90.8	0.0	0.0
  15.83634  0.29817720E+02    90.8	0.0	0.0
  15.85606  0.29853428E+02    90.8	0.0	0.0
  15.87578  0.29889393E+02    90.8	0.0	0.0
  15.89549  0.29925396E+02    90.8	0.0	0.0
  15.91521  0.29958412E+02    90.7	0.0	0.0
  15.93493  0.29990528E+02    90.7	0.0	0.0
  15.95465  0.30023176E+02    90.7	0.0	0.0
  15.97437  0.30055893E+02    90.7	0.0	0.0
  15.99409  0.30088606E+02    90.7	0.0	0.0
  16.01381  0.30116083E+02    90.6	0.0	0.0
  16.03353  0.30146278E+02    90.6	0.0	0.0
  16.05325  0.30176975E+02    90.6	0.0	0.0
  16.07297  0.30207664E+02    90.6	0.0	0.0
  16.09269  0.30238350E+02    90.6	0.0	0.0
  16.11241  0.30256390E+02    90.6	0.0	0.0
  16.13213  0.30269646E+02    90.6	0.0	0.0
  16.15185  0.30282898E+02    90.6	0.0	0.0
  16.17157  0.30296133E+02    90.5	0.0	0.0
  16.19129  0.30308836E+02    90.5	0.0	0.0
  16.21101  0.30311676E+02    90.5	0.0	0.0
  16.23073  0.30306730E+02    90.5	0.0	0.0
  16.25045  0.30301840E+02    90.5	0.0	0.0
  16.27017  0.30299095E+02    90.5	0.0	0.0
  16.28989  0.30296352E+02    90.5	0.0	0.0
  16.30961  0.30282007E+02    90.4	0.0	0.0
  16.32933  0.30255159E+02    90.4	0.0	0.0
  16.34905  0.30223104E+02    90.4	0.0	0.0
  16.36877  0.30191126E+02    90.4	0.0	0.0
  16.38848  0.30159222E+02    90.4	0.0	0.0
  16.40821  0.30115072E+02    90.3	0.0	0.0
  16.42793  0.30056114E+02    90.3	0.0	0.0
  16.44765  0.29997335E+02    90.3	0.0	0.0
  16.46737  0.29938755E+02    90.3	0.0	0.0
  16.48709  0.29880587E+02    90.3	0.0	0.0
  16.50681  0.29811314E+02    90.3	0.0	0.0
  16.52653  0.29718250E+02    90.3	0.0	0.0
  16.54625  0.29625610E+02    90.3	0.0	0.0
  16.56596  0.29532721E+02    90.3	0.0	0.0
  16.58568  0.29437231E+02    90.2	0.0	0.0
  16.60540  0.29330393E+02    90.2	0.0	0.0
  16.62512  0.29193018E+02    90.2	0.0	0.0
  16.64484  0.29058247E+02    90.2	0.0	0.0
  16.66457  0.28930853E+02    90.2	0.0	0.0
  16.68428  0.28804188E+02    90.1	0.0	0.0
  16.70400  0.28668388E+02    90.1	0.0	0.0
  16.72372  0.28493219E+02    90.1	0.0	0.0
  16.74344  0.28314213E+02    90.1	0.0	0.0
  16.76316  0.28136547E+02    90.1	0.0	0.0
  16.78288  0.27960196E+02    90.1	0.0	0.0
  16.80260  0.27779030E+02    90.1	0.0	0.0
  16.82232  0.27555691E+02    90.1	0.0	0.0
  16.84204  0.27334360E+02    90.0	0.0	0.0
  16.86176  0.27115114E+02    90.0	0.0	0.0
  16.88148  0.26897673E+02    90.0	0.0	0.0
  16.90120  0.26678387E+02    90.0	0.0	0.0
  16.92092  0.26408632E+02    90.0	0.0	0.0
  16.94064  0.26141916E+02    90.0	0.0	0.0
  16.96036  0.25877396E+02    90.0	0.0	0.0
  16.98008  0.25614632E+02    89.9	0.0	0.0
  16.99980  0.25354841E+02    89.9	0.0	0.0
  17.01952  0.25040522E+02    89.9	0.0	0.0
  17.03924  0.24729795E+02    89.9	0.0	0.0
  17.05896  0.24423183E+02    89.9	0.0	0.0
  17.07868  0.24120737E+02    89.9	0.0	0.0
  17.09840  0.23822382E+02    89.9	0.0	0.0
  17.11812  0.23475304E+02    89.8	0.0	0.0
  17.13784  0.23130516E+02    89.8	0.0	0.0
  17.15756  0.22791113E+02    89.8	0.0	0.0
  17.17728  0.22457088E+02    89.8	0.0	0.0
  17.19700  0.22128372E+02    89.8	0.0	0.0
  17.21671  0.21755466E+02    89.8	0.0	0.0
  17.23643  0.21380384E+02    89.8	0.0	0.0
  17.25616  0.21012203E+02    89.7	0.0	0.0
  17.27588  0.20649992E+02    89.7	0.0	0.0
  17.29560  0.20293726E+02    89.7	0.0	0.0
  17.31532  0.19899891E+02    89.7	0.0	0.0
  17.33504  0.19501652E+02    89.7	0.0	0.0
  17.35476  0.19111877E+02    89.6	0.0	0.0
  17.37447  0.18730375E+02    89.6	0.0	0.0
  17.39419  0.18356936E+02    89.6	0.0	0.0
  17.41391  0.17952988E+02    89.6	0.0	0.0
  17.43363  0.17542568E+02    89.6	0.0	0.0
  17.45335  0.17141766E+02    89.6	0.0	0.0
  17.47307  0.16750591E+02    89.6	0.0	0.0
  17.49279  0.16368799E+02    89.5	0.0	0.0
  17.51251  0.15965059E+02    89.5	0.0	0.0
  17.53223  0.15554458E+02    89.5	0.0	0.0
  17.55195  0.15154709E+02    89.5	0.0	0.0
  17.57167  0.14765704E+02    89.5	0.0	0.0
  17.59139  0.14385973E+02    89.5	0.0	0.0
  17.61111  0.13989336E+02    89.5	0.0	0.0
  17.63083  0.13584287E+02    89.5	0.0	0.0
  17.65055  0.13191250E+02    89.5	0.0	0.0
  17.67027  0.12808979E+02    89.5	0.0	0.0
  17.68999  0.12437814E+02    89.4	0.0	0.0
  17.70971  0.12056792E+02    89.4	0.0	0.0
  17.72943  0.11666879E+02    89.4	0.0	0.0
  17.74915  0.11291479E+02    89.4	0.0	0.0
  17.76887  0.10928862E+02    89.4	0.0	0.0
  17.78859  0.10578316E+02    89.3	0.0	0.0
  17.80831  0.10223450E+02    89.3	0.0	0.0
  17.82803  0.98595152E+01    89.3	0.0	0.0
  17.84774  0.95089283E+01    89.3	0.0	0.0
  17.86746  0.91711359E+01    89.3	0.0	0.0
  17.88719  0.88456612E+01    89.3	0.0	0.0
  17.90690  0.85204268E+01    89.2	0.0	0.0
  17.92663  0.81866789E+01    89.2	0.0	0.0
  17.94634  0.78663931E+01    89.2	0.0	0.0
  17.96606  0.75589414E+01    89.2	0.0	0.0
  17.98579  0.72633109E+01    89.2	0.0	0.0
  18.00550  0.69715195E+01    89.2	0.0	0.0
  18.02523  0.66719556E+01    89.2	0.0	0.0
  18.04494  0.63856149E+01    89.2	0.0	0.0
  18.06466  0.61124601E+01    89.1	0.0	0.0
  18.08438  0.58513117E+01    89.1	0.0	0.0
  18.10410  0.55965819E+01    89.1	0.0	0.0
  18.12382  0.53348322E+01    89.1	0.0	0.0
  18.14354  0.50858216E+01    89.1	0.0	0.0
  18.16326  0.48487420E+01    89.1	0.0	0.0
  18.18298  0.46228809E+01    89.1	0.0	0.0
  18.20270  0.44050355E+01    89.0	0.0	0.0
  18.22242  0.41809998E+01    89.0	0.0	0.0
  18.24214  0.39685140E+01    89.0	0.0	0.0
  18.26186  0.37670753E+01    89.0	0.0	0.0
  18.28158  0.35760868E+01    89.0	0.0	0.0
  18.30130  0.33931861E+01    89.0	0.0	0.0
  18.32102  0.32052014E+01    89.0	0.0	0.0
  18.34074  0.30278513E+01    88.9	0.0	0.0
  18.36046  0.28605573E+01    88.9	0.0	0.0
  18.38018  0.27032051E+01    88.9	0.0	0.0
  18.39990  0.25546556E+01    88.9	0.0	0.0
  18.41962  0.24019952E+01    88.9	0.0	0.0
  18.43934  0.22584944E+01    88.9	0.0	0.0
  18.45906  0.21232610E+01    88.9	0.0	0.0
  18.47878  0.19963149E+01    88.9	0.0	0.0
  18.49850  0.18770480E+01    88.9	0.0	0.0
  18.51822  0.17559793E+01    88.8	0.0	0.0
  18.53794  0.16422901E+01    88.8	0.0	0.0
  18.55766  0.15360672E+01    88.8	0.0	0.0
  18.57737  0.14368140E+01    88.8	0.0	0.0
  18.59709  0.13440707E+01    88.8	0.0	0.0
  18.61682  0.12509650E+01    88.8	0.0	0.0
  18.63654  0.11633852E+01    88.7	0.0	0.0
  18.65625  0.10820384E+01    88.7	0.0	0.0
  18.67597  0.10064554E+01    88.7	0.0	0.0
  18.69570  0.93628883E+00    88.7	0.0	0.0
  18.71541  0.86666155E+00    88.7	0.0	0.0
  18.73513  0.80111718E+00    88.7	0.0	0.0
  18.75486  0.74057472E+00    88.7	0.0	0.0
  18.77457  0.68463224E+00    88.7	0.0	0.0
  18.79429  0.63295466E+00    88.7	0.0	0.0
  18.81401  0.58226889E+00    88.6	0.0	0.0
  18.83373  0.53457403E+00    88.6	0.0	0.0
  18.85345  0.49085248E+00    88.6	0.0	0.0
  18.87317  0.45073703E+00    88.6	0.0	0.0
  18.89289  0.41394648E+00    88.6	0.0	0.0
  18.91261  0.37825581E+00    88.6	0.0	0.0
  18.93233  0.34468538E+00    88.6	0.0	0.0
  18.95205  0.31411755E+00    88.6	0.0	0.0
  18.97177  0.28628856E+00    88.6	0.0	0.0
  18.99149  0.26097432E+00    88.6	0.0	0.0
  19.01121  0.23674576E+00    88.6	0.0	0.0
  19.03093  0.21396673E+00    88.6	0.0	0.0
  19.05065  0.19339500E+00    88.6	0.0	0.0
  19.07037  0.17478688E+00    88.6	0.0	0.0
  19.09009  0.15793493E+00    88.6	0.0	0.0
  19.10981  0.14200757E+00    88.6	0.0	0.0
  19.12953  0.12705028E+00    88.6	0.0	0.0
  19.14925  0.11371461E+00    88.6	0.0	0.0
  19.16897  0.10182159E+00    88.6	0.0	0.0
  19.18869  0.91183163E-01    88.6	0.0	0.0
  19.20841  0.81258871E-01    88.6	0.0	0.0
  19.22813  0.71919329E-01    88.7	0.0	0.0
  19.24784  0.63642621E-01    88.8	0.0	0.0
  19.26757  0.56323938E-01    88.8	0.0	0.0
  19.28729  0.49853429E-01    88.9	0.0	0.0
  19.30700  0.43938998E-01    89.0	0.0	0.0
  19.32673  0.38402293E-01    89.0	0.0	0.0
  19.34645  0.33569332E-01    89.1	0.0	0.0
  19.36617  0.29347803E-01    89.1	0.0	0.0
  19.38588  0.25642138E-01    89.2	0.0	0.0
  19.40560  0.22284608E-01    89.3	0.0	0.0
  19.42532  0.19134637E-01    89.4	0.0	0.0
  19.44505  0.16431948E-01    89.5	0.0	0.0
  19.46477  0.14127092E-01    89.5	0.0	0.0
  19.48449  0.12155753E-01    89.6	0.0	0.0
  19.50420  0.10412520E-01    89.6	0.0	0.0
  19.52392  0.87685352E-02    89.6	0.0	0.0
  19.54364  0.73754713E-02    89.6	0.0	0.0
  19.56336  0.62000868E-02    89.6	0.0	0.0
  19.58308  0.52127526E-02    89.6	0.0	0.0
  19.60280  0.43650083E-02    89.6	0.0	0.0
  19.62252  0.35679683E-02    89.6	0.0	0.0
  19.64224  0.29191768E-02    89.6	0.0	0.0
  19.66196  0.23890170E-02    89.6	0.0	0.0
  19.68168  0.19554636E-02    89.6	0.0	0.0
  19.70140  0.15928716E-02    89.6	0.0	0.0
  19.72112  0.12418932E-02    89.6	0.0	0.0
  19.74084  0.96844841E-03    89.6	0.0	0.0
  19.76056  0.75536704E-03    89.6	0.0	0.0
  19.78028  0.59041096E-03    89.6	0.0	0.0
  19.80000  0.46189505E-03    89.6	0.0	0.0
