# ================================================================		\
# FAP (Frequency-Amplitude-Phase) Instrument Response		
#		
# Sensor: Guralp CMG-3T SN T36394		
# Digitizer: Smart24		
#		
# Digitizer input voltage range:     20.000		
# Digitizer gain:      1.000		
#		
# Digitizer bitweight:   1.639128 ?V/ct		
# Instrument sensitivity: 1979.029197 nm/ct at 1 Hz		
# Calib:              0.131886182 nm/ct		
# Created: 11/23/11		
#		
# Format of file:		
#   Line 1: [theoretical|measured] [instrument|complete] [fap|paz|fir] source		
#   Line 2: length(number of lines following)		
#
#		
 theoretical  0   instrument    fap   Vender
1090
0.01	0.008221443	166.1588954	0.0	0.0
0.01007	0.008316286	165.6213071	0.0	0.0
0.01014	0.00841151	165.0857281	0.0	0.0
0.01021	0.008507113	164.5522157	0.0	0.0
0.01028	0.00860309	164.0208256	0.0	0.0
0.01036	0.008699436	163.4916119	0.0	0.0
0.01043	0.008796149	162.9646269	0.0	0.0
0.0105	0.008893225	162.4399215	0.0	0.0
0.01057	0.00899066	161.9175448	0.0	0.0
0.01065	0.009088453	161.3975443	0.0	0.0
0.01072	0.0091866	160.8799658	0.0	0.0
0.0108	0.009285099	160.3648534	0.0	0.0
0.01087	0.009383948	159.8522497	0.0	0.0
0.01095	0.009483146	159.3421954	0.0	0.0
0.01103	0.009582691	158.8347296	0.0	0.0
0.0111	0.009682582	158.3298897	0.0	0.0
0.01118	0.009782818	157.8277116	0.0	0.0
0.01126	0.009883399	157.3282294	0.0	0.0
0.01134	0.009984324	156.8314756	0.0	0.0
0.01142	0.010085593	156.3374811	0.0	0.0
0.0115	0.010187207	155.846275	0.0	0.0
0.01158	0.010289166	155.3578851	0.0	0.0
0.01166	0.010391472	154.8723375	0.0	0.0
0.01174	0.010494124	154.3896565	0.0	0.0
0.01182	0.010597124	153.9098653	0.0	0.0
0.01191	0.010700475	153.4329852	0.0	0.0
0.01199	0.010804177	152.9590362	0.0	0.0
0.01207	0.010908233	152.4880368	0.0	0.0
0.01216	0.011012645	152.020004	0.0	0.0
0.01224	0.011117416	151.5549536	0.0	0.0
0.01233	0.011222548	151.0928996	0.0	0.0
0.01241	0.011328045	150.633855	0.0	0.0
0.0125	0.011433909	150.1778313	0.0	0.0
0.01259	0.011540145	149.7248389	0.0	0.0
0.01268	0.011646756	149.2748865	0.0	0.0
0.01277	0.011753745	148.827982	0.0	0.0
0.01286	0.011861117	148.384132	0.0	0.0
0.01295	0.011968875	147.9433416	0.0	0.0
0.01304	0.012077026	147.5056151	0.0	0.0
0.01313	0.012185572	147.0709557	0.0	0.0
0.01322	0.012294519	146.6393652	0.0	0.0
0.01331	0.012403872	146.2108447	0.0	0.0
0.01341	0.012513635	145.7853939	0.0	0.0
0.0135	0.012623815	145.363012	0.0	0.0
0.01359	0.012734416	144.9436968	0.0	0.0
0.01369	0.012845444	144.5274454	0.0	0.0
0.01378	0.012956906	144.1142539	0.0	0.0
0.01388	0.013068806	143.7041177	0.0	0.0
0.01398	0.013181151	143.2970312	0.0	0.0
0.01408	0.013293946	142.8929881	0.0	0.0
0.01417	0.013407199	142.4919812	0.0	0.0
0.01427	0.013520915	142.0940027	0.0	0.0
0.01437	0.013635102	141.6990441	0.0	0.0
0.01447	0.013749764	141.3070961	0.0	0.0
0.01458	0.01386491	140.9181488	0.0	0.0
0.01468	0.013980546	140.5321916	0.0	0.0
0.01478	0.014096679	140.1492135	0.0	0.0
0.01488	0.014213316	139.7692028	0.0	0.0
0.01499	0.014330464	139.3921472	0.0	0.0
0.01509	0.01444813	139.0180339	0.0	0.0
0.0152	0.014566322	138.6468497	0.0	0.0
0.01531	0.014685046	138.2785809	0.0	0.0
0.01541	0.01480431	137.9132133	0.0	0.0
0.01552	0.014924122	137.5507323	0.0	0.0
0.01563	0.015044489	137.1911229	0.0	0.0
0.01574	0.015165419	136.8343697	0.0	0.0
0.01585	0.015286919	136.480457	0.0	0.0
0.01596	0.015408997	136.1293687	0.0	0.0
0.01607	0.015531661	135.7810885	0.0	0.0
0.01618	0.015654919	135.4355997	0.0	0.0
0.0163	0.015778779	135.0928854	0.0	0.0
0.01641	0.015903247	134.7529282	0.0	0.0
0.01653	0.016028334	134.4157109	0.0	0.0
0.01664	0.016154046	134.0812157	0.0	0.0
0.01676	0.016280391	133.7494247	0.0	0.0
0.01688	0.016407379	133.42032	0.0	0.0
0.01699	0.016535016	133.0938832	0.0	0.0
0.01711	0.016663311	132.770096	0.0	0.0
0.01723	0.016792273	132.4489399	0.0	0.0
0.01735	0.016921909	132.1303962	0.0	0.0
0.01748	0.017052228	131.8144462	0.0	0.0
0.0176	0.017183238	131.501071	0.0	0.0
0.01772	0.017314948	131.1902515	0.0	0.0
0.01784	0.017447366	130.8819689	0.0	0.0
0.01797	0.0175805	130.576204	0.0	0.0
0.0181	0.017714359	130.2729377	0.0	0.0
0.01822	0.017848951	129.9721508	0.0	0.0
0.01835	0.017984285	129.673824	0.0	0.0
0.01848	0.018120369	129.3779381	0.0	0.0
0.01861	0.018257213	129.0844738	0.0	0.0
0.01874	0.018394823	128.793412	0.0	0.0
0.01887	0.01853321	128.5047333	0.0	0.0
0.019	0.018672382	128.2184186	0.0	0.0
0.01913	0.018812347	127.9344485	0.0	0.0
0.01927	0.018953114	127.652804	0.0	0.0
0.0194	0.019094692	127.3734658	0.0	0.0
0.01954	0.01923709	127.0964148	0.0	0.0
0.01968	0.019380316	126.8216321	0.0	0.0
0.01981	0.019524379	126.5490985	0.0	0.0
0.01995	0.019669287	126.2787952	0.0	0.0
0.02009	0.019815051	126.0107033	0.0	0.0
0.02023	0.019961678	125.744804	0.0	0.0
0.02037	0.020109177	125.4810785	0.0	0.0
0.02052	0.020257557	125.2195082	0.0	0.0
0.02066	0.020406828	124.9600746	0.0	0.0
0.02081	0.020556998	124.7027592	0.0	0.0
0.02095	0.020708076	124.4475437	0.0	0.0
0.0211	0.020860071	124.1944097	0.0	0.0
0.02125	0.021012992	123.9433391	0.0	0.0
0.02139	0.021166849	123.6943139	0.0	0.0
0.02154	0.021321649	123.447316	0.0	0.0
0.0217	0.021477403	123.2023277	0.0	0.0
0.02185	0.021634119	122.9593312	0.0	0.0
0.022	0.021791806	122.7183088	0.0	0.0
0.02215	0.021950474	122.4792432	0.0	0.0
0.02231	0.022110132	122.2421169	0.0	0.0
0.02247	0.02227079	122.0069127	0.0	0.0
0.02262	0.022432455	121.7736134	0.0	0.0
0.02278	0.022595138	121.5422021	0.0	0.0
0.02294	0.022758848	121.3126619	0.0	0.0
0.0231	0.022923594	121.0849759	0.0	0.0
0.02326	0.023089385	120.8591277	0.0	0.0
0.02343	0.023256231	120.6351007	0.0	0.0
0.02359	0.023424142	120.4128786	0.0	0.0
0.02376	0.023593127	120.1924451	0.0	0.0
0.02392	0.023763195	119.9737841	0.0	0.0
0.02409	0.023934355	119.7568798	0.0	0.0
0.02426	0.024106618	119.5417162	0.0	0.0
0.02443	0.024279993	119.3282777	0.0	0.0
0.0246	0.024454489	119.1165488	0.0	0.0
0.02477	0.024630117	118.906514	0.0	0.0
0.02494	0.024806886	118.698158	0.0	0.0
0.02512	0.024984805	118.4914658	0.0	0.0
0.02529	0.025163884	118.2864222	0.0	0.0
0.02547	0.025344133	118.0830124	0.0	0.0
0.02565	0.025525563	117.8812217	0.0	0.0
0.02583	0.025708182	117.6810355	0.0	0.0
0.02601	0.025892001	117.4824392	0.0	0.0
0.02619	0.02607703	117.2854187	0.0	0.0
0.02638	0.026263279	117.0899596	0.0	0.0
0.02656	0.026450757	116.8960478	0.0	0.0
0.02675	0.026639475	116.7036696	0.0	0.0
0.02693	0.026829443	116.5128109	0.0	0.0
0.02712	0.027020671	116.3234583	0.0	0.0
0.02731	0.02721317	116.1355981	0.0	0.0
0.0275	0.027406949	115.9492169	0.0	0.0
0.0277	0.027602019	115.7643015	0.0	0.0
0.02789	0.02779839	115.5808386	0.0	0.0
0.02809	0.027996073	115.3988154	0.0	0.0
0.02828	0.028195078	115.2182188	0.0	0.0
0.02848	0.028395416	115.0390361	0.0	0.0
0.02868	0.028597097	114.8612547	0.0	0.0
0.02888	0.028800131	114.684862	0.0	0.0
0.02908	0.02900453	114.5098456	0.0	0.0
0.02929	0.029210304	114.3361933	0.0	0.0
0.02949	0.029417464	114.163893	0.0	0.0
0.0297	0.029626021	113.9929325	0.0	0.0
0.02991	0.029835985	113.8233001	0.0	0.0
0.03012	0.030047367	113.6549838	0.0	0.0
0.03033	0.030260179	113.4879721	0.0	0.0
0.03054	0.030474432	113.3222533	0.0	0.0
0.03075	0.030690135	113.157816	0.0	0.0
0.03097	0.030907302	112.994649	0.0	0.0
0.03118	0.031125942	112.832741	0.0	0.0
0.0314	0.031346068	112.6720808	0.0	0.0
0.03162	0.03156769	112.5126576	0.0	0.0
0.03184	0.03179082	112.3544605	0.0	0.0
0.03207	0.032015469	112.1974786	0.0	0.0
0.03229	0.032241649	112.0417014	0.0	0.0
0.03252	0.032469371	111.8871183	0.0	0.0
0.03275	0.032698647	111.7337188	0.0	0.0
0.03297	0.032929489	111.5814926	0.0	0.0
0.03321	0.033161909	111.4304295	0.0	0.0
0.03344	0.033395918	111.2805194	0.0	0.0
0.03367	0.033631528	111.1317523	0.0	0.0
0.03391	0.033868751	110.9841181	0.0	0.0
0.03415	0.034107599	110.8376072	0.0	0.0
0.03438	0.034348085	110.6922097	0.0	0.0
0.03463	0.03459022	110.5479161	0.0	0.0
0.03487	0.034834017	110.4047168	0.0	0.0
0.03511	0.035079489	110.2626025	0.0	0.0
0.03536	0.035326646	110.1215637	0.0	0.0
0.03561	0.035575503	109.9815912	0.0	0.0
0.03585	0.035826071	109.8426759	0.0	0.0
0.03611	0.036078363	109.7048088	0.0	0.0
0.03636	0.036332392	109.5679808	0.0	0.0
0.03661	0.03658817	109.4321831	0.0	0.0
0.03687	0.036845711	109.297407	0.0	0.0
0.03713	0.037105027	109.1636436	0.0	0.0
0.03739	0.037366132	109.0308845	0.0	0.0
0.03765	0.037629038	108.899121	0.0	0.0
0.03791	0.037893758	108.7683448	0.0	0.0
0.03818	0.038160307	108.6385475	0.0	0.0
0.03845	0.038428696	108.5097209	0.0	0.0
0.03871	0.03869894	108.3818566	0.0	0.0
0.03899	0.038971052	108.2549468	0.0	0.0
0.03926	0.039245046	108.1289832	0.0	0.0
0.03953	0.039520935	108.003958	0.0	0.0
0.03981	0.039798733	107.8798633	0.0	0.0
0.04009	0.040078453	107.7566913	0.0	0.0
0.04037	0.040360111	107.6344343	0.0	0.0
0.04065	0.040643719	107.5130847	0.0	0.0
0.04094	0.040929292	107.3926349	0.0	0.0
0.04122	0.041216844	107.2730774	0.0	0.0
0.04151	0.04150639	107.1544048	0.0	0.0
0.0418	0.041797943	107.0366098	0.0	0.0
0.0421	0.042091519	106.919685	0.0	0.0
0.04239	0.042387131	106.8036234	0.0	0.0
0.04269	0.042684794	106.6884178	0.0	0.0
0.04299	0.042984524	106.574061	0.0	0.0
0.04329	0.043286334	106.4605462	0.0	0.0
0.04359	0.04359024	106.3478664	0.0	0.0
0.0439	0.043896258	106.2360147	0.0	0.0
0.0442	0.044204401	106.1249844	0.0	0.0
0.04451	0.044514685	106.0147687	0.0	0.0
0.04482	0.044827126	105.905361	0.0	0.0
0.04514	0.045141739	105.7967547	0.0	0.0
0.04545	0.04545854	105.6889432	0.0	0.0
0.04577	0.045777544	105.5819201	0.0	0.0
0.04609	0.046098767	105.4756789	0.0	0.0
0.04642	0.046422224	105.3702134	0.0	0.0
0.04674	0.046747932	105.2655172	0.0	0.0
0.04707	0.047075907	105.1615841	0.0	0.0
0.0474	0.047406165	105.0584079	0.0	0.0
0.04773	0.047738722	104.9559825	0.0	0.0
0.04806	0.048073594	104.8543019	0.0	0.0
0.0484	0.048410798	104.75336	0.0	0.0
0.04874	0.048750351	104.653151	0.0	0.0
0.04908	0.049092269	104.5536689	0.0	0.0
0.04942	0.04943657	104.454908	0.0	0.0
0.04977	0.049783269	104.3568623	0.0	0.0
0.05012	0.050132384	104.2595263	0.0	0.0
0.05047	0.050483933	104.1628941	0.0	0.0
0.05082	0.050837932	104.0669603	0.0	0.0
0.05118	0.051194399	103.9717193	0.0	0.0
0.05154	0.051553351	103.8771655	0.0	0.0
0.0519	0.051914806	103.7832934	0.0	0.0
0.05226	0.052278782	103.6900977	0.0	0.0
0.05263	0.052645297	103.597573	0.0	0.0
0.053	0.053014368	103.505714	0.0	0.0
0.05337	0.053386013	103.4145153	0.0	0.0
0.05374	0.053760252	103.3239719	0.0	0.0
0.05412	0.054137101	103.2340784	0.0	0.0
0.0545	0.054516581	103.1448298	0.0	0.0
0.05488	0.054898708	103.0562211	0.0	0.0
0.05526	0.055283503	102.968247	0.0	0.0
0.05565	0.055670983	102.8809028	0.0	0.0
0.05604	0.056061168	102.7941834	0.0	0.0
0.05643	0.056454078	102.7080839	0.0	0.0
0.05683	0.05684973	102.6225994	0.0	0.0
0.05722	0.057248144	102.5377252	0.0	0.0
0.05762	0.057649341	102.4534565	0.0	0.0
0.05803	0.05805334	102.3697886	0.0	0.0
0.05843	0.058460159	102.2867167	0.0	0.0
0.05884	0.05886982	102.2042362	0.0	0.0
0.05926	0.059282343	102.1223425	0.0	0.0
0.05967	0.059697747	102.041031	0.0	0.0
0.06009	0.060116053	101.9602972	0.0	0.0
0.06051	0.060537281	101.8801367	0.0	0.0
0.06093	0.060961452	101.8005449	0.0	0.0
0.06136	0.061388586	101.7215175	0.0	0.0
0.06179	0.061818705	101.6430501	0.0	0.0
0.06222	0.06225183	101.5651383	0.0	0.0
0.06266	0.062687981	101.4877779	0.0	0.0
0.0631	0.06312718	101.4109646	0.0	0.0
0.06354	0.063569449	101.3346941	0.0	0.0
0.06398	0.064014809	101.2589624	0.0	0.0
0.06443	0.064463281	101.1837652	0.0	0.0
0.06488	0.064914888	101.1090983	0.0	0.0
0.06534	0.065369652	101.0349579	0.0	0.0
0.06579	0.065827595	100.9613397	0.0	0.0
0.06625	0.066288739	100.8882398	0.0	0.0
0.06672	0.066753107	100.8156541	0.0	0.0
0.06719	0.067220722	100.7435788	0.0	0.0
0.06766	0.067691606	100.67201	0.0	0.0
0.06813	0.068165782	100.6009437	0.0	0.0
0.06861	0.068643273	100.5303761	0.0	0.0
0.06909	0.069124104	100.4603034	0.0	0.0
0.06957	0.069608296	100.3907218	0.0	0.0
0.07006	0.070095875	100.3216276	0.0	0.0
0.07055	0.070586863	100.253017	0.0	0.0
0.07104	0.071081285	100.1848864	0.0	0.0
0.07154	0.071579164	100.117232	0.0	0.0
0.07204	0.072080525	100.0500502	0.0	0.0
0.07254	0.072585393	99.98333757	0.0	0.0
0.07305	0.073093792	99.91709038	0.0	0.0
0.07356	0.073605747	99.85130512	0.0	0.0
0.07408	0.074121282	99.78597828	0.0	0.0
0.0746	0.074640424	99.72110639	0.0	0.0
0.07512	0.075163196	99.65668598	0.0	0.0
0.07565	0.075689626	99.59271362	0.0	0.0
0.07618	0.076219738	99.52918592	0.0	0.0
0.07671	0.076753558	99.46609951	0.0	0.0
0.07725	0.077291113	99.40345102	0.0	0.0
0.07779	0.077832428	99.34123716	0.0	0.0
0.07833	0.07837753	99.27945461	0.0	0.0
0.07888	0.078926445	99.21810013	0.0	0.0
0.07943	0.079479201	99.15717046	0.0	0.0
0.07999	0.080035824	99.0966624	0.0	0.0
0.08055	0.080596341	99.03657275	0.0	0.0
0.08111	0.08116078	98.97689836	0.0	0.0
0.08168	0.081729168	98.91763607	0.0	0.0
0.08225	0.082301533	98.85878279	0.0	0.0
0.08283	0.082877902	98.80033541	0.0	0.0
0.08341	0.083458304	98.74229088	0.0	0.0
0.08399	0.084042768	98.68464615	0.0	0.0
0.08458	0.084631321	98.62739821	0.0	0.0
0.08517	0.085223992	98.57054407	0.0	0.0
0.08577	0.08582081	98.51408074	0.0	0.0
0.08637	0.086421804	98.4580053	0.0	0.0
0.08697	0.087027004	98.40231481	0.0	0.0
0.08758	0.087636439	98.34700637	0.0	0.0
0.0882	0.088250138	98.2920771	0.0	0.0
0.08881	0.088868132	98.23752415	0.0	0.0
0.08944	0.089490451	98.18334468	0.0	0.0
0.09006	0.090117124	98.12953587	0.0	0.0
0.09069	0.090748183	98.07609495	0.0	0.0
0.09133	0.091383658	98.02301913	0.0	0.0
0.09197	0.09202358	97.97030567	0.0	0.0
0.09261	0.092667981	97.91795185	0.0	0.0
0.09326	0.093316891	97.86595495	0.0	0.0
0.09391	0.093970343	97.81431228	0.0	0.0
0.09457	0.094628367	97.76302119	0.0	0.0
0.09523	0.095290997	97.71207903	0.0	0.0
0.0959	0.095958264	97.66148317	0.0	0.0
0.09657	0.096630201	97.611231	0.0	0.0
0.09725	0.097306841	97.56131995	0.0	0.0
0.09793	0.097988216	97.51174743	0.0	0.0
0.09861	0.09867436	97.46251091	0.0	0.0
0.0993	0.099365307	97.41360786	0.0	0.0
0.1	0.100061089	97.36503577	0.0	0.0
0.1007	0.10076174	97.31679215	0.0	0.0
0.10141	0.101467296	97.26887451	0.0	0.0
0.10212	0.102177789	97.22128043	0.0	0.0
0.10283	0.102893256	97.17400744	0.0	0.0
0.10355	0.10361373	97.12705315	0.0	0.0
0.10428	0.104339246	97.08041514	0.0	0.0
0.10501	0.105069841	97.03409104	0.0	0.0
0.10574	0.105805549	96.98807848	0.0	0.0
0.10648	0.106546406	96.94237512	0.0	0.0
0.10723	0.107292449	96.89697863	0.0	0.0
0.10798	0.108043713	96.85188669	0.0	0.0
0.10873	0.108800236	96.807097	0.0	0.0
0.10949	0.109562053	96.7626073	0.0	0.0
0.11026	0.110329203	96.71841531	0.0	0.0
0.11103	0.111101723	96.67451879	0.0	0.0
0.11181	0.111879649	96.63091552	0.0	0.0
0.11259	0.112663021	96.58760327	0.0	0.0
0.11338	0.113451875	96.54457985	0.0	0.0
0.11418	0.114246251	96.50184309	0.0	0.0
0.11498	0.115046188	96.4593908	0.0	0.0
0.11578	0.115851723	96.41722085	0.0	0.0
0.11659	0.116662896	96.3753311	0.0	0.0
0.11741	0.117479748	96.33371943	0.0	0.0
0.11823	0.118302316	96.29238373	0.0	0.0
0.11906	0.119130643	96.25132192	0.0	0.0
0.11989	0.119964767	96.21053192	0.0	0.0
0.12073	0.120804729	96.17001168	0.0	0.0
0.12158	0.121650571	96.12975914	0.0	0.0
0.12243	0.122502334	96.08977228	0.0	0.0
0.12328	0.123360058	96.05004908	0.0	0.0
0.12415	0.124223786	96.01058755	0.0	0.0
0.12502	0.125093559	95.97138568	0.0	0.0
0.12589	0.125969421	95.93244151	0.0	0.0
0.12677	0.126851413	95.89375308	0.0	0.0
0.12766	0.127739578	95.85531845	0.0	0.0
0.12856	0.128633961	95.81713568	0.0	0.0
0.12946	0.129534603	95.77920285	0.0	0.0
0.13036	0.13044155	95.74151805	0.0	0.0
0.13127	0.131354844	95.70407941	0.0	0.0
0.13219	0.132274532	95.66688502	0.0	0.0
0.13312	0.133200656	95.62993304	0.0	0.0
0.13405	0.134133263	95.59322161	0.0	0.0
0.13499	0.135072398	95.55674888	0.0	0.0
0.13594	0.136018107	95.52051303	0.0	0.0
0.13689	0.136970434	95.48451225	0.0	0.0
0.13785	0.137929428	95.44874473	0.0	0.0
0.13881	0.138895134	95.41320868	0.0	0.0
0.13978	0.139867599	95.37790233	0.0	0.0
0.14076	0.140846871	95.34282391	0.0	0.0
0.14175	0.141832997	95.30797166	0.0	0.0
0.14274	0.142826026	95.27334385	0.0	0.0
0.14374	0.143826005	95.23893875	0.0	0.0
0.14475	0.144832984	95.20475463	0.0	0.0
0.14576	0.14584701	95.17078979	0.0	0.0
0.14678	0.146868134	95.13704254	0.0	0.0
0.14781	0.147896406	95.10351119	0.0	0.0
0.14884	0.148931874	95.07019407	0.0	0.0
0.14988	0.14997459	95.03708952	0.0	0.0
0.15093	0.151024605	95.00419589	0.0	0.0
0.15199	0.152081969	94.97151155	0.0	0.0
0.15306	0.153146733	94.93903486	0.0	0.0
0.15413	0.15421895	94.9067642	0.0	0.0
0.15521	0.155298672	94.87469798	0.0	0.0
0.15629	0.156385951	94.8428346	0.0	0.0
0.15739	0.15748084	94.81117247	0.0	0.0
0.15849	0.158583392	94.77971001	0.0	0.0
0.1596	0.159693661	94.74844567	0.0	0.0
0.16072	0.160811701	94.71737789	0.0	0.0
0.16184	0.161937566	94.68650512	0.0	0.0
0.16298	0.163071311	94.65582584	0.0	0.0
0.16412	0.164212992	94.62533852	0.0	0.0
0.16527	0.165362663	94.59504165	0.0	0.0
0.16642	0.16652038	94.56493372	0.0	0.0
0.16759	0.167686201	94.53501324	0.0	0.0
0.16876	0.168860181	94.50527873	0.0	0.0
0.16994	0.170042377	94.47572872	0.0	0.0
0.17113	0.171232848	94.44636172	0.0	0.0
0.17233	0.17243165	94.41717631	0.0	0.0
0.17354	0.173638843	94.38817102	0.0	0.0
0.17475	0.174854484	94.35934442	0.0	0.0
0.17598	0.176078634	94.33069508	0.0	0.0
0.17721	0.177311351	94.30222159	0.0	0.0
0.17845	0.178552695	94.27392253	0.0	0.0
0.1797	0.179802728	94.24579651	0.0	0.0
0.18096	0.181061508	94.21784213	0.0	0.0
0.18222	0.182329099	94.19005801	0.0	0.0
0.1835	0.183605561	94.16244278	0.0	0.0
0.18478	0.184890956	94.13499507	0.0	0.0
0.18608	0.186185347	94.10771353	0.0	0.0
0.18738	0.187488797	94.0805968	0.0	0.0
0.18869	0.188801368	94.05364356	0.0	0.0
0.19001	0.190123126	94.02685246	0.0	0.0
0.19135	0.191454134	94.00022218	0.0	0.0
0.19269	0.192794457	93.97375141	0.0	0.0
0.19403	0.19414416	93.94743885	0.0	0.0
0.19539	0.195503308	93.92128319	0.0	0.0
0.19676	0.196871968	93.89528314	0.0	0.0
0.19814	0.198250206	93.86943742	0.0	0.0
0.19953	0.19963809	93.84374476	0.0	0.0
0.20092	0.201035685	93.81820388	0.0	0.0
0.20233	0.202443062	93.79281354	0.0	0.0
0.20375	0.203860287	93.76757247	0.0	0.0
0.20517	0.20528743	93.74247944	0.0	0.0
0.20661	0.20672456	93.71753321	0.0	0.0
0.20806	0.208171746	93.69273254	0.0	0.0
0.20951	0.20962906	93.66807622	0.0	0.0
0.21098	0.211096573	93.64356303	0.0	0.0
0.21246	0.212574354	93.61919177	0.0	0.0
0.21395	0.214062476	93.59496123	0.0	0.0
0.21544	0.215561012	93.57087023	0.0	0.0
0.21695	0.217070035	93.54691757	0.0	0.0
0.21847	0.218589616	93.52310208	0.0	0.0
0.22	0.220119831	93.49942259	0.0	0.0
0.22154	0.221660754	93.47587792	0.0	0.0
0.22309	0.22321246	93.45246694	0.0	0.0
0.22465	0.224775023	93.42918847	0.0	0.0
0.22623	0.22634852	93.40604138	0.0	0.0
0.22781	0.227933028	93.38302453	0.0	0.0
0.22941	0.229528622	93.36013679	0.0	0.0
0.23101	0.231135382	93.33737704	0.0	0.0
0.23263	0.232753384	93.31474414	0.0	0.0
0.23426	0.234382708	93.292237	0.0	0.0
0.2359	0.236023432	93.26985451	0.0	0.0
0.23755	0.237675636	93.24759556	0.0	0.0
0.23921	0.239339401	93.22545907	0.0	0.0
0.24089	0.241014808	93.20344395	0.0	0.0
0.24258	0.242701936	93.18154911	0.0	0.0
0.24427	0.24440087	93.15977348	0.0	0.0
0.24599	0.24611169	93.138116	0.0	0.0
0.24771	0.247834481	93.11657559	0.0	0.0
0.24944	0.249569326	93.09515121	0.0	0.0
0.25119	0.251316308	93.07384179	0.0	0.0
0.25295	0.253075514	93.0526463	0.0	0.0
0.25472	0.254847028	93.0315637	0.0	0.0
0.2565	0.256630936	93.01059295	0.0	0.0
0.2583	0.258427325	92.98973302	0.0	0.0
0.26011	0.260236283	92.96898289	0.0	0.0
0.26193	0.262057897	92.94834154	0.0	0.0
0.26376	0.263892255	92.92780796	0.0	0.0
0.26561	0.265739447	92.90738115	0.0	0.0
0.26747	0.267599562	92.8870601	0.0	0.0
0.26934	0.26947269	92.86684381	0.0	0.0
0.27123	0.271358924	92.8467313	0.0	0.0
0.27313	0.273258353	92.82672157	0.0	0.0
0.27504	0.275171071	92.80681366	0.0	0.0
0.27696	0.27709717	92.78700658	0.0	0.0
0.2789	0.279036744	92.76729936	0.0	0.0
0.28086	0.280989886	92.74769104	0.0	0.0
0.28282	0.282956692	92.72818066	0.0	0.0
0.2848	0.284937258	92.70876726	0.0	0.0
0.2868	0.286931679	92.68944989	0.0	0.0
0.28881	0.288940052	92.67022761	0.0	0.0
0.29083	0.290962475	92.65109947	0.0	0.0
0.29286	0.292999045	92.63206453	0.0	0.0
0.29492	0.295049862	92.61312188	0.0	0.0
0.29698	0.297115026	92.59427057	0.0	0.0
0.29906	0.299194636	92.57550969	0.0	0.0
0.30115	0.301288794	92.55683831	0.0	0.0
0.30326	0.3033976	92.53825553	0.0	0.0
0.30539	0.305521159	92.51976043	0.0	0.0
0.30752	0.307659571	92.50135212	0.0	0.0
0.30968	0.309812943	92.48302968	0.0	0.0
0.31185	0.311981377	92.46479222	0.0	0.0
0.31403	0.314164979	92.44663886	0.0	0.0
0.31623	0.316363855	92.42856869	0.0	0.0
0.31844	0.318578113	92.41058085	0.0	0.0
0.32067	0.320807858	92.39267444	0.0	0.0
0.32292	0.323053201	92.3748486	0.0	0.0
0.32518	0.325314248	92.35710245	0.0	0.0
0.32745	0.327591112	92.33943513	0.0	0.0
0.32975	0.329883901	92.32184576	0.0	0.0
0.33206	0.332192727	92.30433349	0.0	0.0
0.33438	0.334517703	92.28689747	0.0	0.0
0.33672	0.33685894	92.26953684	0.0	0.0
0.33908	0.339216554	92.25225076	0.0	0.0
0.34145	0.341590658	92.23503837	0.0	0.0
0.34385	0.343981367	92.21789884	0.0	0.0
0.34625	0.346388797	92.20083132	0.0	0.0
0.34868	0.348813066	92.183835	0.0	0.0
0.35112	0.351254291	92.16690903	0.0	0.0
0.35358	0.35371259	92.15005258	0.0	0.0
0.35605	0.356188084	92.13326484	0.0	0.0
0.35855	0.358680891	92.11654499	0.0	0.0
0.36106	0.361191134	92.0998922	0.0	0.0
0.36359	0.363718933	92.08330567	0.0	0.0
0.36613	0.366264412	92.06678458	0.0	0.0
0.36869	0.368827694	92.05032813	0.0	0.0
0.37128	0.371408904	92.03393551	0.0	0.0
0.37388	0.374008167	92.01760592	0.0	0.0
0.37649	0.376625609	92.00133857	0.0	0.0
0.37913	0.379261358	91.98513266	0.0	0.0
0.38178	0.381915541	91.9689874	0.0	0.0
0.38446	0.384588287	91.952902	0.0	0.0
0.38715	0.387279726	91.93687567	0.0	0.0
0.38986	0.389989988	91.92090764	0.0	0.0
0.39259	0.392719206	91.90499712	0.0	0.0
0.39534	0.395467512	91.88914334	0.0	0.0
0.39811	0.398235039	91.87334552	0.0	0.0
0.40089	0.401021922	91.8576029	0.0	0.0
0.4037	0.403828295	91.84191469	0.0	0.0
0.40653	0.406654297	91.82628015	0.0	0.0
0.40937	0.409500063	91.8106985	0.0	0.0
0.41224	0.412365731	91.79516898	0.0	0.0
0.41513	0.415251443	91.77969084	0.0	0.0
0.41803	0.418157336	91.76426332	0.0	0.0
0.42096	0.421083553	91.74888567	0.0	0.0
0.42391	0.424030236	91.73355714	0.0	0.0
0.42688	0.426997527	91.71827697	0.0	0.0
0.42987	0.429985572	91.70304443	0.0	0.0
0.43288	0.432994515	91.68785878	0.0	0.0
0.43591	0.436024503	91.67271926	0.0	0.0
0.43896	0.439075683	91.65762514	0.0	0.0
0.44203	0.442148203	91.64257569	0.0	0.0
0.44513	0.445242213	91.62757017	0.0	0.0
0.44824	0.448357863	91.61260785	0.0	0.0
0.45138	0.451495305	91.59768799	0.0	0.0
0.45454	0.45465469	91.58280988	0.0	0.0
0.45773	0.457836174	91.56797279	0.0	0.0
0.46093	0.46103991	91.55317599	0.0	0.0
0.46416	0.464266055	91.53841875	0.0	0.0
0.46741	0.467514765	91.52370037	0.0	0.0
0.47068	0.470786199	91.50902012	0.0	0.0
0.47398	0.474080515	91.49437729	0.0	0.0
0.4773	0.477397875	91.47977116	0.0	0.0
0.48064	0.480738439	91.46520102	0.0	0.0
0.484	0.48410237	91.45066616	0.0	0.0
0.48739	0.487489833	91.43616588	0.0	0.0
0.49081	0.490900991	91.42169945	0.0	0.0
0.49424	0.494336012	91.40726619	0.0	0.0
0.4977	0.497795062	91.39286538	0.0	0.0
0.50119	0.50127831	91.37849633	0.0	0.0
0.5047	0.504785925	91.36415832	0.0	0.0
0.50823	0.508318079	91.34985068	0.0	0.0
0.51179	0.511874945	91.33557268	0.0	0.0
0.51537	0.515456694	91.32132365	0.0	0.0
0.51898	0.519063502	91.30710288	0.0	0.0
0.52261	0.522695545	91.29290969	0.0	0.0
0.52627	0.526353	91.27874337	0.0	0.0
0.52996	0.530036045	91.26460325	0.0	0.0
0.53367	0.533744861	91.25048862	0.0	0.0
0.53741	0.537479627	91.23639881	0.0	0.0
0.54117	0.541240527	91.22233313	0.0	0.0
0.54496	0.545027744	91.20829088	0.0	0.0
0.54877	0.548841463	91.19427139	0.0	0.0
0.55262	0.552681871	91.18027397	0.0	0.0
0.55649	0.556549154	91.16629795	0.0	0.0
0.56038	0.560443502	91.15234263	0.0	0.0
0.56431	0.564365106	91.13840734	0.0	0.0
0.56826	0.568314157	91.1244914	0.0	0.0
0.57224	0.572290848	91.11059414	0.0	0.0
0.57624	0.576295373	91.09671487	0.0	0.0
0.58028	0.58032793	91.08285291	0.0	0.0
0.58434	0.584388714	91.0690076	0.0	0.0
0.58843	0.588477925	91.05517826	0.0	0.0
0.59255	0.592595763	91.04136422	0.0	0.0
0.5967	0.59674243	91.02756479	0.0	0.0
0.60088	0.600918129	91.01377931	0.0	0.0
0.60509	0.605123064	91.00000711	0.0	0.0
0.60932	0.609357442	90.98624752	0.0	0.0
0.61359	0.61362147	90.97249986	0.0	0.0
0.61789	0.617915357	90.95876347	0.0	0.0
0.62221	0.622239315	90.94503768	0.0	0.0
0.62657	0.626593555	90.93132181	0.0	0.0
0.63096	0.630978291	90.91761521	0.0	0.0
0.63538	0.635393738	90.90391719	0.0	0.0
0.63982	0.639840114	90.8902271	0.0	0.0
0.6443	0.644317636	90.87654427	0.0	0.0
0.64882	0.648826525	90.86286803	0.0	0.0
0.65336	0.653367003	90.84919772	0.0	0.0
0.65793	0.657939292	90.83553267	0.0	0.0
0.66254	0.662543619	90.82187221	0.0	0.0
0.66718	0.667180208	90.80821567	0.0	0.0
0.67185	0.67184929	90.7945624	0.0	0.0
0.67655	0.676551093	90.78091173	0.0	0.0
0.68129	0.681285849	90.76726299	0.0	0.0
0.68606	0.686053792	90.75361552	0.0	0.0
0.69087	0.690855156	90.73996866	0.0	0.0
0.6957	0.695690179	90.72632173	0.0	0.0
0.70057	0.700559098	90.71267408	0.0	0.0
0.70548	0.705462155	90.69902503	0.0	0.0
0.71042	0.710399591	90.68537394	0.0	0.0
0.71539	0.715371649	90.67172012	0.0	0.0
0.7204	0.720378577	90.65806291	0.0	0.0
0.72545	0.72542062	90.64440166	0.0	0.0
0.73053	0.730498028	90.63073569	0.0	0.0
0.73564	0.735611052	90.61706434	0.0	0.0
0.74079	0.740759945	90.60338694	0.0	0.0
0.74598	0.745944962	90.58970283	0.0	0.0
0.7512	0.751166359	90.57601134	0.0	0.0
0.75646	0.756424395	90.56231181	0.0	0.0
0.76176	0.761719329	90.54860356	0.0	0.0
0.76709	0.767051425	90.53488593	0.0	0.0
0.77246	0.772420947	90.52115826	0.0	0.0
0.77787	0.77782816	90.50741986	0.0	0.0
0.78332	0.783273332	90.49367008	0.0	0.0
0.78881	0.788756734	90.47990825	0.0	0.0
0.79433	0.794278637	90.46613368	0.0	0.0
0.79989	0.799839315	90.45234573	0.0	0.0
0.80549	0.805439045	90.4385437	0.0	0.0
0.81113	0.811078104	90.42472694	0.0	0.0
0.81681	0.816756771	90.41089476	0.0	0.0
0.82253	0.822475329	90.3970465	0.0	0.0
0.82829	0.828234062	90.38318147	0.0	0.0
0.83409	0.834033255	90.36929901	0.0	0.0
0.83993	0.839873197	90.35539845	0.0	0.0
0.84581	0.845754177	90.34147909	0.0	0.0
0.85173	0.851676488	90.32754027	0.0	0.0
0.8577	0.857640424	90.3135813	0.0	0.0
0.8637	0.863646281	90.29960151	0.0	0.0
0.86975	0.869694357	90.28560021	0.0	0.0
0.87584	0.875784953	90.27157673	0.0	0.0
0.88197	0.88191837	90.25753038	0.0	0.0
0.88815	0.888094915	90.24346048	0.0	0.0
0.89437	0.894314893	90.22936634	0.0	0.0
0.90063	0.900578614	90.21524728	0.0	0.0
0.90693	0.906886387	90.20110261	0.0	0.0
0.91328	0.913238527	90.18693163	0.0	0.0
0.91968	0.919635349	90.17273367	0.0	0.0
0.92612	0.926077169	90.15850803	0.0	0.0
0.9326	0.932564307	90.14425401	0.0	0.0
0.93913	0.939097085	90.12997093	0.0	0.0
0.94571	0.945675827	90.11565809	0.0	0.0
0.95233	0.952300858	90.10131479	0.0	0.0
0.959	0.958972507	90.08694033	0.0	0.0
0.96571	0.965691103	90.07253402	0.0	0.0
0.97248	0.972456979	90.05809514	0.0	0.0
0.97928	0.979270469	90.04362301	0.0	0.0
0.98614	0.98613191	90.02911691	0.0	0.0
0.99305	0.99304164	90.01457615	0.0	0.0
1	1		90	0.0	0.0
1.007	1.007007333	89.98538777	0.0	0.0
1.01405	1.014063985	89.97073873	0.0	0.0
1.02115	1.021170301	89.95605219	0.0	0.0
1.0283	1.028326632	89.94132742	0.0	0.0
1.0355	1.035533328	89.9265637	0.0	0.0
1.04275	1.042790743	89.91176033	0.0	0.0
1.05006	1.050099233	89.89691657	0.0	0.0
1.05741	1.057459154	89.8820317	0.0	0.0
1.06481	1.064870867	89.86710501	0.0	0.0
1.07227	1.072334733	89.85213576	0.0	0.0
1.07978	1.079851115	89.83712323	0.0	0.0
1.08734	1.08742038	89.82206669	0.0	0.0
1.09495	1.095042895	89.80696539	0.0	0.0
1.10262	1.102719029	89.79181862	0.0	0.0
1.11034	1.110449153	89.77662563	0.0	0.0
1.11811	1.118233643	89.76138567	0.0	0.0
1.12594	1.126072872	89.74609802	0.0	0.0
1.13382	1.133967218	89.73076193	0.0	0.0
1.14176	1.141917061	89.71537664	0.0	0.0
1.14976	1.149922781	89.69994142	0.0	0.0
1.15781	1.157984762	89.68445551	0.0	0.0
1.16591	1.166103389	89.66891815	0.0	0.0
1.17408	1.174279047	89.6533286	0.0	0.0
1.1823	1.182512126	89.63768609	0.0	0.0
1.19058	1.190803017	89.62198986	0.0	0.0
1.19891	1.19915211	89.60623914	0.0	0.0
1.20731	1.2075598	89.59043318	0.0	0.0
1.21576	1.216026482	89.5745712	0.0	0.0
1.22427	1.224552554	89.55865244	0.0	0.0
1.23285	1.233138415	89.54267611	0.0	0.0
1.24148	1.241784466	89.52664144	0.0	0.0
1.25017	1.250491109	89.51054765	0.0	0.0
1.25893	1.259258747	89.49439395	0.0	0.0
1.26774	1.268087788	89.47817957	0.0	0.0
1.27662	1.276978638	89.4619037	0.0	0.0
1.28556	1.285931707	89.44556557	0.0	0.0
1.29456	1.294947406	89.42916438	0.0	0.0
1.30362	1.304026146	89.41269932	0.0	0.0
1.31275	1.313168342	89.3961696	0.0	0.0
1.32194	1.322374411	89.37957441	0.0	0.0
1.3312	1.331644769	89.36291294	0.0	0.0
1.34052	1.340979836	89.34618439	0.0	0.0
1.3499	1.350380032	89.32938795	0.0	0.0
1.35936	1.359845781	89.31252279	0.0	0.0
1.36887	1.369377507	89.29558809	0.0	0.0
1.37846	1.378975637	89.27858303	0.0	0.0
1.38811	1.388640598	89.26150679	0.0	0.0
1.39783	1.398372821	89.24435853	0.0	0.0
1.40762	1.408172738	89.22713742	0.0	0.0
1.41747	1.418040783	89.20984263	0.0	0.0
1.4274	1.427977392	89.1924733	0.0	0.0
1.43739	1.437983003	89.1750286	0.0	0.0
1.44746	1.448058057	89.15750768	0.0	0.0
1.45759	1.458202997	89.13990969	0.0	0.0
1.4678	1.468418268	89.12223376	0.0	0.0
1.47808	1.478704318	89.10447905	0.0	0.0
1.48843	1.489061598	89.08664468	0.0	0.0
1.49885	1.49949056	89.0687298	0.0	0.0
1.50934	1.509991662	89.05073352	0.0	0.0
1.51991	1.520565361	89.03265498	0.0	0.0
1.53055	1.531212122	89.0144933	0.0	0.0
1.54127	1.54193241	88.99624758	0.0	0.0
1.55206	1.552726693	88.97791696	0.0	0.0
1.56293	1.563595447	88.95950053	0.0	0.0
1.57387	1.574539147	88.94099739	0.0	0.0
1.58489	1.585558276	88.92240666	0.0	0.0
1.59599	1.596653319	88.90372743	0.0	0.0
1.60717	1.607824767	88.88495878	0.0	0.0
1.61842	1.619073115	88.86609981	0.0	0.0
1.62975	1.630398865	88.8471496	0.0	0.0
1.64116	1.641802521	88.82810722	0.0	0.0
1.65265	1.653284597	88.80897176	0.0	0.0
1.66423	1.664845611	88.78974228	0.0	0.0
1.67588	1.676486085	88.77041785	0.0	0.0
1.68761	1.688206553	88.75099753	0.0	0.0
1.69943	1.700007551	88.73148038	0.0	0.0
1.71133	1.711889625	88.71186544	0.0	0.0
1.72331	1.723853328	88.69215176	0.0	0.0
1.73538	1.735899222	88.67233839	0.0	0.0
1.74753	1.748027876	88.65242437	0.0	0.0
1.75976	1.760239868	88.63240871	0.0	0.0
1.77209	1.772535786	88.61229047	0.0	0.0
1.78449	1.784916227	88.59206864	0.0	0.0
1.79699	1.797381798	88.57174226	0.0	0.0
1.80957	1.809933115	88.55131034	0.0	0.0
1.82224	1.822570807	88.53077188	0.0	0.0
1.835	1.835295512	88.51012588	0.0	0.0
1.84785	1.84810788	88.48937135	0.0	0.0
1.86079	1.861008572	88.46850726	0.0	0.0
1.87382	1.873998262	88.44753262	0.0	0.0
1.88694	1.887077636	88.4264464	0.0	0.0
1.90015	1.900247391	88.40524758	0.0	0.0
1.91345	1.913508238	88.38393513	0.0	0.0
1.92685	1.9268609	88.36250801	0.0	0.0
1.94034	1.940306116	88.34096518	0.0	0.0
1.95393	1.953844634	88.3193056	0.0	0.0
1.96761	1.967477219	88.29752821	0.0	0.0
1.98139	1.981204646	88.27563196	0.0	0.0
1.99526	1.995027707	88.25361578	0.0	0.0
2.00923	2.008947205	88.2314786	0.0	0.0
2.0233	2.022963958	88.20921936	0.0	0.0
2.03747	2.037078795	88.18683696	0.0	0.0
2.05173	2.05129256	88.16433033	0.0	0.0
2.0661	2.065606109	88.14169837	0.0	0.0
2.08057	2.08002031	88.11893997	0.0	0.0
2.09514	2.094536043	88.09605405	0.0	0.0
2.10981	2.1091542	88.07303947	0.0	0.0
2.12458	2.123875683	88.04989514	0.0	0.0
2.13945	2.138701403	88.02661992	0.0	0.0
2.15443	2.153632284	88.00321269	0.0	0.0
2.16952	2.168669254	87.9796723	0.0	0.0
2.18471	2.183813251	87.95599763	0.0	0.0
2.20001	2.199065219	87.93218751	0.0	0.0
2.21541	2.214426107	87.90824079	0.0	0.0
2.23092	2.229896869	87.88415632	0.0	0.0
2.24655	2.245478459	87.85993291	0.0	0.0
2.26228	2.261171835	87.83556941	0.0	0.0
2.27812	2.276977954	87.81106461	0.0	0.0
2.29407	2.292897771	87.78641735	0.0	0.0
2.31013	2.308932236	87.76162641	0.0	0.0
2.32631	2.325082296	87.73669061	0.0	0.0
2.34259	2.34134889	87.71160872	0.0	0.0
2.359	2.357732947	87.68637953	0.0	0.0
2.37551	2.374235387	87.66100183	0.0	0.0
2.39215	2.390857116	87.63547437	0.0	0.0
2.4089	2.407599024	87.60979592	0.0	0.0
2.42576	2.424461988	87.58396524	0.0	0.0
2.44275	2.441446862	87.55798107	0.0	0.0
2.45985	2.458554482	87.53184215	0.0	0.0
2.47708	2.475785661	87.50554722	0.0	0.0
2.49442	2.493141187	87.479095	0.0	0.0
2.51189	2.510621825	87.45248421	0.0	0.0
2.52947	2.528228309	87.42571355	0.0	0.0
2.54719	2.545961345	87.39878174	0.0	0.0
2.56502	2.563821611	87.37168747	0.0	0.0
2.58298	2.581809753	87.34442941	0.0	0.0
2.60107	2.599926384	87.31700627	0.0	0.0
2.61928	2.618172086	87.28941669	0.0	0.0
2.63762	2.636547408	87.26165935	0.0	0.0
2.65609	2.655052867	87.23373291	0.0	0.0
2.67469	2.673688948	87.205636	0.0	0.0
2.69341	2.692456105	87.17736727	0.0	0.0
2.71227	2.711354762	87.14892535	0.0	0.0
2.73126	2.730385315	87.12030887	0.0	0.0
2.75039	2.749548135	87.09151643	0.0	0.0
2.76965	2.768843569	87.06254664	0.0	0.0
2.78904	2.788271944	87.0333981	0.0	0.0
2.80857	2.807833569	87.0040694	0.0	0.0
2.82823	2.827528745	86.97455912	0.0	0.0
2.84804	2.84735776	86.94486583	0.0	0.0
2.86798	2.867320904	86.91498808	0.0	0.0
2.88806	2.887418468	86.88492445	0.0	0.0
2.90828	2.907650752	86.85467347	0.0	0.0
2.92864	2.928018075	86.82423367	0.0	0.0
2.94915	2.948520776	86.79360359	0.0	0.0
2.9698	2.969159227	86.76278174	0.0	0.0
2.99059	2.989933836	86.73176664	0.0	0.0
3.01153	3.01084506	86.70055677	0.0	0.0
3.03262	3.031893409	86.66915064	0.0	0.0
3.05386	3.053079456	86.63754672	0.0	0.0
3.07524	3.074403848	86.60574348	0.0	0.0
3.09677	3.095867307	86.57373939	0.0	0.0
3.11845	3.117470649	86.5415329	0.0	0.0
3.14029	3.139214779	86.50912246	0.0	0.0
3.16228	3.16110071	86.47650648	0.0	0.0
3.18442	3.183129563	86.44368341	0.0	0.0
3.20672	3.205302573	86.41065165	0.0	0.0
3.22917	3.227621097	86.37740961	0.0	0.0
3.25178	3.250086619	86.34395568	0.0	0.0
3.27455	3.272700746	86.31028824	0.0	0.0
3.29748	3.295465217	86.27640567	0.0	0.0
3.32057	3.3183819	86.24230633	0.0	0.0
3.34382	3.341452791	86.20798858	0.0	0.0
3.36723	3.364680007	86.17345075	0.0	0.0
3.39081	3.388065787	86.13869119	0.0	0.0
3.41455	3.41161248	86.1037082	0.0	0.0
3.43846	3.435322538	86.06850011	0.0	0.0
3.46253	3.459198503	86.03306521	0.0	0.0
3.48678	3.483242995	85.9974018	0.0	0.0
3.51119	3.507458695	85.96150814	0.0	0.0
3.53578	3.531848327	85.92538252	0.0	0.0
3.56053	3.55641464	85.88902318	0.0	0.0
3.58546	3.581160384	85.85242838	0.0	0.0
3.61057	3.60608829	85.81559635	0.0	0.0
3.63585	3.631201042	85.77852531	0.0	0.0
3.66131	3.656501252	85.74121348	0.0	0.0
3.68695	3.681991433	85.70365905	0.0	0.0
3.71276	3.707673973	85.66586022	0.0	0.0
3.73876	3.733551108	85.62781517	0.0	0.0
3.76494	3.759624892	85.58952206	0.0	0.0
3.7913	3.785897175	85.55097904	0.0	0.0
3.81784	3.812369575	85.51218426	0.0	0.0
3.84458	3.839043459	85.47313586	0.0	0.0
3.8715	3.865919921	85.43383194	0.0	0.0
3.8986	3.892999768	85.39427063	0.0	0.0
3.9259	3.920283506	85.35445	0.0	0.0
3.95339	3.947771333	85.31436816	0.0	0.0
3.98107	3.975463136	85.27402316	0.0	0.0
4.00895	4.003358497	85.23341307	0.0	0.0
4.03702	4.031456698	85.19253593	0.0	0.0
4.06528	4.059756741	85.15138978	0.0	0.0
4.09375	4.088257368	85.10997264	0.0	0.0
4.12241	4.116957093	85.06828251	0.0	0.0
4.15128	4.145854239	85.02631739	0.0	0.0
4.18034	4.174946982	84.98407527	0.0	0.0
4.20962	4.204233401	84.94155411	0.0	0.0
4.23909	4.233711536	84.89875188	0.0	0.0
4.26877	4.263379452	84.85566651	0.0	0.0
4.29866	4.293235305	84.81229593	0.0	0.0
4.32876	4.323277413	84.76863807	0.0	0.0
4.35907	4.353504333	84.72469082	0.0	0.0
4.38959	4.383914931	84.68045208	0.0	0.0
4.42033	4.414508462	84.63591973	0.0	0.0
4.45128	4.445284635	84.59109162	0.0	0.0
4.48245	4.476243685	84.54596561	0.0	0.0
4.51383	4.507386433	84.50053953	0.0	0.0
4.54544	4.538714336	84.4548112	0.0	0.0
4.57727	4.570229531	84.40877844	0.0	0.0
4.60931	4.60193486	84.36243903	0.0	0.0
4.64159	4.633833888	84.31579075	0.0	0.0
4.67409	4.665930897	84.26883138	0.0	0.0
4.70682	4.698230866	84.22155865	0.0	0.0
4.73977	4.730739432	84.17397031	0.0	0.0
4.77296	4.76346283	84.12606408	0.0	0.0
4.80638	4.79640781	84.07783766	0.0	0.0
4.84003	4.829581543	84.02928875	0.0	0.0
4.87392	4.862991494	83.98041502	0.0	0.0
4.90805	4.896645291	83.93121414	0.0	0.0
4.94242	4.930550572	83.88168376	0.0	0.0
4.97702	4.964714818	83.8318215	0.0	0.0
5.01187	4.999145183	83.78162498	0.0	0.0
5.04697	5.033848315	83.73109181	0.0	0.0
5.0823	5.068830179	83.68021957	0.0	0.0
5.11789	5.104095885	83.62900583	0.0	0.0
5.15372	5.139649533	83.57744815	0.0	0.0
5.18981	5.175494065	83.52554406	0.0	0.0
5.22615	5.211631155	83.47329109	0.0	0.0
5.26274	5.248061117	83.42068675	0.0	0.0
5.29959	5.284782856	83.36772853	0.0	0.0
5.3367	5.321793858	83.3144139	0.0	0.0
5.37407	5.359090225	83.26074033	0.0	0.0
5.4117	5.396666759	83.20670525	0.0	0.0
5.44959	5.434517096	83.15230609	0.0	0.0
5.48775	5.47263389	83.09754027	0.0	0.0
5.52617	5.511009046	83.04240517	0.0	0.0
5.56486	5.549633999	82.98689817	0.0	0.0
5.60383	5.588500029	82.93101664	0.0	0.0
5.64307	5.627598614	82.87475791	0.0	0.0
5.68258	5.666921795	82.81811931	0.0	0.0
5.72237	5.706462559	82.76109814	0.0	0.0
5.76244	5.746215216	82.70369171	0.0	0.0
5.80278	5.786175753	82.64589728	0.0	0.0
5.84341	5.826342163	82.58771212	0.0	0.0
5.88433	5.86671471	82.52913345	0.0	0.0
5.92553	5.907296143	82.4701585	0.0	0.0
5.96702	5.948091816	82.41078448	0.0	0.0
6.0088	5.989109722	82.35100857	0.0	0.0
6.05088	6.030360421	82.29082794	0.0	0.0
6.09324	6.071856855	82.23023973	0.0	0.0
6.13591	6.113614053	82.16924109	0.0	0.0
6.17887	6.155648718	82.10782911	0.0	0.0
6.22213	6.197978721	82.04600091	0.0	0.0
6.2657	6.240622488	81.98375355	0.0	0.0
6.30957	6.283598328	81.92108409	0.0	0.0
6.35375	6.326923705	81.85798957	0.0	0.0
6.39824	6.37061449	81.79446702	0.0	0.0
6.44304	6.414684226	81.73051343	0.0	0.0
6.48815	6.45914345	81.66612578	0.0	0.0
6.53358	6.503999088	81.60130104	0.0	0.0
6.57933	6.549253987	81.53603615	0.0	0.0
6.6254	6.594906601	81.47032804	0.0	0.0
6.67179	6.640950867	81.40417361	0.0	0.0
6.71851	6.6873763	81.33756975	0.0	0.0
6.76555	6.734168312	81.27051332	0.0	0.0
6.81292	6.781308777	81.20300118	0.0	0.0
6.86062	6.828776815	81.13503014	0.0	0.0
6.90866	6.876549789	81.06659701	0.0	0.0
6.95704	6.924604478	80.99769859	0.0	0.0
7.00575	6.972918371	80.92833162	0.0	0.0
7.0548	7.021471031	80.85849287	0.0	0.0
7.1042	7.070245454	80.78817906	0.0	0.0
7.15394	7.119229343	80.71738689	0.0	0.0
7.20403	7.168416216	80.64611305	0.0	0.0
7.25448	7.217806277	80.57435419	0.0	0.0
7.30527	7.267406951	80.50210697	0.0	0.0
7.35642	7.317233047	80.429368	0.0	0.0
7.40793	7.367306486	80.35613388	0.0	0.0
7.4598	7.417655573	80.28240121	0.0	0.0
7.51203	7.468313819	80.20816652	0.0	0.0
7.56463	7.519318341	80.13342637	0.0	0.0
7.6176	7.570707909	80.05817726	0.0	0.0
7.67094	7.622520724	79.98241569	0.0	0.0
7.72465	7.67479206	79.90613813	0.0	0.0
7.77874	7.727551913	79.82934104	0.0	0.0
7.8332	7.78082281	79.75202084	0.0	0.0
7.88805	7.834617959	79.67417394	0.0	0.0
7.94328	7.888939886	79.59579672	0.0	0.0
7.9989	7.943779714	79.51688554	0.0	0.0
8.05491	7.999117196	79.43743676	0.0	0.0
8.11131	8.054921563	79.35744667	0.0	0.0
8.1681	8.111153205	79.27691159	0.0	0.0
8.2253	8.167766153	79.19582778	0.0	0.0
8.28289	8.224711221	79.11419149	0.0	0.0
8.34088	8.281939654	79.03199895	0.0	0.0
8.39929	8.339407032	78.94924636	0.0	0.0
8.4581	8.397077153	78.86592991	0.0	0.0
8.51732	8.454925575	78.78204575	0.0	0.0
8.57696	8.512942498	78.69759001	0.0	0.0
8.63701	8.571134691	78.61255882	0.0	0.0
8.69749	8.629526207	78.52694826	0.0	0.0
8.75839	8.688157712	78.44075439	0.0	0.0
8.81971	8.747084355	78.35397326	0.0	0.0
8.88147	8.806372218	78.26660088	0.0	0.0
8.94366	8.866093543	78.17863324	0.0	0.0
9.00628	8.926321021	78.09006632	0.0	0.0
9.06934	8.987121594	78.00089607	0.0	0.0
9.13284	9.048550277	77.9111184	0.0	0.0
9.19679	9.110644588	77.82072921	0.0	0.0
9.26119	9.173420164	77.72972438	0.0	0.0
9.32603	9.236868098	77.63809976	0.0	0.0
9.39133	9.300954415	77.54585117	0.0	0.0
9.45709	9.365621953	77.45297441	0.0	0.0
9.52331	9.430794675	77.35946526	0.0	0.0
9.58999	9.496384219	77.26531946	0.0	0.0
9.65714	9.562298226	77.17053276	0.0	0.0
9.72476	9.628449751	77.07510084	0.0	0.0
9.79285	9.694766858	76.97901939	0.0	0.0
9.86142	9.761201411	76.88228406	0.0	0.0
9.93047	9.827736016	76.78489047	0.0	0.0
10	9.894388184	76.68683422	0.0	0.0
10.07002	9.961210979	76.58811091	0.0	0.0
10.14053	10.02828975	76.48871606	0.0	0.0
10.21153	10.09573494	76.38864522	0.0	0.0
10.28303	10.16367142	76.28789388	0.0	0.0
10.35503	10.23222529	76.18645751	0.0	0.0
10.42754	10.30150951	76.08433158	0.0	0.0
10.50055	10.37160981	75.98151149	0.0	0.0
10.57408	10.44257298	75.87799266	0.0	0.0
10.64811	10.51439877	75.77377044	0.0	0.0
10.72267	10.58703726	75.6688402	0.0	0.0
10.79775	10.66039211	75.56319725	0.0	0.0
10.87336	10.73433018	75.45683688	0.0	0.0
10.94949	10.80869669	75.34975437	0.0	0.0
11.02616	10.88333449	75.24194496	0.0	0.0
11.10336	10.95810522	75.13340387	0.0	0.0
11.18111	11.03290967	75.02412628	0.0	0.0
11.2594		11.1077044	74.91410737	0.0	0.0
11.33824	11.18251185	74.80334226	0.0	0.0
11.41762	11.25742203	74.69182609	0.0	0.0
11.49757	11.33258452	74.57955392	0.0	0.0
11.57808	11.40819104	74.46652083	0.0	0.0
11.65914	11.48445042	74.35272184	0.0	0.0
11.74078	11.56155877	74.23815197	0.0	0.0
11.82299	11.63966917	74.12280619	0.0	0.0
11.90577	11.71886543	74.00667946	0.0	0.0
11.98914	11.79914461	73.88976671	0.0	0.0
12.07308	11.88041184	73.77206284	0.0	0.0
12.15762	11.96248975	73.65356272	0.0	0.0
12.24274	12.04514223	73.53426121	0.0	0.0
12.32847	12.12811018	73.41415313	0.0	0.0
12.41479	12.21115425	73.29323327	0.0	0.0
12.50172	12.2940979	73.17149641	0.0	0.0
12.58925	12.37686334	73.04893728	0.0	0.0
12.6774		12.45949295	72.92555061	0.0	0.0
12.76617	12.54215086	72.80133109	0.0	0.0
12.85556	12.62510222	72.67627337	0.0	0.0
12.94557	12.70867154	72.55037211	0.0	0.0
13.03622	12.79318579	72.4236219	0.0	0.0
13.12749	12.87891158	72.29601733	0.0	0.0
13.21941	12.96599811	72.16755297	0.0	0.0
13.31197	13.05443814	72.03822335	0.0	0.0
13.40518	13.14405699	71.90802296	0.0	0.0
13.49904	13.23453534	71.7769463	0.0	0.0
13.59356	13.32546517	71.64498781	0.0	0.0
13.68875	13.41643089	71.51214192	0.0	0.0
13.78459	13.50710114	71.37840304	0.0	0.0
13.88111	13.59731199	71.24376554	0.0	0.0
13.97831	13.68712125	71.10822377	0.0	0.0
14.07618	13.77681704	70.97177206	0.0	0.0
14.17474	13.86687173	70.83440469	0.0	0.0
14.27399	13.95784397	70.69611595	0.0	0.0
14.37394	14.05024493	70.55690009	0.0	0.0
14.47458	14.14439693	70.41675131	0.0	0.0
14.57593	14.24032051	70.27566383	0.0	0.0
14.67799	14.33768593	70.1336318	0.0	0.0
14.78077	14.43585642	69.99064938	0.0	0.0
14.88426	14.53403158	69.84671068	0.0	0.0
14.98848	14.63147317	69.7018098	0.0	0.0
15.09343	14.72776646	69.55594081	0.0	0.0
15.19911	14.82304391	69.40909776	0.0	0.0
15.30553	14.91808248	69.26127466	0.0	0.0
15.4127		15.01418672	69.11246552	0.0	0.0
15.52062	15.11279256	68.96266431	0.0	0.0
15.6293		15.21477106	68.81186497	0.0	0.0
15.73873	15.31947368	68.66006142	0.0	0.0
15.84893	15.42363105	68.50724758	0.0	0.0
15.95991	15.52028339	68.35341731	0.0	0.0
16.07166	15.59796562	68.19856446	0.0	0.0
16.18419	15.64038162	68.04268288	0.0	0.0
16.29751	15.62676818	67.88576636	0.0	0.0
16.41162	15.5330686	67.72780869	0.0	0.0
16.52654	15.33391559	67.56880364	0.0	0.0
16.64225	15.00527927	67.40874493	0.0	0.0
16.75878	14.52749435	67.24762628	0.0	0.0
16.87612	13.88826787	67.0854414	0.0	0.0
16.99429	13.0852127	66.92218396	0.0	0.0
17.11328	12.12747074	66.7578476	0.0	0.0
17.23311	11.03608801	66.59242595	0.0	0.0
17.35377	9.842973333	66.42591264	0.0	0.0
17.47528	8.5884854	66.25830123	0.0	0.0
17.59764	7.317914168	66.08958531	0.0	0.0
17.72086	6.077309349	65.91975843	0.0	0.0
17.84494	4.909223922	65.7488141	0.0	0.0
17.96989	3.848959372	65.57674584	0.0	0.0
18.09572	2.921815693	65.40354714	0.0	0.0
18.22242	2.141677878	65.22921148	0.0	0.0
18.35001	1.511045207	65.05373229	0.0	0.0
18.4785		1.022374605	64.87710303	0.0	0.0
18.60788	0.660410887	64.6993171	0.0	0.0
18.73817	0.405051774	64.5203679	0.0	0.0
18.86938	0.234263968	64.34024882	0.0	0.0
19.0015		0.126626672	64.15895323	0.0	0.0
19.13455	0.063209329	63.97647447	0.0	0.0
19.26853	0.028655895	63.79280587	0.0	0.0
19.40344	0.01150946	63.60794076	0.0	0.0
19.5393		0.003934926	63.42187244	0.0	0.0
19.67612	0.001063844	63.2345942	0.0	0.0
19.81389	0.000190958	63.04609931	0.0	0.0
20		0.000002579	62.79161628	0.0	0.0
