# Response file for NV31 BHZ
#
# Freq(Hz)     Amp(counts/nm)   Phase(deg)  Error(amp)  Error(phase)
#
 theoretical  0       system    fap   R.Rembold
2000
   0.01000  0.72399640E+00    80.3	0.0	0.0
   0.01990  0.99417770E+00    35.3	0.0	0.0
   0.02980  0.99882472E+00    25.6	0.0	0.0
   0.03970  0.99457270E+00    18.5	0.0	0.0
   0.04960  0.10017483E+01    14.1	0.0	0.0
   0.05950  0.10043747E+01    12.0	0.0	0.0
   0.06940  0.99974722E+00     9.7	0.0	0.0
   0.07930  0.10035964E+01     8.6	0.0	0.0
   0.08920  0.10033946E+01     7.4	0.0	0.0
   0.09910  0.10033944E+01     6.7	0.0	0.0
   0.10900  0.99934298E+00     6.3	0.0	0.0
   0.11890  0.99897778E+00     5.7	0.0	0.0
   0.12880  0.99783415E+00     4.9	0.0	0.0
   0.13870  0.10004065E+01     4.5	0.0	0.0
   0.14860  0.10033252E+01     4.2	0.0	0.0
   0.15850  0.99994570E+00     4.1	0.0	0.0
   0.16840  0.99626762E+00     3.7	0.0	0.0
   0.17830  0.10000495E+01     3.7	0.0	0.0
   0.18820  0.99784571E+00     3.3	0.0	0.0
   0.19810  0.99731994E+00     3.2	0.0	0.0
   0.20800  0.99839205E+00     3.0	0.0	0.0
   0.21790  0.10008310E+01     2.8	0.0	0.0
   0.22780  0.99831504E+00     2.6	0.0	0.0
   0.23770  0.99920857E+00     2.4	0.0	0.0
   0.24760  0.10032413E+01     2.4	0.0	0.0
   0.25750  0.10002409E+01     2.2	0.0	0.0
   0.26740  0.99921167E+00     2.1	0.0	0.0
   0.27730  0.10003915E+01     2.0	0.0	0.0
   0.28720  0.99841511E+00     1.9	0.0	0.0
   0.29710  0.99877220E+00     1.8	0.0	0.0
   0.30700  0.99834675E+00     1.8	0.0	0.0
   0.31690  0.99857551E+00     1.7	0.0	0.0
   0.32680  0.99927115E+00     1.6	0.0	0.0
   0.33670  0.99991798E+00     1.6	0.0	0.0
   0.34660  0.10004952E+01     1.5	0.0	0.0
   0.35650  0.99937612E+00     1.4	0.0	0.0
   0.36640  0.99880236E+00     1.4	0.0	0.0
   0.37630  0.10011688E+01     1.3	0.0	0.0
   0.38620  0.10003815E+01     1.1	0.0	0.0
   0.39610  0.99902844E+00     1.2	0.0	0.0
   0.40600  0.99778694E+00     1.2	0.0	0.0
   0.41590  0.10002825E+01     1.1	0.0	0.0
   0.42580  0.10015557E+01     1.0	0.0	0.0
   0.43570  0.99981755E+00     0.9	0.0	0.0
   0.44560  0.10006611E+01     0.8	0.0	0.0
   0.45550  0.10006732E+01     0.9	0.0	0.0
   0.46540  0.99854821E+00     0.9	0.0	0.0
   0.47530  0.99981511E+00     0.7	0.0	0.0
   0.48520  0.10008096E+01     0.7	0.0	0.0
   0.49510  0.10007906E+01     0.7	0.0	0.0
   0.50500  0.99787647E+00     0.7	0.0	0.0
   0.51490  0.10006447E+01     0.7	0.0	0.0
   0.52480  0.99969816E+00     0.6	0.0	0.0
   0.53470  0.99873286E+00     0.5	0.0	0.0
   0.54460  0.99822825E+00     0.5	0.0	0.0
   0.55450  0.99845588E+00     0.4	0.0	0.0
   0.56440  0.10001355E+01     0.4	0.0	0.0
   0.57430  0.99973220E+00     0.4	0.0	0.0
   0.58420  0.10001662E+01     0.4	0.0	0.0
   0.59410  0.99937993E+00     0.3	0.0	0.0
   0.60400  0.99929768E+00     0.3	0.0	0.0
   0.61390  0.99939805E+00     0.3	0.0	0.0
   0.62380  0.10001172E+01     0.3	0.0	0.0
   0.63370  0.99870497E+00     0.2	0.0	0.0
   0.64360  0.10001259E+01     0.2	0.0	0.0
   0.65350  0.99995893E+00     0.2	0.0	0.0
   0.66340  0.10001423E+01     0.1	0.0	0.0
   0.67330  0.99966073E+00     0.1	0.0	0.0
   0.68320  0.99873179E+00     0.1	0.0	0.0
   0.69310  0.10007968E+01     0.0	0.0	0.0
   0.70300  0.10003237E+01     0.0	0.0	0.0
   0.71290  0.99891096E+00   360.0	0.0	0.0
   0.72280  0.99933213E+00   359.9	0.0	0.0
   0.73270  0.10002345E+01   359.9	0.0	0.0
   0.74260  0.10001436E+01   359.9	0.0	0.0
   0.75250  0.99824125E+00   359.9	0.0	0.0
   0.76240  0.99978316E+00   359.8	0.0	0.0
   0.77230  0.10005131E+01   359.8	0.0	0.0
   0.78220  0.99942839E+00   359.8	0.0	0.0
   0.79210  0.99994308E+00   359.8	0.0	0.0
   0.80200  0.10004004E+01   359.8	0.0	0.0
   0.81190  0.99994701E+00   359.7	0.0	0.0
   0.82180  0.99970198E+00   359.6	0.0	0.0
   0.83170  0.10001791E+01   359.8	0.0	0.0
   0.84160  0.99973464E+00   359.7	0.0	0.0
   0.85150  0.10000703E+01   359.7	0.0	0.0
   0.86140  0.99885088E+00   359.6	0.0	0.0
   0.87130  0.99956316E+00   359.6	0.0	0.0
   0.88120  0.10001763E+01   359.6	0.0	0.0
   0.89110  0.10003386E+01   359.6	0.0	0.0
   0.90100  0.10010191E+01   359.5	0.0	0.0
   0.91090  0.99926174E+00   359.5	0.0	0.0
   0.92080  0.99913639E+00   359.5	0.0	0.0
   0.93070  0.99914783E+00   359.4	0.0	0.0
   0.94060  0.99985200E+00   359.4	0.0	0.0
   0.95050  0.99968618E+00   359.4	0.0	0.0
   0.96040  0.99946779E+00   359.4	0.0	0.0
   0.97030  0.99974066E+00   359.4	0.0	0.0
   0.98020  0.99954039E+00   359.3	0.0	0.0
   0.99010  0.99926674E+00   359.3	0.0	0.0
   1.00000  0.10000000E+01   359.3	0.0	0.0
   1.00989  0.99975067E+00   359.3	0.0	0.0
   1.01979  0.10000546E+01   359.3	0.0	0.0
   1.02969  0.10014629E+01   359.2	0.0	0.0
   1.03959  0.99994743E+00   359.2	0.0	0.0
   1.04949  0.99942273E+00   359.2	0.0	0.0
   1.05939  0.10004380E+01   359.2	0.0	0.0
   1.06929  0.10009866E+01   359.2	0.0	0.0
   1.07919  0.10000319E+01   359.1	0.0	0.0
   1.08909  0.99982560E+00   359.1	0.0	0.0
   1.09899  0.10004244E+01   359.1	0.0	0.0
   1.10889  0.10006750E+01   359.1	0.0	0.0
   1.11879  0.10006423E+01   359.1	0.0	0.0
   1.12869  0.10006001E+01   359.0	0.0	0.0
   1.13859  0.99967164E+00   359.0	0.0	0.0
   1.14849  0.10010056E+01   359.0	0.0	0.0
   1.15839  0.99991274E+00   359.0	0.0	0.0
   1.16829  0.10002778E+01   359.0	0.0	0.0
   1.17819  0.10003860E+01   359.0	0.0	0.0
   1.18809  0.10009130E+01   358.9	0.0	0.0
   1.19799  0.10003153E+01   358.9	0.0	0.0
   1.20789  0.10007215E+01   358.9	0.0	0.0
   1.21779  0.10009935E+01   358.9	0.0	0.0
   1.22769  0.10004860E+01   358.9	0.0	0.0
   1.23759  0.10006645E+01   358.8	0.0	0.0
   1.24749  0.10010703E+01   358.8	0.0	0.0
   1.25739  0.10008440E+01   358.8	0.0	0.0
   1.26729  0.10002959E+01   358.8	0.0	0.0
   1.27719  0.10017091E+01   358.7	0.0	0.0
   1.28709  0.10003157E+01   358.8	0.0	0.0
   1.29699  0.10010080E+01   358.7	0.0	0.0
   1.30689  0.10006837E+01   358.7	0.0	0.0
   1.31679  0.10010562E+01   358.7	0.0	0.0
   1.32669  0.10008417E+01   358.7	0.0	0.0
   1.33659  0.10010087E+01   358.7	0.0	0.0
   1.34649  0.10008163E+01   358.7	0.0	0.0
   1.35639  0.99961424E+00   358.6	0.0	0.0
   1.36629  0.10007148E+01   358.6	0.0	0.0
   1.37619  0.10012842E+01   358.6	0.0	0.0
   1.38609  0.10010124E+01   358.6	0.0	0.0
   1.39599  0.10011557E+01   358.6	0.0	0.0
   1.40589  0.10008618E+01   358.6	0.0	0.0
   1.41579  0.10011417E+01   358.6	0.0	0.0
   1.42569  0.10007734E+01   358.5	0.0	0.0
   1.43559  0.10010569E+01   358.5	0.0	0.0
   1.44549  0.10006293E+01   358.5	0.0	0.0
   1.45539  0.10014830E+01   358.4	0.0	0.0
   1.46529  0.10017165E+01   358.4	0.0	0.0
   1.47519  0.10015600E+01   358.4	0.0	0.0
   1.48509  0.10013276E+01   358.4	0.0	0.0
   1.49499  0.10011232E+01   358.4	0.0	0.0
   1.50489  0.10012779E+01   358.4	0.0	0.0
   1.51479  0.10013331E+01   358.4	0.0	0.0
   1.52469  0.10012019E+01   358.4	0.0	0.0
   1.53459  0.10010594E+01   358.3	0.0	0.0
   1.54449  0.10008037E+01   358.3	0.0	0.0
   1.55439  0.10014304E+01   358.3	0.0	0.0
   1.56429  0.10010667E+01   358.3	0.0	0.0
   1.57419  0.10016096E+01   358.3	0.0	0.0
   1.58409  0.10017121E+01   358.2	0.0	0.0
   1.59399  0.10011271E+01   358.2	0.0	0.0
   1.60389  0.10010229E+01   358.2	0.0	0.0
   1.61379  0.10010514E+01   358.2	0.0	0.0
   1.62369  0.10010911E+01   358.2	0.0	0.0
   1.63359  0.10013027E+01   358.2	0.0	0.0
   1.64349  0.10015448E+01   358.1	0.0	0.0
   1.65339  0.10004902E+01   358.1	0.0	0.0
   1.66329  0.10013729E+01   358.1	0.0	0.0
   1.67319  0.10013840E+01   358.1	0.0	0.0
   1.68309  0.10014641E+01   358.1	0.0	0.0
   1.69299  0.10014828E+01   358.1	0.0	0.0
   1.70289  0.10013893E+01   358.0	0.0	0.0
   1.71279  0.10015087E+01   358.0	0.0	0.0
   1.72269  0.10012827E+01   358.0	0.0	0.0
   1.73259  0.10014906E+01   357.9	0.0	0.0
   1.74249  0.10016587E+01   358.0	0.0	0.0
   1.75239  0.10014812E+01   358.0	0.0	0.0
   1.76229  0.10008900E+01   358.0	0.0	0.0
   1.77219  0.10019273E+01   357.9	0.0	0.0
   1.78209  0.10014068E+01   357.9	0.0	0.0
   1.79199  0.10013701E+01   357.9	0.0	0.0
   1.80189  0.10008491E+01   357.9	0.0	0.0
   1.81179  0.10010706E+01   357.9	0.0	0.0
   1.82169  0.10012355E+01   357.8	0.0	0.0
   1.83159  0.10015687E+01   357.8	0.0	0.0
   1.84149  0.10013419E+01   357.8	0.0	0.0
   1.85139  0.10014614E+01   357.8	0.0	0.0
   1.86129  0.10013950E+01   357.8	0.0	0.0
   1.87119  0.10015256E+01   357.8	0.0	0.0
   1.88109  0.10016284E+01   357.7	0.0	0.0
   1.89099  0.10018437E+01   357.7	0.0	0.0
   1.90089  0.10012505E+01   357.7	0.0	0.0
   1.91079  0.10011877E+01   357.7	0.0	0.0
   1.92069  0.10015419E+01   357.7	0.0	0.0
   1.93059  0.10014303E+01   357.7	0.0	0.0
   1.94049  0.10012614E+01   357.6	0.0	0.0
   1.95039  0.10013186E+01   357.6	0.0	0.0
   1.96029  0.10010954E+01   357.6	0.0	0.0
   1.97019  0.10012568E+01   357.6	0.0	0.0
   1.98009  0.10010778E+01   357.6	0.0	0.0
   1.98999  0.10011052E+01   357.6	0.0	0.0
   1.99989  0.10015219E+01   357.6	0.0	0.0
   2.00979  0.10014192E+01   357.5	0.0	0.0
   2.01969  0.10016108E+01   357.5	0.0	0.0
   2.02959  0.10014476E+01   357.5	0.0	0.0
   2.03949  0.10014721E+01   357.5	0.0	0.0
   2.04939  0.10010892E+01   357.5	0.0	0.0
   2.05929  0.10015873E+01   357.5	0.0	0.0
   2.06919  0.10015671E+01   357.4	0.0	0.0
   2.07909  0.10012836E+01   357.4	0.0	0.0
   2.08899  0.10010725E+01   357.4	0.0	0.0
   2.09889  0.10019518E+01   357.4	0.0	0.0
   2.10879  0.10014539E+01   357.4	0.0	0.0
   2.11869  0.10018096E+01   357.4	0.0	0.0
   2.12859  0.10018456E+01   357.3	0.0	0.0
   2.13849  0.10012704E+01   357.3	0.0	0.0
   2.14839  0.10012584E+01   357.3	0.0	0.0
   2.15829  0.10011810E+01   357.3	0.0	0.0
   2.16819  0.10017004E+01   357.3	0.0	0.0
   2.17809  0.10007707E+01   357.3	0.0	0.0
   2.18799  0.10010524E+01   357.3	0.0	0.0
   2.19789  0.10011785E+01   357.2	0.0	0.0
   2.20779  0.10014032E+01   357.2	0.0	0.0
   2.21769  0.10014018E+01   357.2	0.0	0.0
   2.22759  0.10014732E+01   357.2	0.0	0.0
   2.23749  0.10015596E+01   357.2	0.0	0.0
   2.24739  0.10012435E+01   357.2	0.0	0.0
   2.25729  0.10012729E+01   357.2	0.0	0.0
   2.26719  0.10013783E+01   357.1	0.0	0.0
   2.27709  0.10017841E+01   357.1	0.0	0.0
   2.28699  0.10015602E+01   357.1	0.0	0.0
   2.29689  0.10014856E+01   357.1	0.0	0.0
   2.30679  0.10014253E+01   357.1	0.0	0.0
   2.31669  0.10017289E+01   357.1	0.0	0.0
   2.32659  0.10016288E+01   357.0	0.0	0.0
   2.33649  0.10016506E+01   357.0	0.0	0.0
   2.34639  0.10016738E+01   357.0	0.0	0.0
   2.35629  0.10013860E+01   357.0	0.0	0.0
   2.36619  0.10016998E+01   357.0	0.0	0.0
   2.37609  0.10015199E+01   357.0	0.0	0.0
   2.38599  0.10016109E+01   356.9	0.0	0.0
   2.39589  0.10018415E+01   356.9	0.0	0.0
   2.40579  0.10020757E+01   356.9	0.0	0.0
   2.41569  0.10016747E+01   356.9	0.0	0.0
   2.42559  0.10014107E+01   356.9	0.0	0.0
   2.43549  0.10015886E+01   356.9	0.0	0.0
   2.44539  0.10017884E+01   356.8	0.0	0.0
   2.45529  0.10020717E+01   356.8	0.0	0.0
   2.46519  0.10019168E+01   356.8	0.0	0.0
   2.47509  0.10019552E+01   356.8	0.0	0.0
   2.48499  0.10022005E+01   356.8	0.0	0.0
   2.49489  0.10020374E+01   356.8	0.0	0.0
   2.50479  0.10020432E+01   356.8	0.0	0.0
   2.51469  0.10021040E+01   356.7	0.0	0.0
   2.52459  0.10016969E+01   356.7	0.0	0.0
   2.53449  0.10020386E+01   356.7	0.0	0.0
   2.54439  0.10021101E+01   356.7	0.0	0.0
   2.55429  0.10021755E+01   356.7	0.0	0.0
   2.56419  0.10020703E+01   356.7	0.0	0.0
   2.57409  0.10022215E+01   356.6	0.0	0.0
   2.58399  0.10021987E+01   356.6	0.0	0.0
   2.59389  0.10024723E+01   356.6	0.0	0.0
   2.60379  0.10023781E+01   356.6	0.0	0.0
   2.61369  0.10024933E+01   356.6	0.0	0.0
   2.62359  0.10020812E+01   356.6	0.0	0.0
   2.63349  0.10019774E+01   356.6	0.0	0.0
   2.64339  0.10020158E+01   356.5	0.0	0.0
   2.65329  0.10023394E+01   356.5	0.0	0.0
   2.66319  0.10024595E+01   356.5	0.0	0.0
   2.67309  0.10025502E+01   356.5	0.0	0.0
   2.68299  0.10024723E+01   356.5	0.0	0.0
   2.69289  0.10023947E+01   356.5	0.0	0.0
   2.70279  0.10022112E+01   356.4	0.0	0.0
   2.71269  0.10023296E+01   356.4	0.0	0.0
   2.72259  0.10025511E+01   356.4	0.0	0.0
   2.73249  0.10023671E+01   356.4	0.0	0.0
   2.74239  0.10027683E+01   356.4	0.0	0.0
   2.75229  0.10026729E+01   356.4	0.0	0.0
   2.76219  0.10026723E+01   356.4	0.0	0.0
   2.77209  0.10025440E+01   356.4	0.0	0.0
   2.78199  0.10023704E+01   356.3	0.0	0.0
   2.79189  0.10025632E+01   356.3	0.0	0.0
   2.80179  0.10029541E+01   356.3	0.0	0.0
   2.81169  0.10030029E+01   356.3	0.0	0.0
   2.82159  0.10029938E+01   356.3	0.0	0.0
   2.83149  0.10029721E+01   356.2	0.0	0.0
   2.84139  0.10028768E+01   356.2	0.0	0.0
   2.85129  0.10030543E+01   356.2	0.0	0.0
   2.86119  0.10029964E+01   356.2	0.0	0.0
   2.87109  0.10025243E+01   356.2	0.0	0.0
   2.88099  0.10033224E+01   356.2	0.0	0.0
   2.89089  0.10027637E+01   356.2	0.0	0.0
   2.90079  0.10031106E+01   356.1	0.0	0.0
   2.91069  0.10027754E+01   356.1	0.0	0.0
   2.92059  0.10028532E+01   356.1	0.0	0.0
   2.93049  0.10028449E+01   356.1	0.0	0.0
   2.94039  0.10030793E+01   356.1	0.0	0.0
   2.95028  0.10030699E+01   356.1	0.0	0.0
   2.96019  0.10028626E+01   356.0	0.0	0.0
   2.97008  0.10028429E+01   356.0	0.0	0.0
   2.97998  0.10031362E+01   356.0	0.0	0.0
   2.98988  0.10030811E+01   356.0	0.0	0.0
   2.99978  0.10031785E+01   356.0	0.0	0.0
   3.00968  0.10031738E+01   356.0	0.0	0.0
   3.01958  0.10032452E+01   356.0	0.0	0.0
   3.02948  0.10030985E+01   355.9	0.0	0.0
   3.03938  0.10031561E+01   355.9	0.0	0.0
   3.04928  0.10030725E+01   355.9	0.0	0.0
   3.05918  0.10035900E+01   355.9	0.0	0.0
   3.06908  0.10031586E+01   355.9	0.0	0.0
   3.07898  0.10033970E+01   355.9	0.0	0.0
   3.08888  0.10035429E+01   355.8	0.0	0.0
   3.09878  0.10033966E+01   355.9	0.0	0.0
   3.10868  0.10036306E+01   355.8	0.0	0.0
   3.11858  0.10033630E+01   355.8	0.0	0.0
   3.12848  0.10033224E+01   355.8	0.0	0.0
   3.13838  0.10032961E+01   355.8	0.0	0.0
   3.14828  0.10033407E+01   355.8	0.0	0.0
   3.15818  0.10034475E+01   355.7	0.0	0.0
   3.16808  0.10035200E+01   355.7	0.0	0.0
   3.17798  0.10036827E+01   355.7	0.0	0.0
   3.18788  0.10035778E+01   355.7	0.0	0.0
   3.19778  0.10031416E+01   355.7	0.0	0.0
   3.20768  0.10034049E+01   355.6	0.0	0.0
   3.21758  0.10030735E+01   355.7	0.0	0.0
   3.22748  0.10032715E+01   355.6	0.0	0.0
   3.23738  0.10034137E+01   355.6	0.0	0.0
   3.24728  0.10038053E+01   355.6	0.0	0.0
   3.25718  0.10036517E+01   355.6	0.0	0.0
   3.26708  0.10032400E+01   355.6	0.0	0.0
   3.27698  0.10031973E+01   355.6	0.0	0.0
   3.28688  0.10033866E+01   355.5	0.0	0.0
   3.29678  0.10032471E+01   355.5	0.0	0.0
   3.30668  0.10033967E+01   355.5	0.0	0.0
   3.31658  0.10033869E+01   355.5	0.0	0.0
   3.32648  0.10033826E+01   355.5	0.0	0.0
   3.33638  0.10033665E+01   355.5	0.0	0.0
   3.34628  0.10032997E+01   355.5	0.0	0.0
   3.35618  0.10031801E+01   355.4	0.0	0.0
   3.36608  0.10037476E+01   355.4	0.0	0.0
   3.37598  0.10032392E+01   355.4	0.0	0.0
   3.38588  0.10034815E+01   355.4	0.0	0.0
   3.39578  0.10036345E+01   355.4	0.0	0.0
   3.40568  0.10033048E+01   355.4	0.0	0.0
   3.41558  0.10039210E+01   355.3	0.0	0.0
   3.42548  0.10035231E+01   355.3	0.0	0.0
   3.43538  0.10033395E+01   355.3	0.0	0.0
   3.44528  0.10035101E+01   355.3	0.0	0.0
   3.45518  0.10033928E+01   355.3	0.0	0.0
   3.46508  0.10033879E+01   355.3	0.0	0.0
   3.47498  0.10031538E+01   355.3	0.0	0.0
   3.48488  0.10035653E+01   355.2	0.0	0.0
   3.49478  0.10034462E+01   355.2	0.0	0.0
   3.50468  0.10037110E+01   355.2	0.0	0.0
   3.51458  0.10034024E+01   355.2	0.0	0.0
   3.52448  0.10033895E+01   355.2	0.0	0.0
   3.53438  0.10035328E+01   355.2	0.0	0.0
   3.54428  0.10036436E+01   355.1	0.0	0.0
   3.55418  0.10033052E+01   355.1	0.0	0.0
   3.56408  0.10036262E+01   355.1	0.0	0.0
   3.57398  0.10035954E+01   355.1	0.0	0.0
   3.58388  0.10039542E+01   355.1	0.0	0.0
   3.59378  0.10036027E+01   355.1	0.0	0.0
   3.60368  0.10033518E+01   355.1	0.0	0.0
   3.61358  0.10034425E+01   355.0	0.0	0.0
   3.62348  0.10033271E+01   355.0	0.0	0.0
   3.63338  0.10042095E+01   355.0	0.0	0.0
   3.64328  0.10034783E+01   355.0	0.0	0.0
   3.65318  0.10032095E+01   355.0	0.0	0.0
   3.66308  0.10035182E+01   355.0	0.0	0.0
   3.67298  0.10036563E+01   354.9	0.0	0.0
   3.68288  0.10035471E+01   354.9	0.0	0.0
   3.69278  0.10036181E+01   354.9	0.0	0.0
   3.70268  0.10037339E+01   354.9	0.0	0.0
   3.71258  0.10036227E+01   354.9	0.0	0.0
   3.72248  0.10037158E+01   354.9	0.0	0.0
   3.73238  0.10036551E+01   354.9	0.0	0.0
   3.74228  0.10037098E+01   354.8	0.0	0.0
   3.75218  0.10037053E+01   354.8	0.0	0.0
   3.76208  0.10037875E+01   354.8	0.0	0.0
   3.77198  0.10036167E+01   354.8	0.0	0.0
   3.78188  0.10038213E+01   354.8	0.0	0.0
   3.79178  0.10037631E+01   354.8	0.0	0.0
   3.80168  0.10037324E+01   354.7	0.0	0.0
   3.81158  0.10036429E+01   354.7	0.0	0.0
   3.82148  0.10037057E+01   354.7	0.0	0.0
   3.83138  0.10038475E+01   354.7	0.0	0.0
   3.84128  0.10040382E+01   354.7	0.0	0.0
   3.85118  0.10040271E+01   354.7	0.0	0.0
   3.86108  0.10039403E+01   354.6	0.0	0.0
   3.87098  0.10038838E+01   354.6	0.0	0.0
   3.88088  0.10038013E+01   354.6	0.0	0.0
   3.89078  0.10041980E+01   354.6	0.0	0.0
   3.90068  0.10042970E+01   354.6	0.0	0.0
   3.91058  0.10040221E+01   354.6	0.0	0.0
   3.92048  0.10042323E+01   354.6	0.0	0.0
   3.93038  0.10037692E+01   354.6	0.0	0.0
   3.94028  0.10047057E+01   354.6	0.0	0.0
   3.95018  0.10043631E+01   354.5	0.0	0.0
   3.96008  0.10041232E+01   354.5	0.0	0.0
   3.96998  0.10038712E+01   354.5	0.0	0.0
   3.97988  0.10038787E+01   354.5	0.0	0.0
   3.98978  0.10042579E+01   354.4	0.0	0.0
   3.99968  0.10039726E+01   354.4	0.0	0.0
   4.00958  0.10043887E+01   354.4	0.0	0.0
   4.01948  0.10041990E+01   354.4	0.0	0.0
   4.02938  0.10046121E+01   354.4	0.0	0.0
   4.03928  0.10047649E+01   354.4	0.0	0.0
   4.04918  0.10044796E+01   354.4	0.0	0.0
   4.05908  0.10047596E+01   354.4	0.0	0.0
   4.06898  0.10045133E+01   354.3	0.0	0.0
   4.07888  0.10044063E+01   354.3	0.0	0.0
   4.08878  0.10046068E+01   354.3	0.0	0.0
   4.09868  0.10044432E+01   354.3	0.0	0.0
   4.10858  0.10046577E+01   354.3	0.0	0.0
   4.11848  0.10047623E+01   354.2	0.0	0.0
   4.12838  0.10046344E+01   354.2	0.0	0.0
   4.13828  0.10047228E+01   354.2	0.0	0.0
   4.14818  0.10044975E+01   354.2	0.0	0.0
   4.15808  0.10048333E+01   354.2	0.0	0.0
   4.16798  0.10045667E+01   354.2	0.0	0.0
   4.17788  0.10046976E+01   354.2	0.0	0.0
   4.18778  0.10046560E+01   354.1	0.0	0.0
   4.19768  0.10046897E+01   354.1	0.0	0.0
   4.20758  0.10049118E+01   354.1	0.0	0.0
   4.21748  0.10049757E+01   354.1	0.0	0.0
   4.22738  0.10051371E+01   354.1	0.0	0.0
   4.23728  0.10046849E+01   354.1	0.0	0.0
   4.24718  0.10049115E+01   354.1	0.0	0.0
   4.25708  0.10052274E+01   354.1	0.0	0.0
   4.26698  0.10049741E+01   354.0	0.0	0.0
   4.27688  0.10047942E+01   354.0	0.0	0.0
   4.28678  0.10051013E+01   354.0	0.0	0.0
   4.29668  0.10051955E+01   354.0	0.0	0.0
   4.30658  0.10049096E+01   354.0	0.0	0.0
   4.31648  0.10051713E+01   353.9	0.0	0.0
   4.32638  0.10051877E+01   353.9	0.0	0.0
   4.33628  0.10050786E+01   353.9	0.0	0.0
   4.34618  0.10049598E+01   353.9	0.0	0.0
   4.35608  0.10051728E+01   353.9	0.0	0.0
   4.36598  0.10054227E+01   353.9	0.0	0.0
   4.37588  0.10053197E+01   353.9	0.0	0.0
   4.38578  0.10053484E+01   353.8	0.0	0.0
   4.39568  0.10051290E+01   353.8	0.0	0.0
   4.40558  0.10051738E+01   353.8	0.0	0.0
   4.41548  0.10051855E+01   353.8	0.0	0.0
   4.42538  0.10052841E+01   353.8	0.0	0.0
   4.43528  0.10052878E+01   353.7	0.0	0.0
   4.44518  0.10052881E+01   353.7	0.0	0.0
   4.45508  0.10052811E+01   353.7	0.0	0.0
   4.46498  0.10053127E+01   353.7	0.0	0.0
   4.47488  0.10051038E+01   353.7	0.0	0.0
   4.48478  0.10052811E+01   353.7	0.0	0.0
   4.49468  0.10054009E+01   353.7	0.0	0.0
   4.50458  0.10052011E+01   353.7	0.0	0.0
   4.51448  0.10054878E+01   353.6	0.0	0.0
   4.52438  0.10051181E+01   353.6	0.0	0.0
   4.53428  0.10054796E+01   353.6	0.0	0.0
   4.54418  0.10053332E+01   353.6	0.0	0.0
   4.55408  0.10055463E+01   353.6	0.0	0.0
   4.56398  0.10056527E+01   353.6	0.0	0.0
   4.57388  0.10055181E+01   353.6	0.0	0.0
   4.58378  0.10054929E+01   353.5	0.0	0.0
   4.59368  0.10053234E+01   353.5	0.0	0.0
   4.60358  0.10054511E+01   353.5	0.0	0.0
   4.61348  0.10053036E+01   353.5	0.0	0.0
   4.62338  0.10051061E+01   353.5	0.0	0.0
   4.63328  0.10052006E+01   353.4	0.0	0.0
   4.64318  0.10052277E+01   353.4	0.0	0.0
   4.65308  0.10053949E+01   353.4	0.0	0.0
   4.66298  0.10053656E+01   353.4	0.0	0.0
   4.67288  0.10056543E+01   353.4	0.0	0.0
   4.68278  0.10053905E+01   353.4	0.0	0.0
   4.69268  0.10054278E+01   353.4	0.0	0.0
   4.70258  0.10052019E+01   353.3	0.0	0.0
   4.71248  0.10055010E+01   353.3	0.0	0.0
   4.72238  0.10052004E+01   353.3	0.0	0.0
   4.73228  0.10054960E+01   353.3	0.0	0.0
   4.74218  0.10054942E+01   353.3	0.0	0.0
   4.75208  0.10053016E+01   353.3	0.0	0.0
   4.76198  0.10052191E+01   353.2	0.0	0.0
   4.77188  0.10052400E+01   353.2	0.0	0.0
   4.78178  0.10051357E+01   353.2	0.0	0.0
   4.79168  0.10050961E+01   353.2	0.0	0.0
   4.80158  0.10052902E+01   353.2	0.0	0.0
   4.81148  0.10054165E+01   353.2	0.0	0.0
   4.82138  0.10054681E+01   353.2	0.0	0.0
   4.83128  0.10052116E+01   353.1	0.0	0.0
   4.84118  0.10054965E+01   353.1	0.0	0.0
   4.85108  0.10053954E+01   353.1	0.0	0.0
   4.86098  0.10051144E+01   353.1	0.0	0.0
   4.87087  0.10053819E+01   353.1	0.0	0.0
   4.88078  0.10052621E+01   353.1	0.0	0.0
   4.89068  0.10054524E+01   353.1	0.0	0.0
   4.90058  0.10052489E+01   353.0	0.0	0.0
   4.91048  0.10053186E+01   353.0	0.0	0.0
   4.92038  0.10052341E+01   353.0	0.0	0.0
   4.93027  0.10053236E+01   353.0	0.0	0.0
   4.94018  0.10053377E+01   353.0	0.0	0.0
   4.95008  0.10050300E+01   352.9	0.0	0.0
   4.95998  0.10050421E+01   352.9	0.0	0.0
   4.96987  0.10052725E+01   352.9	0.0	0.0
   4.97977  0.10051700E+01   352.9	0.0	0.0
   4.98968  0.10051724E+01   352.9	0.0	0.0
   4.99957  0.10052052E+01   352.9	0.0	0.0
   5.00947  0.10051838E+01   352.9	0.0	0.0
   5.01937  0.10053914E+01   352.8	0.0	0.0
   5.02927  0.10050321E+01   352.8	0.0	0.0
   5.03917  0.10051799E+01   352.8	0.0	0.0
   5.04907  0.10050617E+01   352.8	0.0	0.0
   5.05897  0.10053447E+01   352.8	0.0	0.0
   5.06887  0.10051415E+01   352.8	0.0	0.0
   5.07877  0.10050894E+01   352.7	0.0	0.0
   5.08867  0.10051935E+01   352.7	0.0	0.0
   5.09857  0.10051329E+01   352.7	0.0	0.0
   5.10847  0.10051116E+01   352.7	0.0	0.0
   5.11837  0.10051028E+01   352.7	0.0	0.0
   5.12827  0.10051945E+01   352.7	0.0	0.0
   5.13817  0.10053601E+01   352.6	0.0	0.0
   5.14807  0.10056598E+01   352.6	0.0	0.0
   5.15797  0.10050786E+01   352.6	0.0	0.0
   5.16787  0.10052574E+01   352.6	0.0	0.0
   5.17777  0.10053202E+01   352.6	0.0	0.0
   5.18767  0.10051479E+01   352.6	0.0	0.0
   5.19757  0.10055480E+01   352.5	0.0	0.0
   5.20747  0.10053471E+01   352.5	0.0	0.0
   5.21737  0.10055064E+01   352.5	0.0	0.0
   5.22727  0.10055124E+01   352.5	0.0	0.0
   5.23717  0.10052912E+01   352.5	0.0	0.0
   5.24707  0.10056162E+01   352.5	0.0	0.0
   5.25697  0.10055853E+01   352.5	0.0	0.0
   5.26687  0.10053895E+01   352.5	0.0	0.0
   5.27677  0.10051860E+01   352.4	0.0	0.0
   5.28667  0.10056765E+01   352.4	0.0	0.0
   5.29657  0.10054550E+01   352.4	0.0	0.0
   5.30647  0.10057037E+01   352.4	0.0	0.0
   5.31637  0.10056350E+01   352.4	0.0	0.0
   5.32627  0.10058105E+01   352.3	0.0	0.0
   5.33617  0.10056037E+01   352.4	0.0	0.0
   5.34607  0.10058765E+01   352.3	0.0	0.0
   5.35597  0.10055833E+01   352.3	0.0	0.0
   5.36587  0.10058957E+01   352.3	0.0	0.0
   5.37577  0.10058110E+01   352.3	0.0	0.0
   5.38567  0.10057714E+01   352.3	0.0	0.0
   5.39557  0.10058658E+01   352.2	0.0	0.0
   5.40547  0.10058657E+01   352.2	0.0	0.0
   5.41537  0.10058862E+01   352.2	0.0	0.0
   5.42527  0.10056168E+01   352.2	0.0	0.0
   5.43517  0.10058126E+01   352.2	0.0	0.0
   5.44507  0.10061568E+01   352.2	0.0	0.0
   5.45497  0.10060285E+01   352.1	0.0	0.0
   5.46487  0.10058765E+01   352.1	0.0	0.0
   5.47477  0.10062069E+01   352.1	0.0	0.0
   5.48467  0.10059092E+01   352.1	0.0	0.0
   5.49457  0.10058830E+01   352.1	0.0	0.0
   5.50447  0.10058223E+01   352.1	0.0	0.0
   5.51437  0.10062000E+01   352.0	0.0	0.0
   5.52427  0.10060627E+01   352.0	0.0	0.0
   5.53417  0.10060531E+01   352.0	0.0	0.0
   5.54407  0.10061311E+01   352.0	0.0	0.0
   5.55397  0.10060135E+01   352.0	0.0	0.0
   5.56387  0.10060097E+01   352.0	0.0	0.0
   5.57377  0.10064031E+01   352.0	0.0	0.0
   5.58367  0.10060081E+01   351.9	0.0	0.0
   5.59357  0.10062746E+01   351.9	0.0	0.0
   5.60347  0.10063465E+01   351.9	0.0	0.0
   5.61337  0.10062206E+01   351.9	0.0	0.0
   5.62327  0.10061082E+01   351.9	0.0	0.0
   5.63317  0.10060680E+01   351.9	0.0	0.0
   5.64307  0.10060856E+01   351.9	0.0	0.0
   5.65297  0.10065300E+01   351.8	0.0	0.0
   5.66287  0.10064949E+01   351.8	0.0	0.0
   5.67277  0.10064906E+01   351.8	0.0	0.0
   5.68267  0.10061425E+01   351.8	0.0	0.0
   5.69257  0.10063533E+01   351.8	0.0	0.0
   5.70247  0.10065401E+01   351.8	0.0	0.0
   5.71237  0.10065072E+01   351.7	0.0	0.0
   5.72227  0.10067071E+01   351.7	0.0	0.0
   5.73217  0.10061775E+01   351.7	0.0	0.0
   5.74207  0.10066265E+01   351.7	0.0	0.0
   5.75197  0.10066829E+01   351.7	0.0	0.0
   5.76187  0.10062732E+01   351.7	0.0	0.0
   5.77177  0.10063947E+01   351.6	0.0	0.0
   5.78167  0.10066928E+01   351.6	0.0	0.0
   5.79157  0.10067093E+01   351.6	0.0	0.0
   5.80147  0.10063788E+01   351.6	0.0	0.0
   5.81137  0.10067486E+01   351.6	0.0	0.0
   5.82127  0.10064260E+01   351.6	0.0	0.0
   5.83117  0.10066860E+01   351.6	0.0	0.0
   5.84107  0.10062071E+01   351.6	0.0	0.0
   5.85097  0.10061356E+01   351.5	0.0	0.0
   5.86087  0.10063694E+01   351.5	0.0	0.0
   5.87077  0.10065296E+01   351.5	0.0	0.0
   5.88067  0.10065124E+01   351.5	0.0	0.0
   5.89057  0.10065666E+01   351.5	0.0	0.0
   5.90047  0.10068260E+01   351.4	0.0	0.0
   5.91037  0.10066514E+01   351.4	0.0	0.0
   5.92027  0.10066398E+01   351.4	0.0	0.0
   5.93017  0.10064586E+01   351.4	0.0	0.0
   5.94007  0.10066119E+01   351.4	0.0	0.0
   5.94997  0.10066364E+01   351.4	0.0	0.0
   5.95987  0.10064172E+01   351.3	0.0	0.0
   5.96977  0.10065885E+01   351.3	0.0	0.0
   5.97967  0.10065482E+01   351.3	0.0	0.0
   5.98957  0.10064594E+01   351.3	0.0	0.0
   5.99947  0.10065669E+01   351.3	0.0	0.0
   6.00937  0.10063097E+01   351.3	0.0	0.0
   6.01927  0.10065322E+01   351.3	0.0	0.0
   6.02917  0.10063093E+01   351.2	0.0	0.0
   6.03907  0.10066181E+01   351.2	0.0	0.0
   6.04897  0.10063082E+01   351.2	0.0	0.0
   6.05887  0.10065701E+01   351.2	0.0	0.0
   6.06877  0.10064828E+01   351.2	0.0	0.0
   6.07867  0.10065238E+01   351.2	0.0	0.0
   6.08857  0.10066519E+01   351.1	0.0	0.0
   6.09847  0.10063562E+01   351.1	0.0	0.0
   6.10837  0.10066788E+01   351.1	0.0	0.0
   6.11827  0.10065693E+01   351.1	0.0	0.0
   6.12817  0.10063473E+01   351.1	0.0	0.0
   6.13807  0.10063552E+01   351.1	0.0	0.0
   6.14797  0.10065800E+01   351.1	0.0	0.0
   6.15787  0.10060364E+01   351.0	0.0	0.0
   6.16777  0.10063928E+01   351.0	0.0	0.0
   6.17767  0.10063958E+01   351.0	0.0	0.0
   6.18757  0.10064274E+01   351.0	0.0	0.0
   6.19747  0.10064591E+01   351.0	0.0	0.0
   6.20737  0.10059208E+01   350.9	0.0	0.0
   6.21727  0.10065478E+01   351.0	0.0	0.0
   6.22717  0.10062978E+01   350.9	0.0	0.0
   6.23707  0.10059420E+01   350.9	0.0	0.0
   6.24697  0.10064707E+01   350.9	0.0	0.0
   6.25687  0.10060742E+01   350.9	0.0	0.0
   6.26677  0.10062928E+01   350.9	0.0	0.0
   6.27667  0.10062712E+01   350.8	0.0	0.0
   6.28657  0.10063412E+01   350.8	0.0	0.0
   6.29647  0.10059844E+01   350.8	0.0	0.0
   6.30637  0.10061241E+01   350.8	0.0	0.0
   6.31627  0.10062979E+01   350.8	0.0	0.0
   6.32617  0.10061970E+01   350.8	0.0	0.0
   6.33607  0.10063968E+01   350.7	0.0	0.0
   6.34597  0.10061589E+01   350.7	0.0	0.0
   6.35587  0.10061152E+01   350.7	0.0	0.0
   6.36577  0.10061364E+01   350.7	0.0	0.0
   6.37567  0.10059688E+01   350.7	0.0	0.0
   6.38557  0.10059565E+01   350.7	0.0	0.0
   6.39547  0.10060622E+01   350.6	0.0	0.0
   6.40537  0.10063320E+01   350.6	0.0	0.0
   6.41527  0.10060564E+01   350.6	0.0	0.0
   6.42517  0.10061561E+01   350.6	0.0	0.0
   6.43507  0.10060574E+01   350.6	0.0	0.0
   6.44497  0.10062557E+01   350.6	0.0	0.0
   6.45487  0.10062670E+01   350.6	0.0	0.0
   6.46477  0.10059749E+01   350.5	0.0	0.0
   6.47467  0.10063318E+01   350.5	0.0	0.0
   6.48457  0.10062884E+01   350.5	0.0	0.0
   6.49447  0.10061975E+01   350.5	0.0	0.0
   6.50437  0.10062056E+01   350.5	0.0	0.0
   6.51427  0.10065063E+01   350.5	0.0	0.0
   6.52417  0.10061758E+01   350.4	0.0	0.0
   6.53407  0.10059240E+01   350.4	0.0	0.0
   6.54397  0.10060179E+01   350.4	0.0	0.0
   6.55387  0.10059954E+01   350.4	0.0	0.0
   6.56377  0.10061061E+01   350.4	0.0	0.0
   6.57367  0.10059321E+01   350.4	0.0	0.0
   6.58357  0.10060217E+01   350.3	0.0	0.0
   6.59347  0.10062833E+01   350.3	0.0	0.0
   6.60337  0.10063875E+01   350.3	0.0	0.0
   6.61327  0.10063033E+01   350.3	0.0	0.0
   6.62317  0.10062250E+01   350.3	0.0	0.0
   6.63307  0.10061520E+01   350.3	0.0	0.0
   6.64297  0.10065227E+01   350.2	0.0	0.0
   6.65287  0.10064102E+01   350.2	0.0	0.0
   6.66277  0.10063223E+01   350.2	0.0	0.0
   6.67267  0.10063066E+01   350.2	0.0	0.0
   6.68257  0.10062573E+01   350.2	0.0	0.0
   6.69247  0.10062006E+01   350.2	0.0	0.0
   6.70237  0.10062538E+01   350.2	0.0	0.0
   6.71227  0.10065745E+01   350.1	0.0	0.0
   6.72217  0.10063345E+01   350.1	0.0	0.0
   6.73207  0.10061529E+01   350.1	0.0	0.0
   6.74197  0.10063747E+01   350.1	0.0	0.0
   6.75187  0.10062488E+01   350.1	0.0	0.0
   6.76177  0.10067011E+01   350.1	0.0	0.0
   6.77167  0.10060543E+01   350.1	0.0	0.0
   6.78157  0.10063902E+01   350.0	0.0	0.0
   6.79147  0.10066026E+01   350.0	0.0	0.0
   6.80137  0.10063804E+01   350.0	0.0	0.0
   6.81127  0.10062310E+01   350.0	0.0	0.0
   6.82117  0.10065535E+01   350.0	0.0	0.0
   6.83107  0.10064090E+01   349.9	0.0	0.0
   6.84097  0.10066056E+01   349.9	0.0	0.0
   6.85087  0.10066812E+01   349.9	0.0	0.0
   6.86076  0.10062151E+01   349.9	0.0	0.0
   6.87067  0.10065186E+01   349.9	0.0	0.0
   6.88057  0.10063363E+01   349.9	0.0	0.0
   6.89047  0.10064687E+01   349.9	0.0	0.0
   6.90037  0.10067383E+01   349.8	0.0	0.0
   6.91026  0.10064913E+01   349.8	0.0	0.0
   6.92017  0.10064359E+01   349.8	0.0	0.0
   6.93007  0.10065207E+01   349.8	0.0	0.0
   6.93997  0.10069482E+01   349.8	0.0	0.0
   6.94986  0.10068544E+01   349.8	0.0	0.0
   6.95976  0.10066612E+01   349.7	0.0	0.0
   6.96966  0.10067495E+01   349.7	0.0	0.0
   6.97956  0.10066860E+01   349.7	0.0	0.0
   6.98946  0.10067693E+01   349.7	0.0	0.0
   6.99936  0.10066006E+01   349.7	0.0	0.0
   7.00926  0.10066007E+01   349.7	0.0	0.0
   7.01916  0.10068176E+01   349.6	0.0	0.0
   7.02906  0.10067842E+01   349.6	0.0	0.0
   7.03896  0.10064899E+01   349.6	0.0	0.0
   7.04886  0.10067343E+01   349.6	0.0	0.0
   7.05876  0.10066094E+01   349.6	0.0	0.0
   7.06867  0.10064559E+01   349.6	0.0	0.0
   7.07856  0.10067314E+01   349.5	0.0	0.0
   7.08846  0.10068917E+01   349.5	0.0	0.0
   7.09836  0.10065494E+01   349.5	0.0	0.0
   7.10826  0.10066119E+01   349.5	0.0	0.0
   7.11816  0.10071112E+01   349.5	0.0	0.0
   7.12806  0.10068405E+01   349.5	0.0	0.0
   7.13796  0.10067338E+01   349.5	0.0	0.0
   7.14786  0.10068207E+01   349.4	0.0	0.0
   7.15776  0.10069003E+01   349.4	0.0	0.0
   7.16766  0.10068934E+01   349.4	0.0	0.0
   7.17756  0.10069389E+01   349.4	0.0	0.0
   7.18746  0.10068009E+01   349.4	0.0	0.0
   7.19736  0.10069361E+01   349.3	0.0	0.0
   7.20726  0.10066317E+01   349.3	0.0	0.0
   7.21716  0.10068249E+01   349.3	0.0	0.0
   7.22706  0.10066472E+01   349.3	0.0	0.0
   7.23696  0.10063902E+01   349.3	0.0	0.0
   7.24686  0.10063959E+01   349.3	0.0	0.0
   7.25676  0.10071666E+01   349.3	0.0	0.0
   7.26666  0.10067760E+01   349.2	0.0	0.0
   7.27656  0.10067558E+01   349.2	0.0	0.0
   7.28646  0.10066805E+01   349.2	0.0	0.0
   7.29636  0.10069879E+01   349.2	0.0	0.0
   7.30626  0.10067005E+01   349.2	0.0	0.0
   7.31616  0.10067321E+01   349.2	0.0	0.0
   7.32606  0.10066721E+01   349.2	0.0	0.0
   7.33596  0.10065843E+01   349.1	0.0	0.0
   7.34586  0.10066679E+01   349.1	0.0	0.0
   7.35576  0.10063956E+01   349.1	0.0	0.0
   7.36566  0.10064937E+01   349.1	0.0	0.0
   7.37556  0.10067487E+01   349.1	0.0	0.0
   7.38546  0.10064663E+01   349.0	0.0	0.0
   7.39536  0.10064050E+01   349.0	0.0	0.0
   7.40526  0.10064385E+01   349.0	0.0	0.0
   7.41516  0.10066092E+01   349.0	0.0	0.0
   7.42506  0.10064607E+01   349.0	0.0	0.0
   7.43496  0.10065407E+01   349.0	0.0	0.0
   7.44486  0.10064183E+01   349.0	0.0	0.0
   7.45476  0.10061864E+01   348.9	0.0	0.0
   7.46466  0.10062166E+01   348.9	0.0	0.0
   7.47456  0.10064849E+01   348.9	0.0	0.0
   7.48446  0.10063961E+01   348.9	0.0	0.0
   7.49436  0.10064112E+01   348.9	0.0	0.0
   7.50426  0.10062143E+01   348.9	0.0	0.0
   7.51416  0.10064709E+01   348.8	0.0	0.0
   7.52406  0.10063255E+01   348.8	0.0	0.0
   7.53396  0.10062401E+01   348.8	0.0	0.0
   7.54386  0.10062782E+01   348.8	0.0	0.0
   7.55376  0.10063591E+01   348.8	0.0	0.0
   7.56366  0.10060782E+01   348.8	0.0	0.0
   7.57356  0.10059609E+01   348.7	0.0	0.0
   7.58346  0.10063530E+01   348.8	0.0	0.0
   7.59336  0.10058538E+01   348.7	0.0	0.0
   7.60326  0.10059838E+01   348.7	0.0	0.0
   7.61316  0.10063065E+01   348.7	0.0	0.0
   7.62306  0.10061014E+01   348.7	0.0	0.0
   7.63296  0.10061899E+01   348.7	0.0	0.0
   7.64286  0.10061246E+01   348.6	0.0	0.0
   7.65276  0.10060972E+01   348.6	0.0	0.0
   7.66266  0.10059018E+01   348.6	0.0	0.0
   7.67256  0.10058469E+01   348.6	0.0	0.0
   7.68246  0.10059835E+01   348.6	0.0	0.0
   7.69236  0.10059367E+01   348.6	0.0	0.0
   7.70226  0.10058405E+01   348.5	0.0	0.0
   7.71216  0.10058627E+01   348.5	0.0	0.0
   7.72206  0.10059433E+01   348.5	0.0	0.0
   7.73196  0.10060499E+01   348.5	0.0	0.0
   7.74186  0.10057282E+01   348.5	0.0	0.0
   7.75176  0.10059938E+01   348.5	0.0	0.0
   7.76166  0.10058482E+01   348.4	0.0	0.0
   7.77156  0.10058544E+01   348.4	0.0	0.0
   7.78146  0.10057311E+01   348.4	0.0	0.0
   7.79136  0.10057510E+01   348.4	0.0	0.0
   7.80126  0.10058608E+01   348.4	0.0	0.0
   7.81116  0.10059271E+01   348.4	0.0	0.0
   7.82106  0.10059683E+01   348.4	0.0	0.0
   7.83096  0.10056337E+01   348.3	0.0	0.0
   7.84086  0.10058274E+01   348.3	0.0	0.0
   7.85076  0.10057468E+01   348.3	0.0	0.0
   7.86066  0.10055872E+01   348.3	0.0	0.0
   7.87056  0.10058521E+01   348.3	0.0	0.0
   7.88046  0.10057439E+01   348.2	0.0	0.0
   7.89036  0.10058882E+01   348.3	0.0	0.0
   7.90026  0.10059558E+01   348.2	0.0	0.0
   7.91016  0.10058703E+01   348.2	0.0	0.0
   7.92006  0.10055898E+01   348.2	0.0	0.0
   7.92996  0.10056998E+01   348.2	0.0	0.0
   7.93986  0.10059010E+01   348.2	0.0	0.0
   7.94976  0.10057244E+01   348.1	0.0	0.0
   7.95966  0.10057430E+01   348.1	0.0	0.0
   7.96956  0.10059769E+01   348.1	0.0	0.0
   7.97946  0.10057548E+01   348.1	0.0	0.0
   7.98936  0.10058039E+01   348.1	0.0	0.0
   7.99926  0.10060576E+01   348.1	0.0	0.0
   8.00916  0.10058495E+01   348.1	0.0	0.0
   8.01906  0.10058950E+01   348.0	0.0	0.0
   8.02896  0.10059721E+01   348.0	0.0	0.0
   8.03886  0.10058565E+01   348.0	0.0	0.0
   8.04876  0.10058894E+01   348.0	0.0	0.0
   8.05866  0.10058185E+01   348.0	0.0	0.0
   8.06856  0.10057441E+01   348.0	0.0	0.0
   8.07846  0.10059584E+01   347.9	0.0	0.0
   8.08836  0.10058851E+01   347.9	0.0	0.0
   8.09826  0.10059476E+01   347.9	0.0	0.0
   8.10816  0.10058448E+01   347.9	0.0	0.0
   8.11806  0.10059208E+01   347.9	0.0	0.0
   8.12796  0.10059992E+01   347.8	0.0	0.0
   8.13786  0.10059860E+01   347.8	0.0	0.0
   8.14776  0.10058966E+01   347.8	0.0	0.0
   8.15766  0.10060358E+01   347.8	0.0	0.0
   8.16756  0.10061024E+01   347.8	0.0	0.0
   8.17746  0.10058097E+01   347.8	0.0	0.0
   8.18736  0.10060022E+01   347.8	0.0	0.0
   8.19726  0.10060666E+01   347.8	0.0	0.0
   8.20716  0.10060127E+01   347.7	0.0	0.0
   8.21706  0.10058584E+01   347.7	0.0	0.0
   8.22696  0.10059512E+01   347.7	0.0	0.0
   8.23686  0.10059847E+01   347.7	0.0	0.0
   8.24676  0.10057418E+01   347.7	0.0	0.0
   8.25666  0.10058112E+01   347.7	0.0	0.0
   8.26656  0.10059887E+01   347.6	0.0	0.0
   8.27646  0.10062280E+01   347.6	0.0	0.0
   8.28636  0.10060582E+01   347.6	0.0	0.0
   8.29626  0.10061015E+01   347.6	0.0	0.0
   8.30616  0.10062212E+01   347.6	0.0	0.0
   8.31606  0.10062537E+01   347.6	0.0	0.0
   8.32596  0.10062618E+01   347.5	0.0	0.0
   8.33586  0.10060015E+01   347.5	0.0	0.0
   8.34576  0.10060041E+01   347.5	0.0	0.0
   8.35566  0.10059614E+01   347.5	0.0	0.0
   8.36556  0.10063074E+01   347.5	0.0	0.0
   8.37546  0.10060555E+01   347.5	0.0	0.0
   8.38536  0.10059603E+01   347.4	0.0	0.0
   8.39526  0.10058911E+01   347.4	0.0	0.0
   8.40516  0.10061092E+01   347.4	0.0	0.0
   8.41506  0.10061635E+01   347.4	0.0	0.0
   8.42496  0.10060816E+01   347.4	0.0	0.0
   8.43486  0.10059241E+01   347.4	0.0	0.0
   8.44476  0.10060099E+01   347.4	0.0	0.0
   8.45466  0.10060818E+01   347.3	0.0	0.0
   8.46456  0.10060586E+01   347.3	0.0	0.0
   8.47446  0.10061564E+01   347.3	0.0	0.0
   8.48436  0.10060326E+01   347.3	0.0	0.0
   8.49426  0.10059507E+01   347.3	0.0	0.0
   8.50416  0.10058730E+01   347.3	0.0	0.0
   8.51406  0.10060551E+01   347.2	0.0	0.0
   8.52396  0.10057173E+01   347.2	0.0	0.0
   8.53386  0.10058409E+01   347.2	0.0	0.0
   8.54376  0.10058223E+01   347.2	0.0	0.0
   8.55366  0.10059466E+01   347.2	0.0	0.0
   8.56356  0.10057698E+01   347.2	0.0	0.0
   8.57346  0.10058012E+01   347.1	0.0	0.0
   8.58336  0.10060221E+01   347.1	0.0	0.0
   8.59326  0.10056471E+01   347.1	0.0	0.0
   8.60316  0.10055671E+01   347.1	0.0	0.0
   8.61306  0.10057406E+01   347.1	0.0	0.0
   8.62296  0.10057162E+01   347.1	0.0	0.0
   8.63286  0.10057271E+01   347.1	0.0	0.0
   8.64276  0.10056589E+01   347.0	0.0	0.0
   8.65266  0.10056070E+01   347.0	0.0	0.0
   8.66256  0.10056312E+01   347.0	0.0	0.0
   8.67246  0.10058726E+01   347.0	0.0	0.0
   8.68235  0.10055274E+01   347.0	0.0	0.0
   8.69226  0.10053688E+01   347.0	0.0	0.0
   8.70216  0.10056587E+01   346.9	0.0	0.0
   8.71206  0.10055431E+01   346.9	0.0	0.0
   8.72196  0.10056396E+01   346.9	0.0	0.0
   8.73186  0.10055444E+01   346.9	0.0	0.0
   8.74176  0.10057260E+01   346.9	0.0	0.0
   8.75166  0.10056912E+01   346.9	0.0	0.0
   8.76156  0.10055583E+01   346.8	0.0	0.0
   8.77146  0.10052544E+01   346.8	0.0	0.0
   8.78136  0.10052975E+01   346.8	0.0	0.0
   8.79126  0.10052778E+01   346.8	0.0	0.0
   8.80116  0.10052307E+01   346.8	0.0	0.0
   8.81106  0.10054076E+01   346.8	0.0	0.0
   8.82096  0.10052795E+01   346.8	0.0	0.0
   8.83086  0.10052536E+01   346.7	0.0	0.0
   8.84076  0.10050116E+01   346.7	0.0	0.0
   8.85065  0.10051079E+01   346.7	0.0	0.0
   8.86056  0.10051767E+01   346.7	0.0	0.0
   8.87045  0.10051792E+01   346.7	0.0	0.0
   8.88035  0.10050366E+01   346.6	0.0	0.0
   8.89025  0.10050744E+01   346.6	0.0	0.0
   8.90016  0.10050275E+01   346.6	0.0	0.0
   8.91006  0.10050100E+01   346.6	0.0	0.0
   8.91996  0.10050253E+01   346.6	0.0	0.0
   8.92986  0.10048463E+01   346.6	0.0	0.0
   8.93975  0.10050374E+01   346.5	0.0	0.0
   8.94965  0.10048063E+01   346.5	0.0	0.0
   8.95955  0.10048660E+01   346.5	0.0	0.0
   8.96945  0.10050365E+01   346.5	0.0	0.0
   8.97936  0.10047851E+01   346.5	0.0	0.0
   8.98925  0.10050749E+01   346.5	0.0	0.0
   8.99915  0.10049299E+01   346.5	0.0	0.0
   9.00905  0.10045964E+01   346.4	0.0	0.0
   9.01895  0.10045609E+01   346.4	0.0	0.0
   9.02885  0.10044770E+01   346.4	0.0	0.0
   9.03875  0.10047805E+01   346.4	0.0	0.0
   9.04866  0.10049521E+01   346.4	0.0	0.0
   9.05855  0.10047528E+01   346.4	0.0	0.0
   9.06845  0.10047266E+01   346.3	0.0	0.0
   9.07835  0.10045249E+01   346.3	0.0	0.0
   9.08825  0.10046188E+01   346.3	0.0	0.0
   9.09815  0.10047019E+01   346.3	0.0	0.0
   9.10806  0.10045191E+01   346.3	0.0	0.0
   9.11795  0.10045911E+01   346.3	0.0	0.0
   9.12785  0.10045520E+01   346.2	0.0	0.0
   9.13775  0.10044295E+01   346.2	0.0	0.0
   9.14765  0.10043187E+01   346.2	0.0	0.0
   9.15755  0.10044404E+01   346.2	0.0	0.0
   9.16745  0.10044014E+01   346.2	0.0	0.0
   9.17735  0.10045425E+01   346.2	0.0	0.0
   9.18725  0.10045221E+01   346.1	0.0	0.0
   9.19715  0.10045073E+01   346.1	0.0	0.0
   9.20705  0.10042757E+01   346.1	0.0	0.0
   9.21695  0.10044498E+01   346.1	0.0	0.0
   9.22685  0.10042614E+01   346.1	0.0	0.0
   9.23675  0.10043505E+01   346.1	0.0	0.0
   9.24665  0.10045282E+01   346.1	0.0	0.0
   9.25655  0.10044266E+01   346.0	0.0	0.0
   9.26645  0.10043565E+01   346.0	0.0	0.0
   9.27635  0.10042546E+01   346.0	0.0	0.0
   9.28625  0.10043610E+01   346.0	0.0	0.0
   9.29615  0.10045624E+01   346.0	0.0	0.0
   9.30605  0.10042858E+01   345.9	0.0	0.0
   9.31595  0.10046824E+01   345.9	0.0	0.0
   9.32585  0.10042747E+01   345.9	0.0	0.0
   9.33575  0.10044810E+01   345.9	0.0	0.0
   9.34565  0.10042981E+01   345.9	0.0	0.0
   9.35555  0.10042431E+01   345.9	0.0	0.0
   9.36545  0.10041363E+01   345.9	0.0	0.0
   9.37535  0.10044701E+01   345.8	0.0	0.0
   9.38525  0.10042667E+01   345.8	0.0	0.0
   9.39515  0.10042765E+01   345.8	0.0	0.0
   9.40505  0.10042819E+01   345.8	0.0	0.0
   9.41495  0.10042186E+01   345.8	0.0	0.0
   9.42485  0.10040432E+01   345.8	0.0	0.0
   9.43475  0.10042994E+01   345.7	0.0	0.0
   9.44465  0.10043112E+01   345.7	0.0	0.0
   9.45455  0.10040485E+01   345.7	0.0	0.0
   9.46445  0.10045700E+01   345.7	0.0	0.0
   9.47435  0.10046492E+01   345.7	0.0	0.0
   9.48425  0.10041908E+01   345.7	0.0	0.0
   9.49415  0.10042436E+01   345.7	0.0	0.0
   9.50405  0.10044478E+01   345.6	0.0	0.0
   9.51395  0.10043911E+01   345.6	0.0	0.0
   9.52385  0.10041883E+01   345.6	0.0	0.0
   9.53375  0.10040636E+01   345.6	0.0	0.0
   9.54365  0.10039889E+01   345.6	0.0	0.0
   9.55355  0.10044283E+01   345.5	0.0	0.0
   9.56345  0.10043588E+01   345.5	0.0	0.0
   9.57335  0.10042357E+01   345.5	0.0	0.0
   9.58325  0.10044028E+01   345.5	0.0	0.0
   9.59315  0.10041926E+01   345.5	0.0	0.0
   9.60305  0.10045795E+01   345.5	0.0	0.0
   9.61295  0.10041929E+01   345.5	0.0	0.0
   9.62285  0.10043975E+01   345.5	0.0	0.0
   9.63275  0.10041312E+01   345.4	0.0	0.0
   9.64265  0.10043283E+01   345.4	0.0	0.0
   9.65255  0.10044343E+01   345.4	0.0	0.0
   9.66245  0.10043604E+01   345.4	0.0	0.0
   9.67235  0.10042546E+01   345.4	0.0	0.0
   9.68225  0.10041977E+01   345.3	0.0	0.0
   9.69215  0.10042276E+01   345.3	0.0	0.0
   9.70205  0.10040722E+01   345.3	0.0	0.0
   9.71195  0.10041497E+01   345.3	0.0	0.0
   9.72185  0.10041575E+01   345.3	0.0	0.0
   9.73175  0.10041571E+01   345.3	0.0	0.0
   9.74165  0.10043279E+01   345.3	0.0	0.0
   9.75155  0.10042101E+01   345.2	0.0	0.0
   9.76145  0.10041686E+01   345.2	0.0	0.0
   9.77135  0.10041091E+01   345.2	0.0	0.0
   9.78125  0.10044235E+01   345.2	0.0	0.0
   9.79115  0.10044516E+01   345.2	0.0	0.0
   9.80105  0.10041292E+01   345.1	0.0	0.0
   9.81095  0.10041796E+01   345.1	0.0	0.0
   9.82085  0.10041318E+01   345.1	0.0	0.0
   9.83075  0.10037953E+01   345.1	0.0	0.0
   9.84065  0.10039681E+01   345.1	0.0	0.0
   9.85055  0.10041643E+01   345.1	0.0	0.0
   9.86045  0.10043393E+01   345.1	0.0	0.0
   9.87035  0.10040765E+01   345.1	0.0	0.0
   9.88025  0.10038347E+01   345.0	0.0	0.0
   9.89015  0.10037956E+01   345.0	0.0	0.0
   9.90005  0.10039718E+01   345.0	0.0	0.0
   9.90995  0.10038592E+01   345.0	0.0	0.0
   9.91985  0.10039728E+01   345.0	0.0	0.0
   9.92975  0.10040188E+01   345.0	0.0	0.0
   9.93965  0.10038431E+01   344.9	0.0	0.0
   9.94955  0.10036594E+01   344.9	0.0	0.0
   9.95945  0.10040820E+01   344.9	0.0	0.0
   9.96935  0.10038123E+01   344.9	0.0	0.0
   9.97925  0.10041527E+01   344.9	0.0	0.0
   9.98915  0.10039635E+01   344.9	0.0	0.0
   9.99905  0.10037520E+01   344.8	0.0	0.0
  10.00895  0.10038162E+01   344.8	0.0	0.0
  10.01885  0.10035282E+01   344.8	0.0	0.0
  10.02875  0.10037721E+01   344.8	0.0	0.0
  10.03865  0.10035806E+01   344.8	0.0	0.0
  10.04855  0.10037502E+01   344.7	0.0	0.0
  10.05845  0.10032452E+01   344.7	0.0	0.0
  10.06835  0.10036466E+01   344.7	0.0	0.0
  10.07825  0.10034666E+01   344.7	0.0	0.0
  10.08815  0.10034444E+01   344.7	0.0	0.0
  10.09805  0.10034186E+01   344.7	0.0	0.0
  10.10795  0.10034854E+01   344.7	0.0	0.0
  10.11785  0.10030559E+01   344.7	0.0	0.0
  10.12775  0.10029975E+01   344.6	0.0	0.0
  10.13765  0.10033954E+01   344.6	0.0	0.0
  10.14755  0.10032173E+01   344.6	0.0	0.0
  10.15745  0.10033072E+01   344.6	0.0	0.0
  10.16735  0.10033391E+01   344.5	0.0	0.0
  10.17725  0.10032314E+01   344.5	0.0	0.0
  10.18715  0.10031323E+01   344.5	0.0	0.0
  10.19705  0.10030278E+01   344.5	0.0	0.0
  10.20695  0.10030172E+01   344.5	0.0	0.0
  10.21685  0.10031073E+01   344.5	0.0	0.0
  10.22675  0.10031080E+01   344.5	0.0	0.0
  10.23665  0.10031317E+01   344.5	0.0	0.0
  10.24655  0.10027108E+01   344.4	0.0	0.0
  10.25645  0.10030272E+01   344.4	0.0	0.0
  10.26635  0.10027692E+01   344.4	0.0	0.0
  10.27625  0.10028191E+01   344.4	0.0	0.0
  10.28615  0.10026649E+01   344.4	0.0	0.0
  10.29605  0.10028455E+01   344.4	0.0	0.0
  10.30595  0.10028982E+01   344.3	0.0	0.0
  10.31585  0.10027068E+01   344.3	0.0	0.0
  10.32575  0.10027102E+01   344.3	0.0	0.0
  10.33565  0.10026165E+01   344.3	0.0	0.0
  10.34555  0.10026909E+01   344.3	0.0	0.0
  10.35545  0.10024335E+01   344.2	0.0	0.0
  10.36535  0.10023297E+01   344.2	0.0	0.0
  10.37525  0.10024461E+01   344.2	0.0	0.0
  10.38515  0.10022854E+01   344.2	0.0	0.0
  10.39505  0.10024225E+01   344.2	0.0	0.0
  10.40495  0.10025400E+01   344.2	0.0	0.0
  10.41485  0.10024649E+01   344.2	0.0	0.0
  10.42475  0.10024576E+01   344.1	0.0	0.0
  10.43465  0.10022140E+01   344.1	0.0	0.0
  10.44455  0.10024410E+01   344.1	0.0	0.0
  10.45445  0.10022869E+01   344.1	0.0	0.0
  10.46435  0.10023193E+01   344.1	0.0	0.0
  10.47425  0.10020287E+01   344.1	0.0	0.0
  10.48415  0.10020884E+01   344.1	0.0	0.0
  10.49405  0.10018978E+01   344.0	0.0	0.0
  10.50395  0.10019758E+01   344.0	0.0	0.0
  10.51385  0.10020288E+01   344.0	0.0	0.0
  10.52375  0.10021586E+01   344.0	0.0	0.0
  10.53365  0.10019578E+01   344.0	0.0	0.0
  10.54355  0.10023530E+01   344.0	0.0	0.0
  10.55345  0.10019877E+01   343.9	0.0	0.0
  10.56335  0.10019097E+01   343.9	0.0	0.0
  10.57325  0.10020500E+01   343.9	0.0	0.0
  10.58315  0.10019817E+01   343.9	0.0	0.0
  10.59305  0.10020800E+01   343.9	0.0	0.0
  10.60295  0.10018131E+01   343.9	0.0	0.0
  10.61284  0.10018859E+01   343.8	0.0	0.0
  10.62275  0.10020654E+01   343.8	0.0	0.0
  10.63265  0.10019526E+01   343.8	0.0	0.0
  10.64254  0.10019681E+01   343.8	0.0	0.0
  10.65245  0.10017298E+01   343.8	0.0	0.0
  10.66235  0.10018122E+01   343.8	0.0	0.0
  10.67225  0.10020324E+01   343.7	0.0	0.0
  10.68215  0.10016974E+01   343.7	0.0	0.0
  10.69205  0.10019561E+01   343.7	0.0	0.0
  10.70195  0.10019894E+01   343.7	0.0	0.0
  10.71185  0.10018010E+01   343.7	0.0	0.0
  10.72174  0.10018698E+01   343.7	0.0	0.0
  10.73165  0.10019727E+01   343.6	0.0	0.0
  10.74155  0.10017567E+01   343.6	0.0	0.0
  10.75144  0.10014768E+01   343.6	0.0	0.0
  10.76134  0.10020530E+01   343.6	0.0	0.0
  10.77125  0.10017208E+01   343.6	0.0	0.0
  10.78115  0.10016925E+01   343.6	0.0	0.0
  10.79105  0.10016527E+01   343.6	0.0	0.0
  10.80095  0.10017482E+01   343.5	0.0	0.0
  10.81084  0.10017051E+01   343.5	0.0	0.0
  10.82075  0.10017104E+01   343.5	0.0	0.0
  10.83065  0.10017015E+01   343.5	0.0	0.0
  10.84054  0.10019684E+01   343.5	0.0	0.0
  10.85045  0.10018854E+01   343.4	0.0	0.0
  10.86034  0.10018343E+01   343.4	0.0	0.0
  10.87025  0.10017823E+01   343.4	0.0	0.0
  10.88015  0.10017209E+01   343.4	0.0	0.0
  10.89004  0.10017219E+01   343.4	0.0	0.0
  10.89995  0.10017185E+01   343.4	0.0	0.0
  10.90984  0.10016825E+01   343.4	0.0	0.0
  10.91974  0.10015665E+01   343.3	0.0	0.0
  10.92964  0.10017356E+01   343.3	0.0	0.0
  10.93954  0.10016316E+01   343.3	0.0	0.0
  10.94944  0.10017145E+01   343.3	0.0	0.0
  10.95934  0.10016944E+01   343.3	0.0	0.0
  10.96924  0.10015484E+01   343.3	0.0	0.0
  10.97914  0.10016779E+01   343.2	0.0	0.0
  10.98905  0.10015479E+01   343.2	0.0	0.0
  10.99894  0.10016977E+01   343.2	0.0	0.0
  11.00884  0.10015259E+01   343.2	0.0	0.0
  11.01875  0.10017197E+01   343.2	0.0	0.0
  11.02865  0.10013858E+01   343.2	0.0	0.0
  11.03854  0.10014838E+01   343.2	0.0	0.0
  11.04844  0.10013175E+01   343.1	0.0	0.0
  11.05834  0.10012716E+01   343.1	0.0	0.0
  11.06824  0.10013382E+01   343.1	0.0	0.0
  11.07814  0.10014811E+01   343.1	0.0	0.0
  11.08805  0.10015657E+01   343.1	0.0	0.0
  11.09794  0.10013341E+01   343.0	0.0	0.0
  11.10784  0.10013005E+01   343.0	0.0	0.0
  11.11774  0.10014746E+01   343.0	0.0	0.0
  11.12764  0.10012432E+01   343.0	0.0	0.0
  11.13754  0.10014147E+01   343.0	0.0	0.0
  11.14744  0.10012169E+01   343.0	0.0	0.0
  11.15734  0.10014701E+01   343.0	0.0	0.0
  11.16724  0.10011123E+01   342.9	0.0	0.0
  11.17714  0.10010314E+01   342.9	0.0	0.0
  11.18704  0.10010581E+01   342.9	0.0	0.0
  11.19694  0.10011613E+01   342.9	0.0	0.0
  11.20684  0.10012815E+01   342.9	0.0	0.0
  11.21674  0.10014414E+01   342.9	0.0	0.0
  11.22664  0.10009786E+01   342.9	0.0	0.0
  11.23654  0.10009298E+01   342.8	0.0	0.0
  11.24644  0.10009507E+01   342.8	0.0	0.0
  11.25634  0.10011090E+01   342.8	0.0	0.0
  11.26624  0.10009201E+01   342.8	0.0	0.0
  11.27614  0.10008365E+01   342.8	0.0	0.0
  11.28604  0.10008916E+01   342.8	0.0	0.0
  11.29594  0.10008169E+01   342.7	0.0	0.0
  11.30584  0.10007473E+01   342.7	0.0	0.0
  11.31574  0.10007319E+01   342.7	0.0	0.0
  11.32564  0.10009372E+01   342.7	0.0	0.0
  11.33554  0.10007033E+01   342.7	0.0	0.0
  11.34544  0.10007651E+01   342.7	0.0	0.0
  11.35534  0.10006692E+01   342.6	0.0	0.0
  11.36524  0.10006238E+01   342.6	0.0	0.0
  11.37514  0.10005412E+01   342.6	0.0	0.0
  11.38504  0.10004445E+01   342.6	0.0	0.0
  11.39494  0.10006770E+01   342.6	0.0	0.0
  11.40484  0.10003909E+01   342.6	0.0	0.0
  11.41474  0.10005295E+01   342.5	0.0	0.0
  11.42464  0.10005103E+01   342.5	0.0	0.0
  11.43454  0.10002891E+01   342.5	0.0	0.0
  11.44444  0.10002577E+01   342.5	0.0	0.0
  11.45434  0.10001551E+01   342.5	0.0	0.0
  11.46424  0.10001595E+01   342.5	0.0	0.0
  11.47414  0.10001428E+01   342.5	0.0	0.0
  11.48404  0.10001352E+01   342.4	0.0	0.0
  11.49394  0.10000676E+01   342.4	0.0	0.0
  11.50384  0.10001043E+01   342.4	0.0	0.0
  11.51374  0.10002694E+01   342.4	0.0	0.0
  11.52364  0.99990278E+00   342.4	0.0	0.0
  11.53354  0.99995250E+00   342.4	0.0	0.0
  11.54344  0.99977398E+00   342.3	0.0	0.0
  11.55334  0.10001564E+01   342.3	0.0	0.0
  11.56324  0.99995100E+00   342.3	0.0	0.0
  11.57314  0.99975026E+00   342.3	0.0	0.0
  11.58304  0.99979568E+00   342.3	0.0	0.0
  11.59294  0.99965805E+00   342.3	0.0	0.0
  11.60284  0.99966240E+00   342.2	0.0	0.0
  11.61274  0.99961376E+00   342.2	0.0	0.0
  11.62264  0.99963444E+00   342.2	0.0	0.0
  11.63254  0.99946207E+00   342.2	0.0	0.0
  11.64244  0.99948698E+00   342.2	0.0	0.0
  11.65234  0.99934906E+00   342.2	0.0	0.0
  11.66224  0.99934042E+00   342.1	0.0	0.0
  11.67214  0.99912679E+00   342.1	0.0	0.0
  11.68204  0.99934810E+00   342.1	0.0	0.0
  11.69194  0.99938184E+00   342.1	0.0	0.0
  11.70184  0.99923778E+00   342.1	0.0	0.0
  11.71174  0.99933279E+00   342.1	0.0	0.0
  11.72164  0.99924314E+00   342.1	0.0	0.0
  11.73154  0.99926162E+00   342.0	0.0	0.0
  11.74144  0.99911052E+00   342.0	0.0	0.0
  11.75134  0.99896115E+00   342.0	0.0	0.0
  11.76124  0.99922276E+00   342.0	0.0	0.0
  11.77114  0.99906147E+00   342.0	0.0	0.0
  11.78104  0.99923754E+00   342.0	0.0	0.0
  11.79094  0.99889237E+00   341.9	0.0	0.0
  11.80084  0.99881363E+00   341.9	0.0	0.0
  11.81074  0.99895918E+00   341.9	0.0	0.0
  11.82064  0.99891943E+00   341.9	0.0	0.0
  11.83054  0.99900711E+00   341.9	0.0	0.0
  11.84044  0.99863732E+00   341.9	0.0	0.0
  11.85034  0.99895829E+00   341.8	0.0	0.0
  11.86024  0.99860275E+00   341.8	0.0	0.0
  11.87014  0.99861574E+00   341.8	0.0	0.0
  11.88004  0.99871927E+00   341.8	0.0	0.0
  11.88994  0.99883461E+00   341.8	0.0	0.0
  11.89984  0.99859238E+00   341.8	0.0	0.0
  11.90974  0.99863362E+00   341.8	0.0	0.0
  11.91964  0.99845415E+00   341.7	0.0	0.0
  11.92954  0.99859142E+00   341.7	0.0	0.0
  11.93944  0.99830329E+00   341.7	0.0	0.0
  11.94934  0.99846691E+00   341.7	0.0	0.0
  11.95924  0.99853170E+00   341.7	0.0	0.0
  11.96914  0.99836516E+00   341.6	0.0	0.0
  11.97904  0.99851507E+00   341.6	0.0	0.0
  11.98894  0.99836051E+00   341.6	0.0	0.0
  11.99884  0.99862641E+00   341.6	0.0	0.0
  12.00874  0.99861228E+00   341.6	0.0	0.0
  12.01864  0.99857610E+00   341.6	0.0	0.0
  12.02854  0.99840170E+00   341.6	0.0	0.0
  12.03844  0.99830198E+00   341.5	0.0	0.0
  12.04834  0.99843478E+00   341.5	0.0	0.0
  12.05824  0.99853247E+00   341.5	0.0	0.0
  12.06814  0.99837756E+00   341.5	0.0	0.0
  12.07804  0.99823523E+00   341.5	0.0	0.0
  12.08794  0.99841559E+00   341.5	0.0	0.0
  12.09784  0.99829376E+00   341.5	0.0	0.0
  12.10774  0.99831086E+00   341.4	0.0	0.0
  12.11764  0.99826020E+00   341.4	0.0	0.0
  12.12754  0.99823707E+00   341.4	0.0	0.0
  12.13744  0.99837542E+00   341.4	0.0	0.0
  12.14734  0.99824291E+00   341.4	0.0	0.0
  12.15724  0.99824703E+00   341.4	0.0	0.0
  12.16714  0.99825388E+00   341.3	0.0	0.0
  12.17704  0.99822080E+00   341.3	0.0	0.0
  12.18694  0.99816513E+00   341.3	0.0	0.0
  12.19684  0.99808633E+00   341.3	0.0	0.0
  12.20674  0.99851000E+00   341.3	0.0	0.0
  12.21664  0.99815136E+00   341.3	0.0	0.0
  12.22654  0.99831831E+00   341.2	0.0	0.0
  12.23644  0.99803871E+00   341.2	0.0	0.0
  12.24634  0.99820650E+00   341.2	0.0	0.0
  12.25624  0.99808884E+00   341.2	0.0	0.0
  12.26614  0.99811131E+00   341.2	0.0	0.0
  12.27604  0.99786866E+00   341.2	0.0	0.0
  12.28594  0.99793988E+00   341.2	0.0	0.0
  12.29584  0.99795276E+00   341.1	0.0	0.0
  12.30574  0.99786085E+00   341.1	0.0	0.0
  12.31564  0.99791050E+00   341.1	0.0	0.0
  12.32554  0.99806672E+00   341.1	0.0	0.0
  12.33544  0.99808371E+00   341.1	0.0	0.0
  12.34534  0.99804592E+00   341.1	0.0	0.0
  12.35524  0.99780452E+00   341.0	0.0	0.0
  12.36514  0.99782890E+00   341.0	0.0	0.0
  12.37504  0.99781728E+00   341.0	0.0	0.0
  12.38494  0.99766958E+00   341.0	0.0	0.0
  12.39484  0.99790633E+00   341.0	0.0	0.0
  12.40474  0.99786049E+00   341.0	0.0	0.0
  12.41464  0.99778503E+00   340.9	0.0	0.0
  12.42454  0.99795061E+00   340.9	0.0	0.0
  12.43443  0.99749696E+00   340.9	0.0	0.0
  12.44434  0.99767959E+00   340.9	0.0	0.0
  12.45424  0.99758095E+00   340.9	0.0	0.0
  12.46414  0.99750197E+00   340.9	0.0	0.0
  12.47404  0.99751508E+00   340.9	0.0	0.0
  12.48394  0.99717581E+00   340.8	0.0	0.0
  12.49384  0.99727565E+00   340.8	0.0	0.0
  12.50374  0.99752194E+00   340.8	0.0	0.0
  12.51364  0.99731284E+00   340.8	0.0	0.0
  12.52353  0.99757034E+00   340.8	0.0	0.0
  12.53344  0.99756294E+00   340.8	0.0	0.0
  12.54334  0.99752468E+00   340.7	0.0	0.0
  12.55324  0.99766511E+00   340.7	0.0	0.0
  12.56314  0.99715799E+00   340.7	0.0	0.0
  12.57304  0.99700403E+00   340.7	0.0	0.0
  12.58294  0.99752563E+00   340.7	0.0	0.0
  12.59284  0.99714106E+00   340.7	0.0	0.0
  12.60274  0.99721426E+00   340.7	0.0	0.0
  12.61264  0.99692875E+00   340.6	0.0	0.0
  12.62253  0.99683857E+00   340.6	0.0	0.0
  12.63243  0.99676138E+00   340.6	0.0	0.0
  12.64234  0.99697304E+00   340.6	0.0	0.0
  12.65224  0.99684006E+00   340.6	0.0	0.0
  12.66214  0.99689186E+00   340.6	0.0	0.0
  12.67204  0.99700266E+00   340.6	0.0	0.0
  12.68194  0.99671239E+00   340.5	0.0	0.0
  12.69184  0.99667752E+00   340.5	0.0	0.0
  12.70174  0.99695712E+00   340.5	0.0	0.0
  12.71164  0.99656618E+00   340.5	0.0	0.0
  12.72153  0.99644923E+00   340.5	0.0	0.0
  12.73143  0.99653083E+00   340.4	0.0	0.0
  12.74134  0.99653876E+00   340.4	0.0	0.0
  12.75123  0.99647278E+00   340.4	0.0	0.0
  12.76114  0.99657625E+00   340.4	0.0	0.0
  12.77104  0.99661064E+00   340.4	0.0	0.0
  12.78093  0.99652731E+00   340.4	0.0	0.0
  12.79084  0.99667734E+00   340.4	0.0	0.0
  12.80074  0.99626821E+00   340.3	0.0	0.0
  12.81063  0.99606872E+00   340.3	0.0	0.0
  12.82053  0.99617612E+00   340.3	0.0	0.0
  12.83043  0.99622500E+00   340.3	0.0	0.0
  12.84033  0.99607050E+00   340.3	0.0	0.0
  12.85023  0.99617177E+00   340.3	0.0	0.0
  12.86014  0.99607491E+00   340.3	0.0	0.0
  12.87003  0.99583054E+00   340.2	0.0	0.0
  12.87994  0.99576133E+00   340.2	0.0	0.0
  12.88984  0.99545759E+00   340.2	0.0	0.0
  12.89974  0.99557024E+00   340.2	0.0	0.0
  12.90964  0.99562109E+00   340.2	0.0	0.0
  12.91953  0.99527055E+00   340.2	0.0	0.0
  12.92943  0.99588609E+00   340.1	0.0	0.0
  12.93934  0.99571121E+00   340.1	0.0	0.0
  12.94924  0.99578190E+00   340.1	0.0	0.0
  12.95914  0.99507976E+00   340.1	0.0	0.0
  12.96903  0.99560755E+00   340.1	0.0	0.0
  12.97894  0.99534708E+00   340.1	0.0	0.0
  12.98884  0.99559730E+00   340.0	0.0	0.0
  12.99873  0.99517632E+00   340.0	0.0	0.0
  13.00863  0.99527967E+00   340.0	0.0	0.0
  13.01853  0.99502873E+00   340.0	0.0	0.0
  13.02843  0.99516666E+00   340.0	0.0	0.0
  13.03833  0.99511117E+00   340.0	0.0	0.0
  13.04823  0.99525231E+00   339.9	0.0	0.0
  13.05813  0.99503684E+00   339.9	0.0	0.0
  13.06803  0.99505186E+00   339.9	0.0	0.0
  13.07793  0.99509841E+00   339.9	0.0	0.0
  13.08783  0.99492526E+00   339.9	0.0	0.0
  13.09774  0.99466246E+00   339.9	0.0	0.0
  13.10763  0.99498773E+00   339.8	0.0	0.0
  13.11753  0.99501890E+00   339.8	0.0	0.0
  13.12743  0.99492919E+00   339.8	0.0	0.0
  13.13733  0.99473077E+00   339.8	0.0	0.0
  13.14723  0.99457866E+00   339.8	0.0	0.0
  13.15713  0.99499947E+00   339.8	0.0	0.0
  13.16703  0.99473226E+00   339.8	0.0	0.0
  13.17694  0.99467397E+00   339.7	0.0	0.0
  13.18683  0.99454361E+00   339.7	0.0	0.0
  13.19673  0.99460036E+00   339.7	0.0	0.0
  13.20663  0.99448234E+00   339.7	0.0	0.0
  13.21653  0.99466693E+00   339.7	0.0	0.0
  13.22643  0.99472219E+00   339.7	0.0	0.0
  13.23633  0.99462229E+00   339.6	0.0	0.0
  13.24623  0.99435848E+00   339.6	0.0	0.0
  13.25613  0.99450660E+00   339.6	0.0	0.0
  13.26603  0.99454349E+00   339.6	0.0	0.0
  13.27593  0.99434626E+00   339.6	0.0	0.0
  13.28583  0.99427658E+00   339.6	0.0	0.0
  13.29573  0.99457455E+00   339.5	0.0	0.0
  13.30563  0.99417377E+00   339.5	0.0	0.0
  13.31553  0.99446446E+00   339.5	0.0	0.0
  13.32543  0.99418515E+00   339.5	0.0	0.0
  13.33533  0.99438369E+00   339.5	0.0	0.0
  13.34523  0.99428934E+00   339.5	0.0	0.0
  13.35513  0.99422377E+00   339.5	0.0	0.0
  13.36503  0.99413997E+00   339.4	0.0	0.0
  13.37493  0.99423665E+00   339.4	0.0	0.0
  13.38483  0.99424082E+00   339.4	0.0	0.0
  13.39473  0.99445295E+00   339.4	0.0	0.0
  13.40463  0.99413639E+00   339.4	0.0	0.0
  13.41453  0.99401581E+00   339.4	0.0	0.0
  13.42443  0.99412704E+00   339.3	0.0	0.0
  13.43433  0.99409282E+00   339.3	0.0	0.0
  13.44423  0.99428165E+00   339.3	0.0	0.0
  13.45413  0.99411011E+00   339.3	0.0	0.0
  13.46403  0.99398619E+00   339.3	0.0	0.0
  13.47393  0.99413151E+00   339.3	0.0	0.0
  13.48383  0.99387300E+00   339.2	0.0	0.0
  13.49373  0.99415761E+00   339.2	0.0	0.0
  13.50363  0.99412966E+00   339.2	0.0	0.0
  13.51353  0.99417555E+00   339.2	0.0	0.0
  13.52343  0.99392420E+00   339.2	0.0	0.0
  13.53333  0.99393803E+00   339.2	0.0	0.0
  13.54323  0.99402088E+00   339.2	0.0	0.0
  13.55313  0.99376351E+00   339.1	0.0	0.0
  13.56303  0.99367464E+00   339.1	0.0	0.0
  13.57293  0.99395192E+00   339.1	0.0	0.0
  13.58283  0.99393451E+00   339.1	0.0	0.0
  13.59273  0.99384904E+00   339.1	0.0	0.0
  13.60263  0.99384493E+00   339.0	0.0	0.0
  13.61253  0.99389613E+00   339.1	0.0	0.0
  13.62243  0.99387878E+00   339.0	0.0	0.0
  13.63233  0.99389189E+00   339.0	0.0	0.0
  13.64223  0.99370277E+00   339.0	0.0	0.0
  13.65213  0.99381900E+00   339.0	0.0	0.0
  13.66203  0.99387419E+00   339.0	0.0	0.0
  13.67193  0.99382311E+00   338.9	0.0	0.0
  13.68183  0.99357992E+00   338.9	0.0	0.0
  13.69173  0.99365246E+00   338.9	0.0	0.0
  13.70163  0.99354601E+00   338.9	0.0	0.0
  13.71153  0.99371320E+00   338.9	0.0	0.0
  13.72143  0.99362034E+00   338.9	0.0	0.0
  13.73133  0.99356294E+00   338.9	0.0	0.0
  13.74123  0.99344367E+00   338.8	0.0	0.0
  13.75113  0.99352610E+00   338.8	0.0	0.0
  13.76103  0.99351227E+00   338.8	0.0	0.0
  13.77093  0.99342620E+00   338.8	0.0	0.0
  13.78083  0.99344140E+00   338.8	0.0	0.0
  13.79073  0.99332476E+00   338.8	0.0	0.0
  13.80063  0.99329364E+00   338.7	0.0	0.0
  13.81053  0.99322397E+00   338.7	0.0	0.0
  13.82043  0.99325055E+00   338.7	0.0	0.0
  13.83033  0.99319792E+00   338.7	0.0	0.0
  13.84023  0.99306476E+00   338.7	0.0	0.0
  13.85013  0.99322605E+00   338.7	0.0	0.0
  13.86003  0.99300063E+00   338.7	0.0	0.0
  13.86993  0.99286556E+00   338.6	0.0	0.0
  13.87983  0.99306297E+00   338.6	0.0	0.0
  13.88973  0.99289918E+00   338.6	0.0	0.0
  13.89963  0.99291551E+00   338.6	0.0	0.0
  13.90953  0.99262857E+00   338.6	0.0	0.0
  13.91943  0.99272525E+00   338.5	0.0	0.0
  13.92933  0.99279624E+00   338.5	0.0	0.0
  13.93923  0.99233586E+00   338.5	0.0	0.0
  13.94913  0.99269170E+00   338.5	0.0	0.0
  13.95903  0.99278152E+00   338.5	0.0	0.0
  13.96893  0.99254256E+00   338.5	0.0	0.0
  13.97883  0.99244165E+00   338.5	0.0	0.0
  13.98873  0.99251670E+00   338.4	0.0	0.0
  13.99863  0.99222785E+00   338.4	0.0	0.0
  14.00853  0.99234807E+00   338.4	0.0	0.0
  14.01843  0.99224061E+00   338.4	0.0	0.0
  14.02833  0.99210298E+00   338.4	0.0	0.0
  14.03823  0.99216801E+00   338.4	0.0	0.0
  14.04813  0.99203944E+00   338.4	0.0	0.0
  14.05803  0.99235886E+00   338.3	0.0	0.0
  14.06793  0.99222022E+00   338.3	0.0	0.0
  14.07783  0.99200493E+00   338.3	0.0	0.0
  14.08773  0.99215817E+00   338.3	0.0	0.0
  14.09763  0.99203658E+00   338.3	0.0	0.0
  14.10753  0.99180764E+00   338.3	0.0	0.0
  14.11743  0.99180162E+00   338.2	0.0	0.0
  14.12733  0.99194759E+00   338.2	0.0	0.0
  14.13723  0.99173909E+00   338.2	0.0	0.0
  14.14713  0.99158025E+00   338.2	0.0	0.0
  14.15703  0.99152708E+00   338.2	0.0	0.0
  14.16693  0.99145442E+00   338.2	0.0	0.0
  14.17683  0.99141008E+00   338.1	0.0	0.0
  14.18673  0.99148327E+00   338.1	0.0	0.0
  14.19663  0.99112016E+00   338.1	0.0	0.0
  14.20653  0.99125534E+00   338.1	0.0	0.0
  14.21643  0.99118501E+00   338.1	0.0	0.0
  14.22633  0.99125659E+00   338.1	0.0	0.0
  14.23623  0.99133247E+00   338.0	0.0	0.0
  14.24613  0.99119687E+00   338.0	0.0	0.0
  14.25603  0.99102330E+00   338.0	0.0	0.0
  14.26593  0.99129933E+00   338.0	0.0	0.0
  14.27583  0.99115115E+00   338.0	0.0	0.0
  14.28573  0.99093562E+00   338.0	0.0	0.0
  14.29563  0.99063879E+00   338.0	0.0	0.0
  14.30553  0.99074692E+00   338.0	0.0	0.0
  14.31543  0.99059969E+00   337.9	0.0	0.0
  14.32533  0.99071747E+00   337.9	0.0	0.0
  14.33523  0.99046403E+00   337.9	0.0	0.0
  14.34513  0.99043834E+00   337.9	0.0	0.0
  14.35503  0.99065804E+00   337.8	0.0	0.0
  14.36493  0.99048048E+00   337.8	0.0	0.0
  14.37483  0.99049282E+00   337.8	0.0	0.0
  14.38473  0.99037427E+00   337.8	0.0	0.0
  14.39463  0.99031574E+00   337.8	0.0	0.0
  14.40453  0.99020439E+00   337.8	0.0	0.0
  14.41443  0.99051249E+00   337.8	0.0	0.0
  14.42433  0.99027872E+00   337.8	0.0	0.0
  14.43423  0.99026996E+00   337.7	0.0	0.0
  14.44413  0.99007028E+00   337.7	0.0	0.0
  14.45403  0.99018389E+00   337.7	0.0	0.0
  14.46393  0.98991144E+00   337.7	0.0	0.0
  14.47383  0.98988378E+00   337.7	0.0	0.0
  14.48373  0.99017346E+00   337.7	0.0	0.0
  14.49363  0.99002165E+00   337.6	0.0	0.0
  14.50353  0.99010265E+00   337.6	0.0	0.0
  14.51343  0.99011666E+00   337.6	0.0	0.0
  14.52333  0.98989928E+00   337.6	0.0	0.0
  14.53322  0.98994082E+00   337.6	0.0	0.0
  14.54313  0.99006855E+00   337.6	0.0	0.0
  14.55302  0.98975861E+00   337.6	0.0	0.0
  14.56293  0.98957038E+00   337.5	0.0	0.0
  14.57283  0.98974657E+00   337.5	0.0	0.0
  14.58273  0.98981071E+00   337.5	0.0	0.0
  14.59263  0.98983210E+00   337.5	0.0	0.0
  14.60253  0.98994988E+00   337.5	0.0	0.0
  14.61243  0.98981667E+00   337.5	0.0	0.0
  14.62232  0.98963219E+00   337.4	0.0	0.0
  14.63223  0.98966318E+00   337.4	0.0	0.0
  14.64213  0.98956472E+00   337.4	0.0	0.0
  14.65203  0.98939210E+00   337.4	0.0	0.0
  14.66192  0.98950958E+00   337.4	0.0	0.0
  14.67182  0.98954278E+00   337.4	0.0	0.0
  14.68173  0.98947757E+00   337.3	0.0	0.0
  14.69162  0.98938531E+00   337.3	0.0	0.0
  14.70153  0.98977929E+00   337.3	0.0	0.0
  14.71143  0.98927158E+00   337.3	0.0	0.0
  14.72133  0.98918986E+00   337.3	0.0	0.0
  14.73123  0.98923087E+00   337.3	0.0	0.0
  14.74112  0.98920858E+00   337.2	0.0	0.0
  14.75102  0.98924905E+00   337.3	0.0	0.0
  14.76093  0.98962384E+00   337.2	0.0	0.0
  14.77082  0.98939991E+00   337.2	0.0	0.0
  14.78072  0.98942828E+00   337.2	0.0	0.0
  14.79062  0.98903173E+00   337.2	0.0	0.0
  14.80052  0.98938835E+00   337.2	0.0	0.0
  14.81042  0.98914260E+00   337.1	0.0	0.0
  14.82032  0.98915100E+00   337.1	0.0	0.0
  14.83022  0.98926795E+00   337.1	0.0	0.0
  14.84013  0.98918861E+00   337.1	0.0	0.0
  14.85003  0.98911297E+00   337.1	0.0	0.0
  14.85993  0.98921466E+00   337.1	0.0	0.0
  14.86982  0.98901832E+00   337.0	0.0	0.0
  14.87973  0.98915756E+00   337.0	0.0	0.0
  14.88962  0.98874807E+00   337.0	0.0	0.0
  14.89952  0.98908573E+00   337.0	0.0	0.0
  14.90942  0.98879713E+00   337.0	0.0	0.0
  14.91933  0.98876393E+00   337.0	0.0	0.0
  14.92922  0.98880446E+00   337.0	0.0	0.0
  14.93912  0.98884475E+00   336.9	0.0	0.0
  14.94903  0.98868090E+00   336.9	0.0	0.0
  14.95893  0.98883420E+00   336.9	0.0	0.0
  14.96882  0.98864847E+00   336.9	0.0	0.0
  14.97873  0.98872900E+00   336.9	0.0	0.0
  14.98862  0.98858935E+00   336.9	0.0	0.0
  14.99852  0.98843980E+00   336.9	0.0	0.0
  15.00842  0.98833519E+00   336.8	0.0	0.0
  15.01832  0.98835176E+00   336.8	0.0	0.0
  15.02822  0.98858017E+00   336.8	0.0	0.0
  15.03812  0.98852241E+00   336.8	0.0	0.0
  15.04803  0.98845536E+00   336.8	0.0	0.0
  15.05793  0.98831058E+00   336.8	0.0	0.0
  15.06782  0.98823971E+00   336.7	0.0	0.0
  15.07772  0.98826337E+00   336.7	0.0	0.0
  15.08762  0.98776132E+00   336.7	0.0	0.0
  15.09752  0.98798490E+00   336.7	0.0	0.0
  15.10742  0.98791069E+00   336.7	0.0	0.0
  15.11732  0.98795730E+00   336.7	0.0	0.0
  15.12722  0.98787618E+00   336.7	0.0	0.0
  15.13712  0.98780853E+00   336.6	0.0	0.0
  15.14702  0.98771179E+00   336.6	0.0	0.0
  15.15692  0.98780602E+00   336.6	0.0	0.0
  15.16682  0.98787874E+00   336.6	0.0	0.0
  15.17672  0.98770607E+00   336.6	0.0	0.0
  15.18662  0.98759663E+00   336.6	0.0	0.0
  15.19652  0.98763752E+00   336.5	0.0	0.0
  15.20642  0.98752952E+00   336.5	0.0	0.0
  15.21632  0.98761696E+00   336.5	0.0	0.0
  15.22622  0.98733020E+00   336.5	0.0	0.0
  15.23612  0.98740971E+00   336.5	0.0	0.0
  15.24602  0.98707694E+00   336.5	0.0	0.0
  15.25592  0.98725784E+00   336.4	0.0	0.0
  15.26582  0.98717475E+00   336.4	0.0	0.0
  15.27572  0.98702383E+00   336.4	0.0	0.0
  15.28562  0.98715830E+00   336.4	0.0	0.0
  15.29552  0.98701894E+00   336.4	0.0	0.0
  15.30542  0.98706591E+00   336.4	0.0	0.0
  15.31532  0.98686337E+00   336.4	0.0	0.0
  15.32522  0.98684943E+00   336.3	0.0	0.0
  15.33512  0.98691630E+00   336.3	0.0	0.0
  15.34502  0.98671961E+00   336.3	0.0	0.0
  15.35492  0.98694056E+00   336.3	0.0	0.0
  15.36482  0.98677933E+00   336.3	0.0	0.0
  15.37472  0.98685354E+00   336.3	0.0	0.0
  15.38462  0.98665994E+00   336.2	0.0	0.0
  15.39452  0.98664123E+00   336.2	0.0	0.0
  15.40442  0.98636967E+00   336.2	0.0	0.0
  15.41432  0.98635334E+00   336.2	0.0	0.0
  15.42422  0.98636651E+00   336.2	0.0	0.0
  15.43412  0.98628938E+00   336.2	0.0	0.0
  15.44402  0.98632634E+00   336.2	0.0	0.0
  15.45392  0.98616606E+00   336.1	0.0	0.0
  15.46382  0.98597038E+00   336.1	0.0	0.0
  15.47372  0.98612809E+00   336.1	0.0	0.0
  15.48362  0.98608309E+00   336.1	0.0	0.0
  15.49352  0.98608255E+00   336.1	0.0	0.0
  15.50342  0.98587793E+00   336.1	0.0	0.0
  15.51332  0.98571414E+00   336.1	0.0	0.0
  15.52322  0.98597687E+00   336.0	0.0	0.0
  15.53312  0.98601961E+00   336.0	0.0	0.0
  15.54302  0.98584861E+00   336.0	0.0	0.0
  15.55292  0.98589438E+00   336.0	0.0	0.0
  15.56282  0.98588294E+00   336.0	0.0	0.0
  15.57272  0.98581260E+00   336.0	0.0	0.0
  15.58262  0.98587477E+00   335.9	0.0	0.0
  15.59252  0.98581892E+00   335.9	0.0	0.0
  15.60242  0.98584783E+00   335.9	0.0	0.0
  15.61232  0.98564655E+00   335.9	0.0	0.0
  15.62222  0.98564792E+00   335.9	0.0	0.0
  15.63212  0.98545659E+00   335.9	0.0	0.0
  15.64202  0.98563141E+00   335.9	0.0	0.0
  15.65192  0.98549217E+00   335.8	0.0	0.0
  15.66182  0.98535407E+00   335.8	0.0	0.0
  15.67172  0.98537868E+00   335.8	0.0	0.0
  15.68162  0.98556471E+00   335.8	0.0	0.0
  15.69152  0.98538196E+00   335.8	0.0	0.0
  15.70142  0.98532224E+00   335.8	0.0	0.0
  15.71132  0.98546648E+00   335.7	0.0	0.0
  15.72122  0.98531502E+00   335.7	0.0	0.0
  15.73112  0.98522836E+00   335.7	0.0	0.0
  15.74102  0.98540998E+00   335.7	0.0	0.0
  15.75092  0.98540127E+00   335.7	0.0	0.0
  15.76082  0.98528421E+00   335.7	0.0	0.0
  15.77072  0.98554021E+00   335.6	0.0	0.0
  15.78062  0.98563439E+00   335.6	0.0	0.0
  15.79052  0.98532242E+00   335.6	0.0	0.0
  15.80042  0.98518258E+00   335.6	0.0	0.0
  15.81032  0.98545426E+00   335.6	0.0	0.0
  15.82022  0.98529494E+00   335.6	0.0	0.0
  15.83012  0.98549634E+00   335.5	0.0	0.0
  15.84002  0.98521864E+00   335.5	0.0	0.0
  15.84992  0.98525161E+00   335.5	0.0	0.0
  15.85982  0.98509341E+00   335.5	0.0	0.0
  15.86972  0.98503268E+00   335.5	0.0	0.0
  15.87962  0.98500186E+00   335.5	0.0	0.0
  15.88952  0.98484391E+00   335.5	0.0	0.0
  15.89942  0.98509014E+00   335.5	0.0	0.0
  15.90932  0.98498636E+00   335.4	0.0	0.0
  15.91922  0.98468095E+00   335.4	0.0	0.0
  15.92912  0.98475903E+00   335.4	0.0	0.0
  15.93902  0.98466963E+00   335.4	0.0	0.0
  15.94892  0.98420626E+00   335.4	0.0	0.0
  15.95882  0.98417562E+00   335.4	0.0	0.0
  15.96872  0.98388422E+00   335.4	0.0	0.0
  15.97862  0.98415458E+00   335.3	0.0	0.0
  15.98852  0.98402458E+00   335.3	0.0	0.0
  15.99842  0.98396063E+00   335.3	0.0	0.0
  16.00832  0.98395342E+00   335.3	0.0	0.0
  16.01822  0.98350328E+00   335.3	0.0	0.0
  16.02812  0.98337364E+00   335.2	0.0	0.0
  16.03802  0.98289180E+00   335.2	0.0	0.0
  16.04792  0.98268610E+00   335.2	0.0	0.0
  16.05782  0.98274064E+00   335.2	0.0	0.0
  16.06772  0.98213851E+00   335.2	0.0	0.0
  16.07762  0.98214960E+00   335.2	0.0	0.0
  16.08752  0.98182970E+00   335.2	0.0	0.0
  16.09742  0.98162723E+00   335.1	0.0	0.0
  16.10732  0.98143983E+00   335.1	0.0	0.0
  16.11722  0.98083717E+00   335.1	0.0	0.0
  16.12712  0.98046750E+00   335.1	0.0	0.0
  16.13702  0.98001426E+00   335.1	0.0	0.0
  16.14692  0.97977436E+00   335.0	0.0	0.0
  16.15682  0.97926217E+00   335.0	0.0	0.0
  16.16672  0.97866654E+00   335.0	0.0	0.0
  16.17662  0.97855198E+00   335.0	0.0	0.0
  16.18652  0.97811276E+00   335.0	0.0	0.0
  16.19642  0.97778058E+00   335.0	0.0	0.0
  16.20632  0.97696573E+00   335.0	0.0	0.0
  16.21622  0.97608238E+00   335.0	0.0	0.0
  16.22612  0.97559607E+00   334.9	0.0	0.0
  16.23602  0.97497034E+00   334.9	0.0	0.0
  16.24592  0.97413898E+00   334.9	0.0	0.0
  16.25582  0.97342026E+00   334.9	0.0	0.0
  16.26572  0.97281581E+00   334.9	0.0	0.0
  16.27562  0.97212070E+00   334.8	0.0	0.0
  16.28552  0.97144926E+00   334.9	0.0	0.0
  16.29542  0.97074395E+00   334.8	0.0	0.0
  16.30532  0.96968144E+00   334.8	0.0	0.0
  16.31522  0.96847910E+00   334.8	0.0	0.0
  16.32512  0.96758831E+00   334.8	0.0	0.0
  16.33502  0.96649873E+00   334.8	0.0	0.0
  16.34492  0.96557164E+00   334.8	0.0	0.0
  16.35482  0.96441638E+00   334.7	0.0	0.0
  16.36472  0.96324492E+00   334.7	0.0	0.0
  16.37462  0.96244580E+00   334.7	0.0	0.0
  16.38452  0.96098638E+00   334.7	0.0	0.0
  16.39441  0.96019644E+00   334.7	0.0	0.0
  16.40431  0.95869672E+00   334.7	0.0	0.0
  16.41422  0.95728314E+00   334.7	0.0	0.0
  16.42412  0.95556378E+00   334.6	0.0	0.0
  16.43402  0.95398092E+00   334.6	0.0	0.0
  16.44391  0.95267200E+00   334.6	0.0	0.0
  16.45382  0.95108944E+00   334.6	0.0	0.0
  16.46372  0.94949800E+00   334.6	0.0	0.0
  16.47361  0.94821668E+00   334.6	0.0	0.0
  16.48351  0.94638741E+00   334.5	0.0	0.0
  16.49342  0.94522160E+00   334.5	0.0	0.0
  16.50332  0.94325268E+00   334.5	0.0	0.0
  16.51321  0.94105238E+00   334.5	0.0	0.0
  16.52312  0.93915498E+00   334.5	0.0	0.0
  16.53302  0.93719149E+00   334.5	0.0	0.0
  16.54292  0.93506956E+00   334.4	0.0	0.0
  16.55282  0.93263865E+00   334.4	0.0	0.0
  16.56272  0.93090141E+00   334.4	0.0	0.0
  16.57262  0.92859584E+00   334.4	0.0	0.0
  16.58251  0.92654270E+00   334.4	0.0	0.0
  16.59242  0.92463571E+00   334.4	0.0	0.0
  16.60232  0.92250216E+00   334.4	0.0	0.0
  16.61221  0.91941953E+00   334.3	0.0	0.0
  16.62212  0.91695064E+00   334.3	0.0	0.0
  16.63202  0.91418815E+00   334.3	0.0	0.0
  16.64192  0.91144419E+00   334.3	0.0	0.0
  16.65181  0.90884244E+00   334.3	0.0	0.0
  16.66172  0.90588552E+00   334.3	0.0	0.0
  16.67162  0.90349501E+00   334.3	0.0	0.0
  16.68151  0.90078712E+00   334.2	0.0	0.0
  16.69142  0.89835674E+00   334.2	0.0	0.0
  16.70131  0.89572406E+00   334.2	0.0	0.0
  16.71122  0.89236337E+00   334.2	0.0	0.0
  16.72112  0.88897151E+00   334.2	0.0	0.0
  16.73102  0.88561070E+00   334.1	0.0	0.0
  16.74092  0.88237393E+00   334.1	0.0	0.0
  16.75082  0.87882334E+00   334.1	0.0	0.0
  16.76071  0.87583250E+00   334.1	0.0	0.0
  16.77061  0.87250179E+00   334.1	0.0	0.0
  16.78052  0.86914271E+00   334.1	0.0	0.0
  16.79041  0.86579174E+00   334.1	0.0	0.0
  16.80031  0.86262745E+00   334.0	0.0	0.0
  16.81022  0.85830843E+00   334.1	0.0	0.0
  16.82011  0.85435724E+00   334.0	0.0	0.0
  16.83001  0.85022438E+00   334.0	0.0	0.0
  16.83992  0.84648538E+00   334.0	0.0	0.0
  16.84982  0.84253472E+00   334.0	0.0	0.0
  16.85972  0.83849669E+00   333.9	0.0	0.0
  16.86961  0.83469284E+00   334.0	0.0	0.0
  16.87952  0.83062756E+00   333.9	0.0	0.0
  16.88941  0.82689756E+00   333.9	0.0	0.0
  16.89932  0.82306212E+00   333.9	0.0	0.0
  16.90921  0.81838280E+00   333.9	0.0	0.0
  16.91912  0.81371158E+00   333.9	0.0	0.0
  16.92901  0.80899280E+00   333.9	0.0	0.0
  16.93891  0.80418515E+00   333.8	0.0	0.0
  16.94881  0.79958236E+00   333.8	0.0	0.0
  16.95871  0.79533267E+00   333.8	0.0	0.0
  16.96862  0.79046124E+00   333.8	0.0	0.0
  16.97851  0.78611171E+00   333.8	0.0	0.0
  16.98841  0.78176898E+00   333.7	0.0	0.0
  16.99831  0.77713782E+00   333.8	0.0	0.0
  17.00821  0.77174014E+00   333.7	0.0	0.0
  17.01811  0.76660699E+00   333.7	0.0	0.0
  17.02801  0.76130199E+00   333.7	0.0	0.0
  17.03792  0.75618857E+00   333.7	0.0	0.0
  17.04782  0.75114655E+00   333.7	0.0	0.0
  17.05771  0.74592978E+00   333.7	0.0	0.0
  17.06762  0.74081695E+00   333.6	0.0	0.0
  17.07751  0.73578572E+00   333.6	0.0	0.0
  17.08742  0.73088908E+00   333.6	0.0	0.0
  17.09731  0.72574097E+00   333.6	0.0	0.0
  17.10722  0.72027135E+00   333.6	0.0	0.0
  17.11711  0.71430755E+00   333.6	0.0	0.0
  17.12701  0.70860213E+00   333.5	0.0	0.0
  17.13691  0.70294189E+00   333.5	0.0	0.0
  17.14681  0.69723004E+00   333.5	0.0	0.0
  17.15672  0.69140315E+00   333.5	0.0	0.0
  17.16661  0.68611008E+00   333.5	0.0	0.0
  17.17652  0.68056941E+00   333.5	0.0	0.0
  17.18641  0.67505795E+00   333.4	0.0	0.0
  17.19631  0.66962647E+00   333.4	0.0	0.0
  17.20621  0.66382784E+00   333.4	0.0	0.0
  17.21611  0.65748268E+00   333.4	0.0	0.0
  17.22601  0.65133512E+00   333.4	0.0	0.0
  17.23591  0.64537692E+00   333.4	0.0	0.0
  17.24582  0.63929200E+00   333.3	0.0	0.0
  17.25571  0.63334703E+00   333.3	0.0	0.0
  17.26561  0.62760884E+00   333.3	0.0	0.0
  17.27551  0.62153244E+00   333.3	0.0	0.0
  17.28541  0.61579967E+00   333.3	0.0	0.0
  17.29531  0.61011142E+00   333.3	0.0	0.0
  17.30521  0.60391468E+00   333.3	0.0	0.0
  17.31511  0.59742391E+00   333.2	0.0	0.0
  17.32501  0.59116888E+00   333.2	0.0	0.0
  17.33491  0.58471948E+00   333.2	0.0	0.0
  17.34481  0.57860905E+00   333.2	0.0	0.0
  17.35471  0.57231605E+00   333.2	0.0	0.0
  17.36461  0.56612688E+00   333.2	0.0	0.0
  17.37451  0.56016749E+00   333.2	0.0	0.0
  17.38441  0.55420876E+00   333.1	0.0	0.0
  17.39431  0.54824430E+00   333.1	0.0	0.0
  17.40421  0.54204208E+00   333.1	0.0	0.0
  17.41411  0.53549284E+00   333.1	0.0	0.0
  17.42401  0.52904671E+00   333.1	0.0	0.0
  17.43391  0.52257740E+00   333.1	0.0	0.0
  17.44381  0.51625860E+00   333.1	0.0	0.0
  17.45371  0.50999051E+00   333.0	0.0	0.0
  17.46361  0.50387943E+00   333.0	0.0	0.0
  17.47351  0.49776262E+00   333.0	0.0	0.0
  17.48341  0.49172074E+00   333.0	0.0	0.0
  17.49331  0.48575100E+00   333.0	0.0	0.0
  17.50321  0.47967243E+00   333.0	0.0	0.0
  17.51311  0.47306618E+00   332.9	0.0	0.0
  17.52301  0.46664840E+00   332.9	0.0	0.0
  17.53291  0.46031785E+00   332.9	0.0	0.0
  17.54281  0.45380372E+00   332.9	0.0	0.0
  17.55271  0.44777006E+00   332.9	0.0	0.0
  17.56261  0.44179794E+00   332.9	0.0	0.0
  17.57251  0.43568575E+00   332.9	0.0	0.0
  17.58241  0.42967239E+00   332.8	0.0	0.0
  17.59231  0.42387429E+00   332.8	0.0	0.0
  17.60221  0.41795382E+00   332.8	0.0	0.0
  17.61211  0.41176683E+00   332.8	0.0	0.0
  17.62201  0.40529275E+00   332.8	0.0	0.0
  17.63191  0.39916694E+00   332.8	0.0	0.0
  17.64181  0.39324427E+00   332.8	0.0	0.0
  17.65171  0.38722089E+00   332.7	0.0	0.0
  17.66161  0.38126060E+00   332.7	0.0	0.0
  17.67151  0.37548602E+00   332.7	0.0	0.0
  17.68141  0.36984599E+00   332.7	0.0	0.0
  17.69131  0.36413124E+00   332.7	0.0	0.0
  17.70121  0.35860127E+00   332.7	0.0	0.0
  17.71111  0.35262328E+00   332.7	0.0	0.0
  17.72101  0.34651279E+00   332.6	0.0	0.0
  17.73091  0.34068865E+00   332.6	0.0	0.0
  17.74081  0.33486757E+00   332.6	0.0	0.0
  17.75071  0.32928890E+00   332.6	0.0	0.0
  17.76061  0.32371935E+00   332.6	0.0	0.0
  17.77051  0.31828934E+00   332.5	0.0	0.0
  17.78041  0.31293684E+00   332.6	0.0	0.0
  17.79031  0.30762446E+00   332.5	0.0	0.0
  17.80021  0.30253291E+00   332.5	0.0	0.0
  17.81011  0.29695103E+00   332.5	0.0	0.0
  17.82001  0.29135159E+00   332.5	0.0	0.0
  17.82991  0.28590158E+00   332.5	0.0	0.0
  17.83981  0.28054944E+00   332.5	0.0	0.0
  17.84971  0.27536815E+00   332.4	0.0	0.0
  17.85961  0.27012828E+00   332.4	0.0	0.0
  17.86951  0.26521903E+00   332.4	0.0	0.0
  17.87941  0.26022848E+00   332.4	0.0	0.0
  17.88931  0.25559360E+00   332.3	0.0	0.0
  17.89921  0.25079328E+00   332.4	0.0	0.0
  17.90911  0.24563396E+00   332.4	0.0	0.0
  17.91901  0.24061494E+00   332.3	0.0	0.0
  17.92891  0.23569570E+00   332.3	0.0	0.0
  17.93881  0.23080839E+00   332.3	0.0	0.0
  17.94871  0.22615895E+00   332.3	0.0	0.0
  17.95861  0.22156651E+00   332.3	0.0	0.0
  17.96851  0.21707295E+00   332.2	0.0	0.0
  17.97841  0.21263689E+00   332.2	0.0	0.0
  17.98831  0.20832981E+00   332.2	0.0	0.0
  17.99821  0.20406583E+00   332.2	0.0	0.0
  18.00811  0.19963144E+00   332.2	0.0	0.0
  18.01801  0.19516154E+00   332.2	0.0	0.0
  18.02791  0.19072790E+00   332.1	0.0	0.0
  18.03781  0.18636985E+00   332.2	0.0	0.0
  18.04771  0.18221436E+00   332.1	0.0	0.0
  18.05761  0.17832805E+00   332.1	0.0	0.0
  18.06751  0.17422144E+00   332.1	0.0	0.0
  18.07741  0.17033169E+00   332.1	0.0	0.0
  18.08731  0.16665940E+00   332.1	0.0	0.0
  18.09721  0.16287613E+00   332.1	0.0	0.0
  18.10711  0.15914497E+00   332.0	0.0	0.0
  18.11701  0.15527263E+00   332.0	0.0	0.0
  18.12691  0.15144685E+00   332.0	0.0	0.0
  18.13681  0.14760496E+00   332.0	0.0	0.0
  18.14671  0.14420477E+00   332.0	0.0	0.0
  18.15661  0.14064500E+00   332.0	0.0	0.0
  18.16651  0.13722536E+00   331.9	0.0	0.0
  18.17641  0.13389410E+00   331.9	0.0	0.0
  18.18631  0.13061751E+00   331.9	0.0	0.0
  18.19621  0.12738143E+00   331.9	0.0	0.0
  18.20611  0.12416055E+00   331.9	0.0	0.0
  18.21601  0.12089059E+00   331.9	0.0	0.0
  18.22591  0.11759894E+00   331.8	0.0	0.0
  18.23581  0.11453979E+00   331.9	0.0	0.0
  18.24571  0.11154890E+00   331.8	0.0	0.0
  18.25561  0.10877603E+00   331.9	0.0	0.0
  18.26551  0.10570577E+00   331.9	0.0	0.0
  18.27541  0.10295027E+00   331.9	0.0	0.0
  18.28531  0.10030165E+00   331.8	0.0	0.0
  18.29521  0.97519524E-01   331.8	0.0	0.0
  18.30511  0.94889529E-01   331.7	0.0	0.0
  18.31501  0.92189893E-01   331.7	0.0	0.0
  18.32491  0.89533739E-01   331.7	0.0	0.0
  18.33481  0.86896122E-01   331.6	0.0	0.0
  18.34471  0.84570117E-01   331.7	0.0	0.0
  18.35461  0.81945166E-01   331.8	0.0	0.0
  18.36451  0.79872258E-01   331.7	0.0	0.0
  18.37441  0.77264756E-01   331.7	0.0	0.0
  18.38430  0.75027257E-01   331.5	0.0	0.0
  18.39421  0.72990432E-01   331.6	0.0	0.0
  18.40411  0.70811056E-01   331.7	0.0	0.0
  18.41401  0.68695255E-01   331.6	0.0	0.0
  18.42390  0.66580027E-01   331.6	0.0	0.0
  18.43381  0.64396955E-01   331.5	0.0	0.0
  18.44370  0.62607445E-01   331.6	0.0	0.0
  18.45361  0.60441621E-01   331.5	0.0	0.0
  18.46350  0.58572214E-01   331.5	0.0	0.0
  18.47341  0.56788709E-01   331.4	0.0	0.0
  18.48331  0.55049330E-01   331.4	0.0	0.0
  18.49321  0.53342868E-01   331.6	0.0	0.0
  18.50311  0.51654711E-01   331.4	0.0	0.0
  18.51300  0.49977005E-01   331.4	0.0	0.0
  18.52291  0.48329145E-01   331.5	0.0	0.0
  18.53281  0.46558827E-01   331.4	0.0	0.0
  18.54271  0.45130670E-01   331.4	0.0	0.0
  18.55261  0.43552935E-01   331.4	0.0	0.0
  18.56251  0.42042024E-01   331.5	0.0	0.0
  18.57241  0.40686198E-01   331.5	0.0	0.0
  18.58231  0.39261803E-01   331.3	0.0	0.0
  18.59220  0.38057022E-01   331.5	0.0	0.0
  18.60211  0.36594555E-01   331.1	0.0	0.0
  18.61201  0.35257302E-01   331.3	0.0	0.0
  18.62191  0.34189180E-01   331.2	0.0	0.0
  18.63181  0.32975353E-01   331.1	0.0	0.0
  18.64170  0.31536620E-01   331.6	0.0	0.0
  18.65160  0.30508786E-01   331.0	0.0	0.0
  18.66150  0.29436193E-01   331.0	0.0	0.0
  18.67141  0.28226396E-01   331.1	0.0	0.0
  18.68131  0.27475916E-01   330.9	0.0	0.0
  18.69121  0.26264744E-01   331.1	0.0	0.0
  18.70111  0.25463041E-01   331.2	0.0	0.0
  18.71100  0.24221210E-01   331.2	0.0	0.0
  18.72091  0.23492709E-01   331.1	0.0	0.0
  18.73080  0.22398656E-01   331.3	0.0	0.0
  18.74070  0.21669582E-01   331.3	0.0	0.0
  18.75060  0.20851744E-01   330.7	0.0	0.0
  18.76050  0.19952564E-01   331.3	0.0	0.0
  18.77040  0.19046230E-01   330.9	0.0	0.0
  18.78030  0.18333400E-01   331.1	0.0	0.0
  18.79021  0.17598225E-01   330.5	0.0	0.0
  18.80010  0.16881566E-01   330.7	0.0	0.0
  18.81001  0.16160691E-01   330.7	0.0	0.0
  18.81991  0.15551536E-01   331.0	0.0	0.0
  18.82981  0.14791336E-01   330.8	0.0	0.0
  18.83971  0.14340174E-01   330.9	0.0	0.0
  18.84960  0.13608230E-01   331.0	0.0	0.0
  18.85951  0.13039357E-01   331.2	0.0	0.0
  18.86940  0.12518136E-01   330.5	0.0	0.0
  18.87930  0.12131354E-01   330.9	0.0	0.0
  18.88920  0.11520243E-01   331.0	0.0	0.0
  18.89910  0.11045291E-01   330.3	0.0	0.0
  18.90900  0.10557417E-01   331.4	0.0	0.0
  18.91891  0.10082305E-01   330.5	0.0	0.0
  18.92881  0.96443463E-02   332.0	0.0	0.0
  18.93870  0.91361366E-02   330.4	0.0	0.0
  18.94861  0.86984923E-02   331.3	0.0	0.0
  18.95850  0.83018579E-02   330.8	0.0	0.0
  18.96840  0.79807490E-02   330.2	0.0	0.0
  18.97830  0.77739265E-02   330.5	0.0	0.0
  18.98820  0.72125937E-02   331.4	0.0	0.0
  18.99810  0.68569244E-02   330.4	0.0	0.0
  19.00800  0.65981224E-02   329.5	0.0	0.0
  19.01790  0.61210082E-02   329.2	0.0	0.0
  19.02780  0.59154411E-02   330.8	0.0	0.0
  19.03770  0.57632239E-02   331.8	0.0	0.0
  19.04760  0.54324144E-02   331.9	0.0	0.0
  19.05750  0.52104834E-02   330.3	0.0	0.0
  19.06740  0.46664206E-02   329.9	0.0	0.0
  19.07730  0.44551487E-02   329.8	0.0	0.0
  19.08720  0.44703768E-02   332.5	0.0	0.0
  19.09710  0.42379606E-02   331.2	0.0	0.0
  19.10700  0.38229774E-02   329.4	0.0	0.0
  19.11690  0.35574690E-02   332.6	0.0	0.0
  19.12680  0.34430244E-02   330.3	0.0	0.0
  19.13670  0.32517500E-02   331.5	0.0	0.0
  19.14660  0.31177709E-02   328.6	0.0	0.0
  19.15650  0.28842043E-02   330.6	0.0	0.0
  19.16640  0.29512623E-02   328.2	0.0	0.0
  19.17630  0.26709475E-02   331.4	0.0	0.0
  19.18620  0.24137388E-02   333.0	0.0	0.0
  19.19610  0.24572464E-02   330.7	0.0	0.0
  19.20600  0.21827572E-02   329.9	0.0	0.0
  19.21590  0.22786020E-02   328.3	0.0	0.0
  19.22581  0.20473192E-02   333.1	0.0	0.0
  19.23570  0.19590857E-02   327.6	0.0	0.0
  19.24560  0.17324771E-02   331.1	0.0	0.0
  19.25550  0.16641865E-02   328.1	0.0	0.0
  19.26540  0.15357486E-02   325.0	0.0	0.0
  19.27530  0.15047358E-02   328.0	0.0	0.0
  19.28520  0.15223010E-02   327.7	0.0	0.0
  19.29510  0.14324466E-02   333.3	0.0	0.0
  19.30500  0.11259872E-02   324.4	0.0	0.0
  19.31490  0.10646586E-02   324.8	0.0	0.0
  19.32480  0.10594251E-02   335.9	0.0	0.0
  19.33470  0.10178908E-02   327.5	0.0	0.0
  19.34460  0.81697333E-03   324.0	0.0	0.0
  19.35450  0.78993780E-03   330.2	0.0	0.0
  19.36440  0.82307647E-03   336.6	0.0	0.0
  19.37430  0.79613493E-03   331.4	0.0	0.0
  19.38420  0.51844137E-03   319.0	0.0	0.0
  19.39410  0.66427625E-03   316.3	0.0	0.0
  19.40400  0.42909427E-03   310.1	0.0	0.0
  19.41390  0.54147094E-03   330.1	0.0	0.0
  19.42380  0.63966191E-03   325.9	0.0	0.0
  19.43370  0.44989862E-03   342.0	0.0	0.0
  19.44360  0.65061369E-03   327.8	0.0	0.0
  19.45350  0.30379882E-03   329.5	0.0	0.0
  19.46340  0.37462584E-03   326.6	0.0	0.0
  19.47330  0.43979296E-03   346.9	0.0	0.0
  19.48320  0.21409801E-03   269.9	0.0	0.0
  19.49310  0.30917648E-03   308.8	0.0	0.0
  19.50300  0.36235360E-03   312.8	0.0	0.0
  19.51290  0.34525577E-03   316.7	0.0	0.0
  19.52280  0.27167052E-03   330.5	0.0	0.0
  19.53270  0.62869563E-04   503.9	0.0	0.0
  19.54260  0.16842601E-03   685.6	0.0	0.0
  19.55250  0.24011590E-03   644.5	0.0	0.0
  19.56240  0.78483179E-04   630.6	0.0	0.0
  19.57230  0.13929141E-03   675.8	0.0	0.0
  19.58220  0.14833327E-03   556.6	0.0	0.0
  19.59210  0.16295964E-03   376.7	0.0	0.0
  19.60200  0.17330929E-03   672.2	0.0	0.0
  19.61190  0.98948018E-04   629.8	0.0	0.0
  19.62180  0.66451190E-04   542.9	0.0	0.0
  19.63170  0.12203922E-03   557.2	0.0	0.0
  19.64160  0.77005032E-04   637.4	0.0	0.0
  19.65150  0.17955618E-03   665.8	0.0	0.0
  19.66140  0.78201097E-04   481.0	0.0	0.0
  19.67130  0.84769265E-04   522.0	0.0	0.0
  19.68120  0.95068623E-04   601.2	0.0	0.0
  19.69110  0.35377914E-04   615.8	0.0	0.0
  19.70100  0.67840607E-04   553.4	0.0	0.0
  19.71090  0.89078188E-04   365.3	0.0	0.0
  19.72080  0.71285656E-04   612.3	0.0	0.0
  19.73070  0.10463360E-03   570.5	0.0	0.0
  19.74060  0.86959644E-05   598.0	0.0	0.0
  19.75050  0.74008312E-04   571.1	0.0	0.0
  19.76040  0.24706949E-04   455.5	0.0	0.0
  19.77030  0.32451302E-04   551.3	0.0	0.0
  19.78020  0.77490651E-04   544.9	0.0	0.0
  19.79010  0.10469239E-03   553.0	0.0	0.0
  19.80000  0.45085850E-04   619.6	0.0	0.0
