# Response file for AS31 BHZ,BHN,BHE
# File received from station operator, September 2005
#
# R Stewart. IMS/SM, 14 September 2005
#
# Original comments follow
#-------------------------------------------------------------------------
# UNCLASSIFIED
#
# Response info for AS31 broadband site.
#
# Effective: 02 Aug 2005
# Created:  17 June 2005
# File name: AS31_BB_rsp.txt
# Inid:  
# Source:  James Neely (CTI)
# System equipment:  Guralp CMG-3TB sensor AIM24S-3 digitizer
#
# This response file was derived from equations of state.
# 
# Displacement response relative to 1.0 at 1.0 Hz. The nominal calib values
# for this configuration are as follows:
# 
# AS31 BHZ is 0.0102196 nm/count at 1.0 Hz.
# AS31 BHN is 0.0100124 nm/count at 1.0 Hz.
# AS31 BHE is 0.0101086 nm/count at 1.0 Hz.
# 
# Freq(Hz)     Amp(counts/nm)           Phase(deg)  Error(amp)  Error(phase)
#
 theoretical  0       system    fap   J.Neely
2047
0.009800	0.000077557	219.800000	0.0	0.0
0.019500	0.000335534	203.000000	0.0	0.0
0.029300	0.000801805	197.466667	0.0	0.0
0.039100	0.001474077	193.266667	0.0	0.0
0.048800	0.002322771	190.200000	0.0	0.0
0.058600	0.003376462	188.200000	0.0	0.0
0.068400	0.004637446	186.866667	0.0	0.0
0.078100	0.006069255	185.966667	0.0	0.0
0.087900	0.007702725	185.266667	0.0	0.0
0.097700	0.009516030	184.666667	0.0	0.0
0.107400	0.011499401	184.200000	0.0	0.0
0.117200	0.013693734	183.800000	0.0	0.0
0.127000	0.016079558	183.466667	0.0	0.0
0.136700	0.018651068	183.166667	0.0	0.0
0.146500	0.021421107	182.966667	0.0	0.0
0.156300	0.024410947	182.733333	0.0	0.0
0.166000	0.027534858	182.500000	0.0	0.0
0.175800	0.030881928	182.300000	0.0	0.0
0.185500	0.034383849	182.166667	0.0	0.0
0.195300	0.038112826	182.000000	0.0	0.0
0.205100	0.042033736	181.866667	0.0	0.0
0.214800	0.046103641	181.766667	0.0	0.0
0.224600	0.050406457	181.666667	0.0	0.0
0.234400	0.054901206	181.533333	0.0	0.0
0.244100	0.059539095	181.433333	0.0	0.0
0.253900	0.064415750	181.366667	0.0	0.0
0.263700	0.069484338	181.266667	0.0	0.0
0.273400	0.074690211	181.166667	0.0	0.0
0.283200	0.080140706	181.066667	0.0	0.0
0.293000	0.085783134	180.966667	0.0	0.0
0.302700	0.091556990	180.900000	0.0	0.0
0.312500	0.097618780	180.833333	0.0	0.0
0.322300	0.103797592	180.766667	0.0	0.0
0.332000	0.110139432	180.666667	0.0	0.0
0.341800	0.116737606	180.666667	0.0	0.0
0.351600	0.123527713	180.566667	0.0	0.0
0.361300	0.130537690	180.533333	0.0	0.0
0.371100	0.137715210	180.466667	0.0	0.0
0.380900	0.145140499	180.466667	0.0	0.0
0.390600	0.152626922	180.366667	0.0	0.0
0.400400	0.160381697	180.300000	0.0	0.0
0.410200	0.168328626	180.266667	0.0	0.0
0.419900	0.176383687	180.200000	0.0	0.0
0.429700	0.184712963	180.166667	0.0	0.0
0.439500	0.193234392	180.166667	0.0	0.0
0.449200	0.201858091	180.100000	0.0	0.0
0.459000	0.210761867	180.033333	0.0	0.0
0.468800	0.219857797	180.000000	0.0	0.0
0.478500	0.229050134	179.966667	0.0	0.0
0.488300	0.238528411	179.900000	0.0	0.0
0.498000	0.248099193	179.900000	0.0	0.0
0.507800	0.257959817	179.833333	0.0	0.0
0.517600	0.268012594	179.800000	0.0	0.0
0.527300	0.278152014	179.733333	0.0	0.0
0.537100	0.288587138	179.733333	0.0	0.0
0.546900	0.299214416	179.700000	0.0	0.0
0.556600	0.309922474	179.633333	0.0	0.0
0.566400	0.320932099	179.600000	0.0	0.0
0.576200	0.332133877	179.600000	0.0	0.0
0.585900	0.343410573	179.533333	0.0	0.0
0.595700	0.354994698	179.500000	0.0	0.0
0.605500	0.366770977	179.500000	0.0	0.0
0.615200	0.378616312	179.433333	0.0	0.0
0.625000	0.390774937	179.433333	0.0	0.0
0.634800	0.403125716	179.400000	0.0	0.0
0.644500	0.415539689	179.333333	0.0	0.0
0.654300	0.428272814	179.300000	0.0	0.0
0.664100	0.441198094	179.266667	0.0	0.0
0.673800	0.454180705	179.233333	0.0	0.0
0.683600	0.467488331	179.200000	0.0	0.0
0.693400	0.480988111	179.200000	0.0	0.0
0.703100	0.494539360	179.166667	0.0	0.0
0.712900	0.508421487	179.133333	0.0	0.0
0.722700	0.522495767	179.100000	0.0	0.0
0.732400	0.536615654	179.066667	0.0	0.0
0.742200	0.551072281	179.033333	0.0	0.0
0.752000	0.565721062	179.000000	0.0	0.0
0.761700	0.580409588	178.966667	0.0	0.0
0.771500	0.595440715	178.966667	0.0	0.0
0.781300	0.610663996	178.933333	0.0	0.0
0.791000	0.625921160	178.866667	0.0	0.0
0.800800	0.641526788	178.866667	0.0	0.0
0.810500	0.657162397	178.833333	0.0	0.0
0.820300	0.673150371	178.766667	0.0	0.0
0.830100	0.689330500	178.766667	0.0	0.0
0.839800	0.705534747	178.766667	0.0	0.0
0.849600	0.722097222	178.733333	0.0	0.0
0.859400	0.738851850	178.666667	0.0	0.0
0.869100	0.755624736	178.666667	0.0	0.0
0.878900	0.772761711	178.666667	0.0	0.0
0.888700	0.790090840	178.566667	0.0	0.0
0.898400	0.807432364	178.566667	0.0	0.0
0.908200	0.825143840	178.566667	0.0	0.0
0.918000	0.843047469	178.566667	0.0	0.0
0.927700	0.860627290	178.500000	0.0	0.0
0.937500	0.879243607	178.466667	0.0	0.0
0.947300	0.897721737	178.466667	0.0	0.0
0.957000	0.916200537	178.466667	0.0	0.0
0.966800	0.934702240	178.400000	0.0	0.0
0.976600	0.953747560	178.366667	0.0	0.0
0.986300	0.972787690	178.366667	0.0	0.0
0.996100	0.992215210	178.333333	0.0	0.0
1.005900	1.011834810	178.300000	0.0	0.0
1.015600	1.031443360	178.266667	0.0	0.0
1.025400	1.051445160	178.266667	0.0	0.0
1.035200	1.071639040	178.233333	0.0	0.0
1.044900	1.091816010	178.200000	0.0	0.0
1.054700	1.112392090	178.166667	0.0	0.0
1.064500	1.133160250	178.166667	0.0	0.0
1.074200	1.153020324	178.133333	0.0	0.0
1.084000	1.174154457	178.066667	0.0	0.0
1.093800	1.195480523	178.066667	0.0	0.0
1.103500	1.216777980	178.033333	0.0	0.0
1.113300	1.239436890	178.033333	0.0	0.0
1.123000	1.261129000	178.033333	0.0	0.0
1.132800	1.283235840	177.966667	0.0	0.0
1.142600	1.304533109	177.933333	0.0	0.0
1.152300	1.326776560	177.933333	0.0	0.0
1.162100	1.349440279	177.933333	0.0	0.0
1.171900	1.372295930	177.866667	0.0	0.0
1.181600	1.395107364	177.833333	0.0	0.0
1.191400	1.418344922	177.833333	0.0	0.0
1.201200	1.441774412	177.833333	0.0	0.0
1.210900	1.465153831	177.766667	0.0	0.0
1.220700	1.488965228	177.733333	0.0	0.0
1.230500	1.512968558	177.733333	0.0	0.0
1.240200	1.536915961	177.733333	0.0	0.0
1.250000	1.561301197	177.700000	0.0	0.0
1.259800	1.585878366	177.633333	0.0	0.0
1.269500	1.609775860	177.633333	0.0	0.0
1.279300	1.634725359	177.633333	0.0	0.0
1.289100	1.659866717	177.633333	0.0	0.0
1.298800	1.684940464	177.533333	0.0	0.0
1.308600	1.710463582	177.533333	0.0	0.0
1.318400	1.736178559	177.533333	0.0	0.0
1.328100	1.761820072	177.533333	0.0	0.0
1.337900	1.787916809	177.466667	0.0	0.0
1.347700	1.814205406	177.433333	0.0	0.0
1.357400	1.840414684	177.433333	0.0	0.0
1.367200	1.867085041	177.433333	0.0	0.0
1.377000	1.893947257	177.400000	0.0	0.0
1.386700	1.920724301	177.366667	0.0	0.0
1.396500	1.947968277	177.333333	0.0	0.0
1.406300	1.975404112	177.333333	0.0	0.0
1.416000	2.002748922	177.300000	0.0	0.0
1.425800	2.030566518	177.266667	0.0	0.0
1.435500	2.058289192	177.233333	0.0	0.0
1.445300	2.085687982	177.233333	0.0	0.0
1.455100	2.114068303	177.200000	0.0	0.0
1.464800	2.141525890	177.166667	0.0	0.0
1.474600	2.171109824	177.133333	0.0	0.0
1.484400	2.199219401	177.100000	0.0	0.0
1.494100	2.228055466	177.100000	0.0	0.0
1.503900	2.257379545	177.100000	0.0	0.0
1.513700	2.287773132	177.066667	0.0	0.0
1.523400	2.316298731	177.033333	0.0	0.0
1.533200	2.346195988	177.000000	0.0	0.0
1.543000	2.376284957	177.000000	0.0	0.0
1.552700	2.406255684	176.966667	0.0	0.0
1.562500	2.436726120	176.966667	0.0	0.0
1.572300	2.466441555	176.900000	0.0	0.0
1.582000	2.496967895	176.900000	0.0	0.0
1.591800	2.527999599	176.866667	0.0	0.0
1.601600	2.559222942	176.866667	0.0	0.0
1.611300	2.590316394	176.833333	0.0	0.0
1.621100	2.621921058	176.800000	0.0	0.0
1.630900	2.653717360	176.800000	0.0	0.0
1.640600	2.685377925	176.766667	0.0	0.0
1.650400	2.717555547	176.766667	0.0	0.0
1.660200	2.749924809	176.700000	0.0	0.0
1.669900	2.782152486	176.700000	0.0	0.0
1.679700	2.814903068	176.700000	0.0	0.0
1.689500	2.847845289	176.666667	0.0	0.0
1.699200	2.880640079	176.633333	0.0	0.0
1.709000	2.913963620	176.633333	0.0	0.0
1.718800	2.947478800	176.600000	0.0	0.0
1.728500	2.980840703	176.600000	0.0	0.0
1.738300	3.014737203	176.533333	0.0	0.0
1.748000	3.048476536	176.533333	0.0	0.0
1.757800	3.082754357	176.500000	0.0	0.0
1.767600	3.117223817	176.500000	0.0	0.0
1.777300	3.155160685	176.400000	0.0	0.0
1.787100	3.190051612	176.400000	0.0	0.0
1.796900	3.225134399	176.333333	0.0	0.0
1.806600	3.256297020	176.400000	0.0	0.0
1.816400	3.291720760	176.400000	0.0	0.0
1.826200	3.327336138	176.333333	0.0	0.0
1.835900	3.362776809	176.333333	0.0	0.0
1.845700	3.398773508	176.300000	0.0	0.0
1.855500	3.434961845	176.266667	0.0	0.0
1.865200	3.470969629	176.233333	0.0	0.0
1.875000	3.507539287	176.233333	0.0	0.0
1.884800	3.544300583	176.233333	0.0	0.0
1.894500	3.580875479	176.200000	0.0	0.0
1.904300	3.618018097	176.166667	0.0	0.0
1.914100	3.655352353	176.133333	0.0	0.0
1.923800	3.692494361	176.133333	0.0	0.0
1.933600	3.730209938	176.133333	0.0	0.0
1.943400	3.768117153	176.066667	0.0	0.0
1.953100	3.805826274	176.033333	0.0	0.0
1.962900	3.844114810	176.033333	0.0	0.0
1.972700	3.882594984	176.033333	0.0	0.0
1.982400	3.920871218	176.000000	0.0	0.0
1.992200	3.959732713	175.966667	0.0	0.0
2.002000	3.998785847	175.933333	0.0	0.0
2.011700	4.037629193	175.933333	0.0	0.0
2.021500	4.077063648	175.933333	0.0	0.0
2.031300	4.116689740	175.900000	0.0	0.0
2.041000	4.156100200	175.866667	0.0	0.0
2.050800	4.196107613	175.833333	0.0	0.0
2.060500	4.235895502	175.833333	0.0	0.0
2.070300	4.276284237	175.800000	0.0	0.0
2.080100	4.316864609	175.766667	0.0	0.0
2.089800	4.357219611	175.733333	0.0	0.0
2.099600	4.398181305	175.733333	0.0	0.0
2.109400	4.439334637	175.733333	0.0	0.0
2.119100	4.480256752	175.700000	0.0	0.0
2.128900	4.521791404	175.700000	0.0	0.0
2.138700	4.563517695	175.633333	0.0	0.0
2.148400	4.603240025	175.633333	0.0	0.0
2.158200	4.647114535	175.600000	0.0	0.0
2.168000	4.689413785	175.600000	0.0	0.0
2.177700	4.731470125	175.600000	0.0	0.0
2.187500	4.774150696	175.566667	0.0	0.0
2.197300	4.817022905	175.533333	0.0	0.0
2.207000	4.859646358	175.500000	0.0	0.0
2.216800	4.901018692	175.500000	0.0	0.0
2.226600	4.944447191	175.433333	0.0	0.0
2.236300	4.987621185	175.433333	0.0	0.0
2.246100	5.033362112	175.400000	0.0	0.0
2.255900	5.075432097	175.400000	0.0	0.0
2.265600	5.119172986	175.400000	0.0	0.0
2.275400	5.163555399	175.333333	0.0	0.0
2.285200	5.208129376	175.300000	0.0	0.0
2.294900	5.252437160	175.300000	0.0	0.0
2.304700	5.299425652	175.300000	0.0	0.0
2.314500	5.344589698	175.300000	0.0	0.0
2.324200	5.389481602	175.300000	0.0	0.0
2.334000	5.432941600	175.200000	0.0	0.0
2.343800	5.478661057	175.200000	0.0	0.0
2.353500	5.524102631	175.200000	0.0	0.0
2.363300	5.570203262	175.200000	0.0	0.0
2.373000	5.616022121	175.133333	0.0	0.0
2.382800	5.662503927	175.100000	0.0	0.0
2.392600	5.709177297	175.100000	0.0	0.0
2.402300	5.755563051	175.100000	0.0	0.0
2.412100	5.802617596	175.100000	0.0	0.0
2.421900	5.849863706	175.000000	0.0	0.0
2.431600	5.896816355	175.000000	0.0	0.0
2.441400	5.944443640	175.000000	0.0	0.0
2.451200	5.992262489	175.000000	0.0	0.0
2.460900	6.037464626	174.966667	0.0	0.0
2.470700	6.085646156	174.900000	0.0	0.0
2.480500	6.136373646	174.900000	0.0	0.0
2.490200	6.184460085	174.900000	0.0	0.0
2.500000	6.233232848	174.900000	0.0	0.0
2.509800	6.282197176	174.866667	0.0	0.0
2.519500	6.330850511	174.800000	0.0	0.0
2.529300	6.380196013	174.800000	0.0	0.0
2.539100	6.429733080	174.800000	0.0	0.0
2.548800	6.476467397	174.766667	0.0	0.0
2.558600	6.528871552	174.766667	0.0	0.0
2.568400	6.578981358	174.733333	0.0	0.0
2.578100	6.626225087	174.700000	0.0	0.0
2.587900	6.679259464	174.700000	0.0	0.0
2.597700	6.727359795	174.666667	0.0	0.0
2.607400	6.780296030	174.633333	0.0	0.0
2.617200	6.831359750	174.633333	0.0	0.0
2.627000	6.882615036	174.600000	0.0	0.0
2.636700	6.928216307	174.566667	0.0	0.0
2.646500	6.979813149	174.566667	0.0	0.0
2.656300	7.028903451	174.533333	0.0	0.0
2.666000	7.080332017	174.500000	0.0	0.0
2.675800	7.132481143	174.500000	0.0	0.0
2.685500	7.184286560	174.466667	0.0	0.0
2.695300	7.236816422	174.466667	0.0	0.0
2.705100	7.289537628	174.433333	0.0	0.0
2.714800	7.341909289	174.400000	0.0	0.0
2.724600	7.395011231	174.366667	0.0	0.0
2.734400	7.448304517	174.366667	0.0	0.0
2.744100	7.501242420	174.366667	0.0	0.0
2.753900	7.554916443	174.333333	0.0	0.0
2.763700	7.608781810	174.300000	0.0	0.0
2.773400	7.662285956	174.266667	0.0	0.0
2.783200	7.716532059	174.266667	0.0	0.0
2.793000	7.770969506	174.266667	0.0	0.0
2.802700	7.825039894	174.233333	0.0	0.0
2.812500	7.879858078	174.200000	0.0	0.0
2.822300	7.934867605	174.166667	0.0	0.0
2.832000	7.989504236	174.166667	0.0	0.0
2.841800	8.044894500	174.166667	0.0	0.0
2.851600	8.100476108	174.133333	0.0	0.0
2.861300	8.155678982	174.100000	0.0	0.0
2.871100	8.208490597	174.066667	0.0	0.0
2.880900	8.267795014	174.066667	0.0	0.0
2.890600	8.323564131	174.066667	0.0	0.0
2.900400	8.380098555	174.033333	0.0	0.0
2.910200	8.436824324	174.000000	0.0	0.0
2.919900	8.489900938	174.000000	0.0	0.0
2.929700	8.546985532	173.966667	0.0	0.0
2.939500	8.600960022	173.966667	0.0	0.0
2.949200	8.654496045	173.900000	0.0	0.0
2.959000	8.712108263	173.900000	0.0	0.0
2.968800	8.769911606	173.866667	0.0	0.0
2.978500	8.827313327	173.866667	0.0	0.0
2.988300	8.885496967	173.833333	0.0	0.0
2.998000	8.943275105	173.800000	0.0	0.0
3.007800	9.001839044	173.800000	0.0	0.0
3.017600	9.060594106	173.766667	0.0	0.0
3.027300	9.118937836	173.766667	0.0	0.0
3.037100	9.178073196	173.733333	0.0	0.0
3.046900	9.237399681	173.700000	0.0	0.0
3.056600	9.296309002	173.700000	0.0	0.0
3.066400	9.356015784	173.666667	0.0	0.0
3.076200	9.415913691	173.666667	0.0	0.0
3.085900	9.475388603	173.600000	0.0	0.0
3.095700	9.535666808	173.600000	0.0	0.0
3.105500	9.596136136	173.600000	0.0	0.0
3.115200	9.656176640	173.600000	0.0	0.0
3.125000	9.717026267	173.566667	0.0	0.0
3.134800	9.778067017	173.500000	0.0	0.0
3.144500	9.838673112	173.500000	0.0	0.0
3.154300	9.900094161	173.500000	0.0	0.0
3.164100	9.961706334	173.466667	0.0	0.0
3.173800	10.022878020	173.433333	0.0	0.0
3.183600	10.084870491	173.400000	0.0	0.0
3.193400	10.139268922	173.400000	0.0	0.0
3.203100	10.204874346	173.400000	0.0	0.0
3.212900	10.263474724	173.400000	0.0	0.0
3.222700	10.326181593	173.333333	0.0	0.0
3.232400	10.384450716	173.300000	0.0	0.0
3.242200	10.451523536	173.300000	0.0	0.0
3.252000	10.514801389	173.300000	0.0	0.0
3.261700	10.577621614	173.300000	0.0	0.0
3.271500	10.641279473	173.233333	0.0	0.0
3.281300	10.705128310	173.200000	0.0	0.0
3.291000	10.768513692	173.200000	0.0	0.0
3.300800	10.832742535	173.200000	0.0	0.0
3.310500	10.896504046	173.166667	0.0	0.0
3.320300	10.961112895	173.100000	0.0	0.0
3.330100	11.021682183	173.100000	0.0	0.0
3.339800	11.085984169	173.100000	0.0	0.0
3.349600	11.155419222	173.066667	0.0	0.0
3.359400	11.220790032	173.000000	0.0	0.0
3.369100	11.285681858	173.000000	0.0	0.0
3.378900	11.347077237	173.000000	0.0	0.0
3.388700	11.412993729	173.000000	0.0	0.0
3.398400	11.478425597	173.000000	0.0	0.0
3.408200	11.544721950	172.966667	0.0	0.0
3.418000	11.611209207	172.933333	0.0	0.0
3.427700	11.677206015	172.900000	0.0	0.0
3.437500	11.744073132	172.900000	0.0	0.0
3.447300	11.811131154	172.900000	0.0	0.0
3.457000	11.877692903	172.866667	0.0	0.0
3.466800	11.945130785	172.866667	0.0	0.0
3.476600	12.012759571	172.800000	0.0	0.0
3.486300	12.079886260	172.800000	0.0	0.0
3.496100	12.147894907	172.766667	0.0	0.0
3.505900	12.216094458	172.766667	0.0	0.0
3.515600	12.283786087	172.766667	0.0	0.0
3.525400	12.352365499	172.700000	0.0	0.0
3.535200	12.421135814	172.666667	0.0	0.0
3.544900	12.489392384	172.666667	0.0	0.0
3.554700	12.558542560	172.666667	0.0	0.0
3.564500	12.627883640	172.666667	0.0	0.0
3.574200	12.696705151	172.600000	0.0	0.0
3.584000	12.766426091	172.566667	0.0	0.0
3.593800	12.836337936	172.566667	0.0	0.0
3.603500	12.905724387	172.566667	0.0	0.0
3.613300	12.976016092	172.566667	0.0	0.0
3.623000	13.045778527	172.500000	0.0	0.0
3.632800	13.116450093	172.500000	0.0	0.0
3.642600	13.187312562	172.466667	0.0	0.0
3.652300	13.257639938	172.466667	0.0	0.0
3.662100	13.323768102	172.366667	0.0	0.0
3.671900	13.395173928	172.366667	0.0	0.0
3.681600	13.466039043	172.366667	0.0	0.0
3.691400	13.543020913	172.366667	0.0	0.0
3.701200	13.615024912	172.366667	0.0	0.0
3.710900	13.686482168	172.366667	0.0	0.0
3.720700	13.753586881	172.333333	0.0	0.0
3.730500	13.831440791	172.266667	0.0	0.0
3.740200	13.903462988	172.266667	0.0	0.0
3.750000	13.976417612	172.266667	0.0	0.0
3.759800	14.049563140	172.233333	0.0	0.0
3.769500	14.122150278	172.200000	0.0	0.0
3.779300	14.195675666	172.166667	0.0	0.0
3.789100	14.263916928	172.166667	0.0	0.0
3.798800	14.342544037	172.166667	0.0	0.0
3.808600	14.411108661	172.133333	0.0	0.0
3.818400	14.490927247	172.100000	0.0	0.0
3.828100	14.564644266	172.066667	0.0	0.0
3.837900	14.639311183	172.066667	0.0	0.0
3.847700	14.714169005	172.066667	0.0	0.0
3.857400	14.788450964	172.066667	0.0	0.0
3.867200	14.863688646	172.000000	0.0	0.0
3.877000	14.933385235	171.966667	0.0	0.0
3.886700	15.008203416	171.966667	0.0	0.0
3.896500	15.083982776	171.966667	0.0	0.0
3.906300	15.159952967	171.966667	0.0	0.0
3.916000	15.235335871	171.900000	0.0	0.0
3.925800	15.311685777	171.866667	0.0	0.0
3.935500	15.381540505	171.866667	0.0	0.0
3.945300	15.464174142	171.866667	0.0	0.0
3.955100	15.541094593	171.800000	0.0	0.0
3.964800	15.617418062	171.800000	0.0	0.0
3.974600	15.694718228	171.800000	0.0	0.0
3.984400	15.772209224	171.766667	0.0	0.0
3.994100	15.849097417	171.766667	0.0	0.0
4.003900	15.926968128	171.733333	0.0	0.0
4.013700	15.998888692	171.700000	0.0	0.0
4.023400	16.076311890	171.700000	0.0	0.0
4.033200	16.154723049	171.666667	0.0	0.0
4.043000	16.233324967	171.666667	0.0	0.0
4.052700	16.311312672	171.633333	0.0	0.0
4.062500	16.390294159	171.600000	0.0	0.0
4.072300	16.469466403	171.600000	0.0	0.0
4.082000	16.548018615	171.566667	0.0	0.0
4.091800	16.627570428	171.566667	0.0	0.0
4.101600	16.707312999	171.533333	0.0	0.0
4.111300	16.786429718	171.500000	0.0	0.0
4.121100	16.866551858	171.500000	0.0	0.0
4.130900	16.946864755	171.466667	0.0	0.0
4.140600	17.026545982	171.433333	0.0	0.0
4.150400	17.107238448	171.433333	0.0	0.0
4.160200	17.188121672	171.400000	0.0	0.0
4.169900	17.268367406	171.400000	0.0	0.0
4.179700	17.349630199	171.400000	0.0	0.0
4.189500	17.431083750	171.333333	0.0	0.0
4.199200	17.511893990	171.300000	0.0	0.0
4.209000	17.593727110	171.300000	0.0	0.0
4.218800	17.668968969	171.300000	0.0	0.0
4.228500	17.750312493	171.266667	0.0	0.0
4.238300	17.832684322	171.233333	0.0	0.0
4.248000	17.914403399	171.200000	0.0	0.0
4.257800	17.997154651	171.200000	0.0	0.0
4.267600	18.080096588	171.200000	0.0	0.0
4.277300	18.162379955	171.166667	0.0	0.0
4.287100	18.245701315	171.133333	0.0	0.0
4.296900	18.329213360	171.133333	0.0	0.0
4.306600	18.412061017	171.100000	0.0	0.0
4.316400	18.495952485	171.100000	0.0	0.0
4.326200	18.580034638	171.066667	0.0	0.0
4.335900	18.663446585	171.033333	0.0	0.0
4.345700	18.740714766	171.000000	0.0	0.0
4.355500	18.825334546	171.000000	0.0	0.0
4.365200	18.909278563	171.000000	0.0	0.0
4.375000	18.994277621	170.966667	0.0	0.0
4.384800	19.079467291	170.966667	0.0	0.0
4.394500	19.163975382	170.933333	0.0	0.0
4.404300	19.249544329	170.900000	0.0	0.0
4.414100	19.335303887	170.900000	0.0	0.0
4.423800	19.420376052	170.866667	0.0	0.0
4.433600	19.506514888	170.866667	0.0	0.0
4.443400	19.592844336	170.833333	0.0	0.0
4.453100	19.670930128	170.800000	0.0	0.0
4.462900	19.757605584	170.766667	0.0	0.0
4.472700	19.844471578	170.766667	0.0	0.0
4.482400	19.930638816	170.766667	0.0	0.0
4.492200	20.017883943	170.700000	0.0	0.0
4.502000	20.105319608	170.700000	0.0	0.0
4.511700	20.192050703	170.666667	0.0	0.0
4.521500	20.279865500	170.666667	0.0	0.0
4.531300	20.367870836	170.666667	0.0	0.0
4.541000	20.455165789	170.666667	0.0	0.0
4.550800	20.543550256	170.600000	0.0	0.0
4.560500	20.631220473	170.566667	0.0	0.0
4.570300	20.719984073	170.566667	0.0	0.0
4.580100	20.800954018	170.566667	0.0	0.0
4.589800	20.889154237	170.533333	0.0	0.0
4.599600	20.978453231	170.466667	0.0	0.0
4.609400	21.067942690	170.466667	0.0	0.0
4.619100	21.148588922	170.466667	0.0	0.0
4.628900	21.238422886	170.466667	0.0	0.0
4.638700	21.328447242	170.466667	0.0	0.0
4.648400	21.417740470	170.400000	0.0	0.0
4.658200	21.516399307	170.366667	0.0	0.0
4.668000	21.607027669	170.366667	0.0	0.0
4.677700	21.696918813	170.366667	0.0	0.0
4.687500	21.779566341	170.366667	0.0	0.0
4.697300	21.870729163	170.300000	0.0	0.0
4.707000	21.961149241	170.266667	0.0	0.0
4.716800	22.044229496	170.266667	0.0	0.0
4.726600	22.135926355	170.266667	0.0	0.0
4.736300	22.226874948	170.266667	0.0	0.0
4.746100	22.318950504	170.166667	0.0	0.0
4.755900	22.411216378	170.166667	0.0	0.0
4.765600	22.502728180	170.166667	0.0	0.0
4.775400	22.595372750	170.166667	0.0	0.0
4.785200	22.688207639	170.166667	0.0	0.0
4.794900	22.780282650	170.100000	0.0	0.0
4.804700	22.873496235	170.066667	0.0	0.0
4.814500	22.966900139	170.066667	0.0	0.0
4.824200	23.059538359	170.066667	0.0	0.0
4.834000	23.153320959	170.066667	0.0	0.0
4.843800	23.247293878	170.000000	0.0	0.0
4.853500	23.340495306	169.966667	0.0	0.0
4.863300	23.434846921	169.966667	0.0	0.0
4.873000	23.528423181	169.966667	0.0	0.0
4.882800	23.623153492	169.933333	0.0	0.0
4.892600	23.718074122	169.900000	0.0	0.0
4.902300	23.803077069	169.866667	0.0	0.0
4.912100	23.898339830	169.866667	0.0	0.0
4.921900	23.993792836	169.866667	0.0	0.0
4.931600	24.088459177	169.833333	0.0	0.0
4.941400	24.184290734	169.833333	0.0	0.0
4.951200	24.280312538	169.766667	0.0	0.0
4.960900	24.366189205	169.766667	0.0	0.0
4.970700	24.462552572	169.733333	0.0	0.0
4.980500	24.568532825	169.733333	0.0	0.0
4.990200	24.664325150	169.700000	0.0	0.0
5.000000	24.761294301	169.700000	0.0	0.0
5.009800	24.858453698	169.666667	0.0	0.0
5.019500	24.954809016	169.666667	0.0	0.0
5.029300	25.052346963	169.633333	0.0	0.0
5.039100	25.150075156	169.600000	0.0	0.0
5.048800	25.246993467	169.600000	0.0	0.0
5.058600	25.335375536	169.566667	0.0	0.0
5.068400	25.433634810	169.533333	0.0	0.0
5.078100	25.531078711	169.533333	0.0	0.0
5.087900	25.619882510	169.500000	0.0	0.0
5.097700	25.728544243	169.500000	0.0	0.0
5.107400	25.826550920	169.466667	0.0	0.0
5.117200	25.925757178	169.433333	0.0	0.0
5.127000	26.015168004	169.433333	0.0	0.0
5.136700	26.113699638	169.400000	0.0	0.0
5.146500	26.213436192	169.400000	0.0	0.0
5.156300	26.313362845	169.366667	0.0	0.0
5.166000	26.412457040	169.333333	0.0	0.0
5.175800	26.512761954	169.333333	0.0	0.0
5.185500	26.612230549	169.300000	0.0	0.0
5.195300	26.712913723	169.300000	0.0	0.0
5.205100	26.813786997	169.300000	0.0	0.0
5.214800	26.913818153	169.233333	0.0	0.0
5.224600	27.015069687	169.233333	0.0	0.0
5.234400	27.116511322	169.233333	0.0	0.0
5.244100	27.217105038	169.200000	0.0	0.0
5.253900	27.318924933	169.200000	0.0	0.0
5.263700	27.420934928	169.133333	0.0	0.0
5.273400	27.522091205	169.133333	0.0	0.0
5.283200	27.624479460	169.100000	0.0	0.0
5.293000	27.727057815	169.100000	0.0	0.0
5.302700	27.828776652	169.100000	0.0	0.0
5.312500	27.931733267	169.033333	0.0	0.0
5.322300	28.034879983	169.033333	0.0	0.0
5.332000	28.137161381	169.033333	0.0	0.0
5.341800	28.240686356	169.000000	0.0	0.0
5.351600	28.344401432	168.966667	0.0	0.0
5.361300	28.447245391	168.966667	0.0	0.0
5.371100	28.551338726	168.933333	0.0	0.0
5.380900	28.655622162	168.933333	0.0	0.0
5.390600	28.759028682	168.900000	0.0	0.0
5.400400	28.863690378	168.866667	0.0	0.0
5.410200	28.968542174	168.866667	0.0	0.0
5.419900	29.072511254	168.833333	0.0	0.0
5.429700	29.177741310	168.833333	0.0	0.0
5.439500	29.283161466	168.800000	0.0	0.0
5.449200	29.387693107	168.766667	0.0	0.0
5.459000	29.493491523	168.766667	0.0	0.0
5.468800	29.599480040	168.766667	0.0	0.0
5.478500	29.704574241	168.733333	0.0	0.0
5.488300	29.810941018	168.700000	0.0	0.0
5.498000	29.916409620	168.666667	0.0	0.0
5.507800	30.023154657	168.666667	0.0	0.0
5.517600	30.130089794	168.666667	0.0	0.0
5.527300	30.236120956	168.633333	0.0	0.0
5.537100	30.343434353	168.566667	0.0	0.0
5.546900	30.450937851	168.566667	0.0	0.0
5.556600	30.557531574	168.566667	0.0	0.0
5.566400	30.665413331	168.566667	0.0	0.0
5.576200	30.773485189	168.533333	0.0	0.0
5.585900	30.880641472	168.466667	0.0	0.0
5.595700	30.989091590	168.466667	0.0	0.0
5.605500	31.097731808	168.466667	0.0	0.0
5.615200	31.205450652	168.466667	0.0	0.0
5.625000	31.314469130	168.433333	0.0	0.0
5.634800	31.423677708	168.366667	0.0	0.0
5.644500	31.531959113	168.366667	0.0	0.0
5.654300	31.641545951	168.366667	0.0	0.0
5.664100	31.751322890	168.366667	0.0	0.0
5.673800	31.860166855	168.300000	0.0	0.0
5.683600	31.958055343	168.266667	0.0	0.0
5.693400	32.080667352	168.266667	0.0	0.0
5.703100	32.177722851	168.266667	0.0	0.0
5.712900	32.300797437	168.266667	0.0	0.0
5.722700	32.399275029	168.266667	0.0	0.0
5.732400	32.521680183	168.166667	0.0	0.0
5.742200	32.620451139	168.166667	0.0	0.0
5.752000	32.731890383	168.166667	0.0	0.0
5.761700	32.842379621	168.166667	0.0	0.0
5.771500	32.954196980	168.133333	0.0	0.0
5.781300	33.066204367	168.066667	0.0	0.0
5.791000	33.177255949	168.066667	0.0	0.0
5.800800	33.289641451	168.066667	0.0	0.0
5.810500	33.401067290	168.066667	0.0	0.0
5.820300	33.513830907	168.033333	0.0	0.0
5.830100	33.626784550	167.966667	0.0	0.0
5.839800	33.738772734	167.966667	0.0	0.0
5.849600	33.839115761	167.966667	0.0	0.0
5.859400	33.952593989	167.966667	0.0	0.0
5.869100	34.065101334	167.933333	0.0	0.0
5.878900	34.178957532	167.900000	0.0	0.0
5.888700	34.293003685	167.866667	0.0	0.0
5.898400	34.406073159	167.866667	0.0	0.0
5.908200	34.520497281	167.866667	0.0	0.0
5.918000	34.635111359	167.833333	0.0	0.0
5.927700	34.748742961	167.833333	0.0	0.0
5.937500	34.863735008	167.766667	0.0	0.0
5.947300	34.978917009	167.766667	0.0	0.0
5.957000	35.093110741	167.766667	0.0	0.0
5.966800	35.208670712	167.733333	0.0	0.0
5.976600	35.324420637	167.733333	0.0	0.0
5.986300	35.439176498	167.666667	0.0	0.0
5.996100	35.541662159	167.666667	0.0	0.0
6.005900	35.657935378	167.666667	0.0	0.0
6.015600	35.759483279	167.633333	0.0	0.0
6.025400	35.889860166	167.600000	0.0	0.0
6.035200	36.006701092	167.600000	0.0	0.0
6.044900	36.122536748	167.566667	0.0	0.0
6.054700	36.225850647	167.533333	0.0	0.0
6.064500	36.357164131	167.533333	0.0	0.0
6.074200	36.473561701	167.533333	0.0	0.0
6.084000	36.591348158	167.500000	0.0	0.0
6.093800	36.709324496	167.466667	0.0	0.0
6.103500	36.812154082	167.433333	0.0	0.0
6.113300	36.930462834	167.433333	0.0	0.0
6.123000	37.047751267	167.433333	0.0	0.0
6.132800	37.166437699	167.400000	0.0	0.0
6.142600	37.271007916	167.366667	0.0	0.0
6.152300	37.388812829	167.333333	0.0	0.0
6.162100	37.508020993	167.333333	0.0	0.0
6.171900	37.627418892	167.333333	0.0	0.0
6.181600	37.745785287	167.300000	0.0	0.0
6.191400	37.865560722	167.266667	0.0	0.0
6.201200	37.985525892	167.233333	0.0	0.0
6.210900	38.104453769	167.233333	0.0	0.0
6.220700	38.224796475	167.233333	0.0	0.0
6.230500	38.345328915	167.200000	0.0	0.0
6.240200	38.464818275	167.166667	0.0	0.0
6.250000	38.585728251	167.133333	0.0	0.0
6.259800	38.706827962	167.133333	0.0	0.0
6.269500	38.826878804	167.133333	0.0	0.0
6.279300	38.948356051	167.100000	0.0	0.0
6.289100	39.070023033	167.066667	0.0	0.0
6.298800	39.190635357	167.033333	0.0	0.0
6.308600	39.312679874	167.033333	0.0	0.0
6.318400	39.434914127	167.033333	0.0	0.0
6.328100	39.556087933	167.033333	0.0	0.0
6.337900	39.678699721	166.966667	0.0	0.0
6.347700	39.755704441	167.033333	0.0	0.0
6.357400	39.861999114	167.000000	0.0	0.0
6.367200	39.984989231	166.966667	0.0	0.0
6.377000	40.138964767	166.900000	0.0	0.0
6.386700	40.261167707	166.866667	0.0	0.0
6.396500	40.384819094	166.866667	0.0	0.0
6.406300	40.493117281	166.833333	0.0	0.0
6.416000	40.615834170	166.833333	0.0	0.0
6.425800	40.740004731	166.833333	0.0	0.0
6.435500	40.863094872	166.766667	0.0	0.0
6.445300	40.987642534	166.766667	0.0	0.0
6.455100	41.112379713	166.733333	0.0	0.0
6.464800	41.236030690	166.733333	0.0	0.0
6.474600	41.361144970	166.700000	0.0	0.0
6.484400	41.486448768	166.666667	0.0	0.0
6.494100	41.610660581	166.666667	0.0	0.0
6.503900	41.736341479	166.633333	0.0	0.0
6.513700	41.862211894	166.633333	0.0	0.0
6.523400	41.986984544	166.566667	0.0	0.0
6.533200	42.113232060	166.566667	0.0	0.0
6.543000	42.239669093	166.566667	0.0	0.0
6.552700	42.365002579	166.566667	0.0	0.0
6.562500	42.491816713	166.533333	0.0	0.0
6.572300	42.618820364	166.466667	0.0	0.0
6.582000	42.744714686	166.466667	0.0	0.0
6.591800	42.872095438	166.466667	0.0	0.0
6.601600	42.999665707	166.433333	0.0	0.0
6.611300	43.126120865	166.400000	0.0	0.0
6.621100	43.254068235	166.366667	0.0	0.0
6.630900	43.382205123	166.366667	0.0	0.0
6.640600	43.509221117	166.366667	0.0	0.0
6.650400	43.637735105	166.366667	0.0	0.0
6.660200	43.766438610	166.333333	0.0	0.0
6.669900	43.894015440	166.266667	0.0	0.0
6.679700	44.023096046	166.266667	0.0	0.0
6.689500	44.152366170	166.266667	0.0	0.0
6.699200	44.280503836	166.266667	0.0	0.0
6.709000	44.410151060	166.266667	0.0	0.0
6.718800	44.539987801	166.200000	0.0	0.0
6.728500	44.668686304	166.166667	0.0	0.0
6.738300	44.798900146	166.166667	0.0	0.0
6.748000	44.927971902	166.166667	0.0	0.0
6.757800	45.058562844	166.166667	0.0	0.0
6.767600	45.189343304	166.100000	0.0	0.0
6.777300	45.318975896	166.066667	0.0	0.0
6.787100	45.450133456	166.066667	0.0	0.0
6.796900	45.563991351	166.066667	0.0	0.0
6.806600	45.676602417	166.033333	0.0	0.0
6.816400	45.808225532	166.000000	0.0	0.0
6.826200	45.940038019	165.966667	0.0	0.0
6.835900	46.070691964	165.966667	0.0	0.0
6.845700	46.202881263	165.966667	0.0	0.0
6.855500	46.335259933	165.933333	0.0	0.0
6.865200	46.466474284	165.933333	0.0	0.0
6.875000	46.581350082	165.866667	0.0	0.0
6.884800	46.714243926	165.866667	0.0	0.0
6.894500	46.863949376	165.833333	0.0	0.0
6.904300	46.997271041	165.833333	0.0	0.0
6.914100	47.130782078	165.800000	0.0	0.0
6.923800	47.244982829	165.766667	0.0	0.0
6.933600	47.378819306	165.766667	0.0	0.0
6.943400	47.512845082	165.766667	0.0	0.0
6.953100	47.663977878	165.733333	0.0	0.0
6.962900	47.780092103	165.733333	0.0	0.0
6.972700	47.914683845	165.666667	0.0	0.0
6.982400	48.048088614	165.666667	0.0	0.0
6.992200	48.201551502	165.666667	0.0	0.0
7.002000	48.318214731	165.633333	0.0	0.0
7.011700	48.452179690	165.633333	0.0	0.0
7.021500	48.587714065	165.566667	0.0	0.0
7.031300	48.723437739	165.566667	0.0	0.0
7.041000	48.857962889	165.533333	0.0	0.0
7.050800	49.012869005	165.533333	0.0	0.0
7.060500	49.147818758	165.533333	0.0	0.0
7.070300	49.284348150	165.466667	0.0	0.0
7.080100	49.421066915	165.466667	0.0	0.0
7.089800	49.556577074	165.433333	0.0	0.0
7.099600	49.693672650	165.433333	0.0	0.0
7.109400	49.830957597	165.433333	0.0	0.0
7.119100	49.967028162	165.433333	0.0	0.0
7.128900	50.104689921	165.366667	0.0	0.0
7.138700	50.223263464	165.333333	0.0	0.0
7.148400	50.359842010	165.333333	0.0	0.0
7.158200	50.498016916	165.333333	0.0	0.0
7.168000	50.655817279	165.333333	0.0	0.0
7.177700	50.793008655	165.266667	0.0	0.0
7.187500	50.931802781	165.233333	0.0	0.0
7.197300	51.070786279	165.233333	0.0	0.0
7.207000	51.208538061	165.233333	0.0	0.0
7.216800	51.347898370	165.200000	0.0	0.0
7.226600	51.487448051	165.133333	0.0	0.0
7.236300	51.605951922	165.133333	0.0	0.0
7.246100	51.745824726	165.133333	0.0	0.0
7.255900	51.885886829	165.133333	0.0	0.0
7.265600	52.024706139	165.066667	0.0	0.0
7.275400	52.165144909	165.066667	0.0	0.0
7.285200	52.305772978	165.033333	0.0	0.0
7.294900	52.445152478	165.033333	0.0	0.0
7.304700	52.586157214	165.033333	0.0	0.0
7.314500	52.727351249	165.033333	0.0	0.0
7.324200	52.867290940	164.966667	0.0	0.0
7.334000	53.008861642	164.933333	0.0	0.0
7.343800	53.150621644	164.933333	0.0	0.0
7.353500	53.291121526	164.933333	0.0	0.0
7.363300	53.412756357	164.933333	0.0	0.0
7.373000	53.574130899	164.866667	0.0	0.0
7.382800	53.696033665	164.866667	0.0	0.0
7.392600	53.838681545	164.833333	0.0	0.0
7.402300	53.959348536	164.833333	0.0	0.0
7.412100	54.102318061	164.833333	0.0	0.0
7.421900	54.245476741	164.833333	0.0	0.0
7.431600	54.387360886	164.766667	0.0	0.0
7.441400	54.530895943	164.766667	0.0	0.0
7.451200	54.695606342	164.733333	0.0	0.0
7.460900	54.838104924	164.700000	0.0	0.0
7.470700	55.003365096	164.666667	0.0	0.0
7.480500	55.126605951	164.633333	0.0	0.0
7.490200	55.269664509	164.633333	0.0	0.0
7.500000	55.414386158	164.633333	0.0	0.0
7.509800	55.537979456	164.600000	0.0	0.0
7.519500	55.681542884	164.566667	0.0	0.0
7.529300	55.826774537	164.566667	0.0	0.0
7.539100	55.972195344	164.566667	0.0	0.0
7.548800	56.116318533	164.533333	0.0	0.0
7.558600	56.262115718	164.500000	0.0	0.0
7.568400	56.408102056	164.466667	0.0	0.0
7.578100	56.552785007	164.466667	0.0	0.0
7.587900	56.699147723	164.466667	0.0	0.0
7.597700	56.845699593	164.433333	0.0	0.0
7.607400	56.990942305	164.400000	0.0	0.0
7.617200	57.137870553	164.400000	0.0	0.0
7.627000	57.284987955	164.366667	0.0	0.0
7.636700	57.430790427	164.366667	0.0	0.0
7.646500	57.578284207	164.333333	0.0	0.0
7.656300	57.703818233	164.300000	0.0	0.0
7.666000	57.850124309	164.300000	0.0	0.0
7.675800	58.020388686	164.266667	0.0	0.0
7.685500	58.144805282	164.266667	0.0	0.0
7.695300	58.293184018	164.233333	0.0	0.0
7.705100	58.441751835	164.200000	0.0	0.0
7.714800	58.588989852	164.200000	0.0	0.0
7.724600	58.737933902	164.166667	0.0	0.0
7.734400	58.887067035	164.166667	0.0	0.0
7.744100	59.034864597	164.133333	0.0	0.0
7.753900	59.184373963	164.100000	0.0	0.0
7.763700	59.311306487	164.066667	0.0	0.0
7.773400	59.459606673	164.066667	0.0	0.0
7.783200	59.609623771	164.066667	0.0	0.0
7.793000	59.759829878	164.033333	0.0	0.0
7.802700	59.908689396	164.000000	0.0	0.0
7.812500	60.059271592	164.000000	0.0	0.0
7.822300	60.186940772	163.966667	0.0	0.0
7.832000	60.336302291	163.933333	0.0	0.0
7.841800	60.487391591	163.933333	0.0	0.0
7.851600	60.638669827	163.900000	0.0	0.0
7.861300	60.788590463	163.900000	0.0	0.0
7.871100	60.940244644	163.866667	0.0	0.0
7.880900	61.092087762	163.833333	0.0	0.0
7.890600	61.242567514	163.833333	0.0	0.0
7.900400	61.394786577	163.833333	0.0	0.0
7.910200	61.547194575	163.800000	0.0	0.0
7.919900	61.698233445	163.766667	0.0	0.0
7.929700	61.851017388	163.733333	0.0	0.0
7.939500	62.003990268	163.733333	0.0	0.0
7.949200	62.131739742	163.733333	0.0	0.0
7.959000	62.308937079	163.700000	0.0	0.0
7.968800	62.462474840	163.633333	0.0	0.0
7.978500	62.614631943	163.633333	0.0	0.0
7.988300	62.768545649	163.633333	0.0	0.0
7.998000	62.896932639	163.633333	0.0	0.0
8.007800	63.051163089	163.600000	0.0	0.0
8.017600	63.181331019	163.600000	0.0	0.0
8.027300	63.334301894	163.533333	0.0	0.0
8.037100	63.489037615	163.533333	0.0	0.0
8.046900	63.668391089	163.533333	0.0	0.0
8.056600	63.821979582	163.500000	0.0	0.0
8.066400	63.977339361	163.433333	0.0	0.0
8.076200	64.132888005	163.433333	0.0	0.0
8.085900	64.262369072	163.433333	0.0	0.0
8.095700	64.418233689	163.433333	0.0	0.0
8.105500	64.574287097	163.433333	0.0	0.0
8.115200	64.728934036	163.366667	0.0	0.0
8.125000	64.885363100	163.333333	0.0	0.0
8.134800	65.017024963	163.333333	0.0	0.0
8.144500	65.197186583	163.333333	0.0	0.0
8.154300	65.354180095	163.333333	0.0	0.0
8.164100	65.511362399	163.266667	0.0	0.0
8.173800	65.667126714	163.233333	0.0	0.0
8.183600	65.824684674	163.233333	0.0	0.0
8.193400	65.982431426	163.233333	0.0	0.0
8.203100	66.138754428	163.200000	0.0	0.0
8.212900	66.296876836	163.133333	0.0	0.0
8.222700	66.429689807	163.133333	0.0	0.0
8.232400	66.560962688	163.133333	0.0	0.0
8.242200	66.719527794	163.133333	0.0	0.0
8.252000	66.878281546	163.133333	0.0	0.0
8.261700	67.035601131	163.100000	0.0	0.0
8.271500	67.194730251	163.033333	0.0	0.0
8.281300	67.354048018	163.033333	0.0	0.0
8.291000	67.511925862	163.033333	0.0	0.0
8.300800	67.671618997	163.000000	0.0	0.0
8.310500	67.829868379	163.000000	0.0	0.0
8.320300	67.989936882	162.933333	0.0	0.0
8.330100	68.150194031	162.933333	0.0	0.0
8.339800	68.282792154	162.933333	0.0	0.0
8.349600	68.443363038	162.900000	0.0	0.0
8.359400	68.604122497	162.900000	0.0	0.0
8.369100	68.763427250	162.833333	0.0	0.0
8.378900	68.924561933	162.833333	0.0	0.0
8.388700	69.112402966	162.833333	0.0	0.0
8.398400	69.272327126	162.800000	0.0	0.0
8.408200	69.434087672	162.800000	0.0	0.0
8.418000	69.569333524	162.766667	0.0	0.0
8.427700	69.729754368	162.766667	0.0	0.0
8.437500	69.865199740	162.733333	0.0	0.0
8.447300	70.027588262	162.700000	0.0	0.0
8.457000	70.215446389	162.700000	0.0	0.0
8.466800	70.378272466	162.666667	0.0	0.0
8.476600	70.541287117	162.633333	0.0	0.0
8.486300	70.702824052	162.600000	0.0	0.0
8.496100	70.866213927	162.600000	0.0	0.0
8.505900	71.029792377	162.600000	0.0	0.0
8.515600	71.191887356	162.566667	0.0	0.0
8.525400	71.328462467	162.533333	0.0	0.0
8.535200	71.492541735	162.500000	0.0	0.0
8.544900	71.655132351	162.500000	0.0	0.0
8.554700	71.819586699	162.500000	0.0	0.0
8.564500	72.011859820	162.500000	0.0	0.0
8.574200	72.175070889	162.466667	0.0	0.0
8.584000	72.340152159	162.466667	0.0	0.0
8.593800	72.477602358	162.400000	0.0	0.0
8.603500	72.641308636	162.400000	0.0	0.0
8.613300	72.806890148	162.366667	0.0	0.0
8.623000	72.970967679	162.333333	0.0	0.0
8.632800	73.136924271	162.300000	0.0	0.0
8.642600	73.303069364	162.300000	0.0	0.0
8.652300	73.467704726	162.300000	0.0	0.0
8.662100	73.634224900	162.300000	0.0	0.0
8.671900	73.800933576	162.233333	0.0	0.0
8.681600	73.966126769	162.200000	0.0	0.0
8.691400	74.133210524	162.200000	0.0	0.0
8.701200	74.300482782	162.200000	0.0	0.0
8.710900	74.466233806	162.200000	0.0	0.0
8.720700	74.633881144	162.133333	0.0	0.0
8.730500	74.801716983	162.100000	0.0	0.0
8.740200	74.968025838	162.100000	0.0	0.0
8.750000	75.136236757	162.100000	0.0	0.0
8.759800	75.304636179	162.100000	0.0	0.0
8.769500	75.471502865	162.033333	0.0	0.0
8.779300	75.640277366	162.033333	0.0	0.0
8.789100	75.809240369	162.000000	0.0	0.0
8.798800	75.976664887	162.000000	0.0	0.0
8.808600	76.146002970	161.933333	0.0	0.0
8.818400	76.315529555	161.933333	0.0	0.0
8.828100	76.483511903	161.933333	0.0	0.0
8.837900	76.653413568	161.900000	0.0	0.0
8.847700	76.823503735	161.900000	0.0	0.0
8.857400	76.992043914	161.866667	0.0	0.0
8.867200	77.162509161	161.833333	0.0	0.0
8.877000	77.333162910	161.833333	0.0	0.0
8.886700	77.502260920	161.833333	0.0	0.0
8.896500	77.673289749	161.800000	0.0	0.0
8.906300	77.844507080	161.766667	0.0	0.0
8.916000	78.014162921	161.733333	0.0	0.0
8.925800	78.185755332	161.733333	0.0	0.0
8.935500	78.325718053	161.733333	0.0	0.0
8.945300	78.497619561	161.700000	0.0	0.0
8.955100	78.669709499	161.666667	0.0	0.0
8.964800	78.840228973	161.633333	0.0	0.0
8.974600	79.012693847	161.633333	0.0	0.0
8.984400	79.185347150	161.633333	0.0	0.0
8.994100	79.356424241	161.600000	0.0	0.0
9.003900	79.529452481	161.566667	0.0	0.0
9.013700	79.702669150	161.533333	0.0	0.0
9.023400	79.843656841	161.533333	0.0	0.0
9.033200	80.017181841	161.533333	0.0	0.0
9.043000	80.190895199	161.466667	0.0	0.0
9.052700	80.363021454	161.466667	0.0	0.0
9.062500	80.537109604	161.466667	0.0	0.0
9.072300	80.711386111	161.433333	0.0	0.0
9.082000	80.884069770	161.400000	0.0	0.0
9.091800	81.058721069	161.366667	0.0	0.0
9.101600	81.233560725	161.366667	0.0	0.0
9.111300	81.406801787	161.366667	0.0	0.0
9.121100	81.582016235	161.333333	0.0	0.0
9.130900	81.757419041	161.300000	0.0	0.0
9.140600	81.931217506	161.300000	0.0	0.0
9.150400	82.106995104	161.266667	0.0	0.0
9.160200	82.282961059	161.266667	0.0	0.0
9.169900	82.457316927	161.233333	0.0	0.0
9.179700	82.633657674	161.200000	0.0	0.0
9.189500	82.810186779	161.200000	0.0	0.0
9.199200	82.985100050	161.166667	0.0	0.0
9.209000	83.162003947	161.166667	0.0	0.0
9.218800	83.339096201	161.133333	0.0	0.0
9.228500	83.514566875	161.100000	0.0	0.0
9.238300	83.692033922	161.100000	0.0	0.0
9.248000	83.867875564	161.100000	0.0	0.0
9.257800	84.045717403	161.066667	0.0	0.0
9.267600	84.223747599	161.033333	0.0	0.0
9.277300	84.400146644	161.000000	0.0	0.0
9.287100	84.513660101	161.000000	0.0	0.0
9.296900	84.692116423	161.000000	0.0	0.0
9.306600	84.868937105	160.933333	0.0	0.0
9.316400	85.015135907	160.900000	0.0	0.0
9.326200	85.194086259	160.900000	0.0	0.0
9.335900	85.371395857	160.900000	0.0	0.0
9.345700	85.550720570	160.900000	0.0	0.0
9.355500	85.730233424	160.900000	0.0	0.0
9.365200	85.974061998	160.833333	0.0	0.0
9.375000	86.087986999	160.800000	0.0	0.0
9.384800	86.268062354	160.800000	0.0	0.0
9.394500	86.446485476	160.800000	0.0	0.0
9.404300	86.626935192	160.800000	0.0	0.0
9.414100	86.807573048	160.700000	0.0	0.0
9.423800	86.986552932	160.700000	0.0	0.0
9.433600	87.167565150	160.700000	0.0	0.0
9.443400	87.348765508	160.700000	0.0	0.0
9.453100	87.528302153	160.700000	0.0	0.0
9.462900	87.709876872	160.600000	0.0	0.0
9.472700	87.891639732	160.600000	0.0	0.0
9.482400	88.071733139	160.600000	0.0	0.0
9.492200	88.253870359	160.600000	0.0	0.0
9.502000	88.436195721	160.566667	0.0	0.0
9.511700	88.616845889	160.500000	0.0	0.0
9.521500	88.731415591	160.500000	0.0	0.0
9.531300	88.914163135	160.500000	0.0	0.0
9.541000	89.095231038	160.500000	0.0	0.0
9.550800	89.278352656	160.466667	0.0	0.0
9.560500	89.494128867	160.400000	0.0	0.0
9.570300	89.677694993	160.400000	0.0	0.0
9.580100	89.861449186	160.400000	0.0	0.0
9.589800	90.008964690	160.400000	0.0	0.0
9.599600	90.193022453	160.366667	0.0	0.0
9.609400	90.377268211	160.333333	0.0	0.0
9.619100	90.559819039	160.300000	0.0	0.0
9.628900	90.744438872	160.300000	0.0	0.0
9.638700	90.929246700	160.300000	0.0	0.0
9.648400	91.112353863	160.266667	0.0	0.0
9.658200	91.297535765	160.233333	0.0	0.0
9.668000	91.447804537	160.200000	0.0	0.0
9.677700	91.631397564	160.200000	0.0	0.0
9.687500	91.817070268	160.200000	0.0	0.0
9.697300	92.002930896	160.166667	0.0	0.0
9.707000	92.187080045	160.166667	0.0	0.0
9.716800	92.373314603	160.100000	0.0	0.0
9.726600	92.559737085	160.100000	0.0	0.0
9.736300	92.744442355	160.066667	0.0	0.0
9.746100	92.931238767	160.066667	0.0	0.0
9.755900	93.118223104	160.066667	0.0	0.0
9.765600	93.267684829	160.000000	0.0	0.0
9.775400	93.419113418	159.966667	0.0	0.0
9.785200	93.606515717	159.966667	0.0	0.0
9.794900	93.792190664	159.966667	0.0	0.0
9.804700	93.979966606	159.966667	0.0	0.0
9.814500	94.167930328	159.933333	0.0	0.0
9.824200	94.354160969	159.900000	0.0	0.0
9.834000	94.542498334	159.866667	0.0	0.0
9.843800	94.731023480	159.866667	0.0	0.0
9.853500	94.917809815	159.866667	0.0	0.0
9.863300	95.106708604	159.833333	0.0	0.0
9.873000	95.293864769	159.833333	0.0	0.0
9.882800	95.483137202	159.766667	0.0	0.0
9.892600	95.672597414	159.766667	0.0	0.0
9.902300	95.860309274	159.766667	0.0	0.0
9.912100	96.050143129	159.733333	0.0	0.0
9.921900	96.240164765	159.666667	0.0	0.0
9.931600	96.428432319	159.666667	0.0	0.0
9.941400	96.618827598	159.666667	0.0	0.0
9.951200	96.809410656	159.666667	0.0	0.0
9.960900	96.998233905	159.633333	0.0	0.0
9.970700	97.189190607	159.600000	0.0	0.0
9.980500	97.380335089	159.566667	0.0	0.0
9.990200	97.569714032	159.566667	0.0	0.0
10.000000	97.761232157	159.566667	0.0	0.0
10.009800	97.952938062	159.500000	0.0	0.0
10.019500	98.142872699	159.500000	0.0	0.0
10.029300	98.334952248	159.466667	0.0	0.0
10.039100	98.489415612	159.466667	0.0	0.0
10.048800	98.679832855	159.466667	0.0	0.0
10.058600	98.872399912	159.400000	0.0	0.0
10.068400	99.065154677	159.400000	0.0	0.0
10.078100	99.256127401	159.366667	0.0	0.0
10.087900	99.449255665	159.366667	0.0	0.0
10.097700	99.642571638	159.300000	0.0	0.0
10.107400	99.795794442	159.300000	0.0	0.0
10.117200	99.989409598	159.300000	0.0	0.0
10.127000	100.183212389	159.300000	0.0	0.0
10.136700	100.375222375	159.266667	0.0	0.0
10.146500	100.569398523	159.233333	0.0	0.0
10.156300	100.763762307	159.200000	0.0	0.0
10.166000	100.956327560	159.200000	0.0	0.0
10.175800	101.151064701	159.200000	0.0	0.0
10.185500	101.343999502	159.166667	0.0	0.0
10.195300	101.539109999	159.133333	0.0	0.0
10.205100	101.734408132	159.133333	0.0	0.0
10.214800	101.927898201	159.100000	0.0	0.0
10.224600	102.123569691	159.100000	0.0	0.0
10.234400	102.319428816	159.066667	0.0	0.0
10.244100	102.513474153	159.033333	0.0	0.0
10.253900	102.709706635	159.000000	0.0	0.0
10.263700	102.906126754	159.000000	0.0	0.0
10.273400	103.100727358	159.000000	0.0	0.0
10.283200	103.297520833	158.933333	0.0	0.0
10.293000	103.494501944	158.933333	0.0	0.0
10.302700	103.649873074	158.900000	0.0	0.0
10.312500	103.847151818	158.900000	0.0	0.0
10.322300	104.084554387	158.900000	0.0	0.0
10.332000	104.280265527	158.833333	0.0	0.0
10.341800	104.478180987	158.833333	0.0	0.0
10.351600	104.676284083	158.800000	0.0	0.0
10.361300	104.872550492	158.800000	0.0	0.0
10.371100	105.071026944	158.800000	0.0	0.0
10.380900	105.269691032	158.766667	0.0	0.0
10.390600	105.466512709	158.733333	0.0	0.0
10.400400	105.584479962	158.700000	0.0	0.0
10.410200	105.783552190	158.700000	0.0	0.0
10.419900	105.980777701	158.700000	0.0	0.0
10.429700	106.180222999	158.666667	0.0	0.0
10.439500	106.379855790	158.666667	0.0	0.0
10.449200	106.577636142	158.633333	0.0	0.0
10.459000	106.777642003	158.600000	0.0	0.0
10.468800	106.977835355	158.600000	0.0	0.0
10.478500	107.176170550	158.566667	0.0	0.0
10.488300	107.376736972	158.566667	0.0	0.0
10.498000	107.575441431	158.533333	0.0	0.0
10.507800	107.776380923	158.500000	0.0	0.0
10.517600	107.977507908	158.466667	0.0	0.0
10.527300	108.176767208	158.466667	0.0	0.0
10.537100	108.378267263	158.466667	0.0	0.0
10.546900	108.579954810	158.466667	0.0	0.0
10.556600	108.779768952	158.400000	0.0	0.0
10.566400	108.981829569	158.366667	0.0	0.0
10.576200	109.225986657	158.366667	0.0	0.0
10.585900	109.426432550	158.366667	0.0	0.0
10.595700	109.587067841	158.333333	0.0	0.0
10.605500	109.747751173	158.300000	0.0	0.0
10.615200	109.948597907	158.266667	0.0	0.0
10.625000	110.151701689	158.266667	0.0	0.0
10.634800	110.354992891	158.266667	0.0	0.0
10.644500	110.429184743	158.266667	0.0	0.0
10.654300	110.632614530	158.266667	0.0	0.0
10.664100	110.836231521	158.266667	0.0	0.0
10.673800	111.165865924	158.166667	0.0	0.0
10.683600	111.370090400	158.166667	0.0	0.0
10.693400	111.574502296	158.166667	0.0	0.0
10.703100	111.777012917	158.066667	0.0	0.0
10.712900	111.981797740	158.066667	0.0	0.0
10.722700	112.143724979	158.066667	0.0	0.0
10.732400	112.346712315	158.066667	0.0	0.0
10.742200	112.551978696	158.066667	0.0	0.0
10.752000	112.757432425	158.033333	0.0	0.0
10.761700	112.960974177	157.966667	0.0	0.0
10.771500	113.166800690	157.966667	0.0	0.0
10.781300	113.372814551	157.966667	0.0	0.0
10.791000	113.576910720	157.933333	0.0	0.0
10.800800	113.783297365	157.933333	0.0	0.0
10.810500	113.987762514	157.866667	0.0	0.0
10.820300	114.194521943	157.866667	0.0	0.0
10.830100	114.401468720	157.866667	0.0	0.0
10.839800	114.606488285	157.833333	0.0	0.0
10.849600	114.813807846	157.833333	0.0	0.0
10.859400	115.021314755	157.766667	0.0	0.0
10.869100	115.226888736	157.766667	0.0	0.0
10.878900	115.434768429	157.766667	0.0	0.0
10.888700	115.642835470	157.733333	0.0	0.0
10.898400	115.804513715	157.700000	0.0	0.0
10.908200	116.012873563	157.666667	0.0	0.0
10.918000	116.221420688	157.666667	0.0	0.0
10.927700	116.428024200	157.666667	0.0	0.0
10.937500	116.636943965	157.633333	0.0	0.0
10.947300	116.846051007	157.633333	0.0	0.0
10.957000	117.053208722	157.600000	0.0	0.0
10.966800	117.262688405	157.566667	0.0	0.0
10.976600	117.472355364	157.533333	0.0	0.0
10.986300	117.680067283	157.533333	0.0	0.0
10.996100	117.844873562	157.533333	0.0	0.0
11.005900	118.055019776	157.500000	0.0	0.0
11.015600	118.217829514	157.466667	0.0	0.0
11.025400	118.473724700	157.433333	0.0	0.0
11.035200	118.684430616	157.433333	0.0	0.0
11.044900	118.893170820	157.433333	0.0	0.0
11.054700	119.058550059	157.433333	0.0	0.0
11.064500	119.269734616	157.333333	0.0	0.0
11.074200	119.478948507	157.333333	0.0	0.0
11.084000	119.690505419	157.333333	0.0	0.0
11.093800	119.902249464	157.333333	0.0	0.0
11.103500	120.112017134	157.333333	0.0	0.0
11.113300	120.324133534	157.266667	0.0	0.0
11.123000	120.488021898	157.233333	0.0	0.0
11.132800	120.700429123	157.233333	0.0	0.0
11.142600	120.913023409	157.233333	0.0	0.0
11.152300	121.123632572	157.233333	0.0	0.0
11.162100	121.336599070	157.166667	0.0	0.0
11.171900	121.549752629	157.133333	0.0	0.0
11.181600	121.714196845	157.133333	0.0	0.0
11.191400	121.927640688	157.133333	0.0	0.0
11.201200	122.141271520	157.133333	0.0	0.0
11.210900	122.352906581	157.066667	0.0	0.0
11.220700	122.566909482	157.033333	0.0	0.0
11.230500	122.781099372	157.033333	0.0	0.0
11.240200	122.993287788	157.033333	0.0	0.0
11.250000	123.207849747	157.000000	0.0	0.0
11.259800	123.422598695	156.966667	0.0	0.0
11.269500	123.635340464	156.966667	0.0	0.0
11.279300	123.850461482	156.933333	0.0	0.0
11.289100	124.065769488	156.933333	0.0	0.0
11.298800	124.231379907	156.900000	0.0	0.0
11.308600	124.446977229	156.866667	0.0	0.0
11.318400	124.710611751	156.866667	0.0	0.0
11.328100	124.924460226	156.833333	0.0	0.0
11.337900	125.140699361	156.800000	0.0	0.0
11.347700	125.357125483	156.800000	0.0	0.0
11.357400	125.523346704	156.766667	0.0	0.0
11.367200	125.740061713	156.766667	0.0	0.0
11.377000	125.956963638	156.766667	0.0	0.0
11.386700	126.171836345	156.700000	0.0	0.0
11.396500	126.389110197	156.700000	0.0	0.0
11.406300	126.606570967	156.666667	0.0	0.0
11.416000	126.773336413	156.666667	0.0	0.0
11.425800	126.991085528	156.600000	0.0	0.0
11.435500	127.157988663	156.600000	0.0	0.0
11.445300	127.376025872	156.600000	0.0	0.0
11.455100	127.594249855	156.600000	0.0	0.0
11.464800	127.810430986	156.566667	0.0	0.0
11.474600	128.029026610	156.566667	0.0	0.0
11.484400	128.247809008	156.500000	0.0	0.0
11.494100	128.464542856	156.500000	0.0	0.0
11.503900	128.683696895	156.466667	0.0	0.0
11.513700	128.903037707	156.466667	0.0	0.0
11.523400	129.120324273	156.433333	0.0	0.0
11.533200	129.340036727	156.400000	0.0	0.0
11.543000	129.559935954	156.366667	0.0	0.0
11.552700	129.777775236	156.366667	0.0	0.0
11.562500	129.998046105	156.366667	0.0	0.0
11.572300	130.218503747	156.333333	0.0	0.0
11.582000	130.436895746	156.300000	0.0	0.0
11.591800	130.657725030	156.300000	0.0	0.0
11.601600	130.878741087	156.266667	0.0	0.0
11.611300	131.097685803	156.233333	0.0	0.0
11.621100	131.319073501	156.233333	0.0	0.0
11.630900	131.540647973	156.233333	0.0	0.0
11.640600	131.709590283	156.200000	0.0	0.0
11.650400	131.880830386	156.166667	0.0	0.0
11.660200	132.102792845	156.133333	0.0	0.0
11.669900	132.322674165	156.133333	0.0	0.0
11.679700	132.545007980	156.133333	0.0	0.0
11.689500	132.767528426	156.100000	0.0	0.0
11.699200	132.987962038	156.066667	0.0	0.0
11.709000	133.210853840	156.033333	0.0	0.0
11.718800	133.433932272	156.033333	0.0	0.0
11.728500	133.654918177	156.033333	0.0	0.0
11.738300	133.878367965	156.000000	0.0	0.0
11.748000	134.099721437	155.933333	0.0	0.0
11.757800	134.323542582	155.933333	0.0	0.0
11.767600	134.547550357	155.933333	0.0	0.0
11.777300	134.769456122	155.933333	0.0	0.0
11.787100	134.993835253	155.933333	0.0	0.0
11.796900	135.218401014	155.833333	0.0	0.0
11.806600	135.440859071	155.833333	0.0	0.0
11.816400	135.665796189	155.833333	0.0	0.0
11.826200	135.890919937	155.833333	0.0	0.0
11.835900	136.113930287	155.833333	0.0	0.0
11.845700	136.339425391	155.766667	0.0	0.0
11.855500	136.565107126	155.733333	0.0	0.0
11.865200	136.788669769	155.733333	0.0	0.0
11.875000	137.014722859	155.733333	0.0	0.0
11.884800	137.240962580	155.733333	0.0	0.0
11.894500	137.465077516	155.666667	0.0	0.0
11.904300	137.691688593	155.633333	0.0	0.0
11.914100	137.918486300	155.633333	0.0	0.0
11.923800	138.143153529	155.633333	0.0	0.0
11.933600	138.370322592	155.600000	0.0	0.0
11.943400	138.597678286	155.600000	0.0	0.0
11.953100	138.822897807	155.533333	0.0	0.0
11.962900	139.050624857	155.533333	0.0	0.0
11.972700	139.278538538	155.500000	0.0	0.0
11.982400	139.504310352	155.500000	0.0	0.0
11.992200	139.625387806	155.433333	0.0	0.0
12.002000	139.853684181	155.433333	0.0	0.0
12.011700	140.079834645	155.433333	0.0	0.0
12.021500	140.308502092	155.400000	0.0	0.0
12.031300	140.537356026	155.400000	0.0	0.0
12.041000	140.764058358	155.400000	0.0	0.0
12.050800	140.993283363	155.333333	0.0	0.0
12.060500	141.220352980	155.300000	0.0	0.0
12.070300	141.449949057	155.300000	0.0	0.0
12.080100	141.679731621	155.300000	0.0	0.0
12.089800	141.907353107	155.300000	0.0	0.0
12.099600	142.137506742	155.233333	0.0	0.0
12.109400	142.367846864	155.200000	0.0	0.0
12.119100	142.596020219	155.200000	0.0	0.0
12.128900	142.826731413	155.200000	0.0	0.0
12.138700	143.057629093	155.200000	0.0	0.0
12.148400	143.286354317	155.133333	0.0	0.0
12.158200	143.517623069	155.100000	0.0	0.0
12.168000	143.749078308	155.100000	0.0	0.0
12.177700	143.978355401	155.100000	0.0	0.0
12.187500	144.154849627	155.100000	0.0	0.0
12.197300	144.331373562	155.100000	0.0	0.0
12.207000	144.561026192	155.000000	0.0	0.0
12.216800	144.793231768	155.000000	0.0	0.0
12.226600	145.025623687	155.000000	0.0	0.0
12.236300	145.255827763	155.000000	0.0	0.0
12.246100	145.488590469	155.000000	0.0	0.0
12.255900	145.721539520	154.933333	0.0	0.0
12.265600	145.952295040	154.900000	0.0	0.0
12.275400	146.129524838	154.900000	0.0	0.0
12.285200	146.475322256	154.900000	0.0	0.0
12.294900	146.706718007	154.833333	0.0	0.0
12.304700	146.940684746	154.800000	0.0	0.0
12.314500	147.061920376	154.800000	0.0	0.0
12.324200	147.293689826	154.800000	0.0	0.0
12.334000	147.528033975	154.800000	0.0	0.0
12.343800	147.762564395	154.766667	0.0	0.0
12.353500	147.994885080	154.733333	0.0	0.0
12.363300	148.229786145	154.700000	0.0	0.0
12.373000	148.462473691	154.700000	0.0	0.0
12.382800	148.697745400	154.666667	0.0	0.0
12.392600	148.933203382	154.666667	0.0	0.0
12.402300	149.166442163	154.633333	0.0	0.0
12.412100	149.402270789	154.600000	0.0	0.0
12.421900	149.580870891	154.600000	0.0	0.0
12.431600	149.872075702	154.566667	0.0	0.0
12.441400	150.050866046	154.566667	0.0	0.0
12.451200	150.345033061	154.533333	0.0	0.0
12.460900	150.521598426	154.533333	0.0	0.0
12.470700	150.758449973	154.500000	0.0	0.0
12.480500	150.995487721	154.466667	0.0	0.0
12.490200	151.172264444	154.466667	0.0	0.0
12.500000	151.409581603	154.433333	0.0	0.0
12.509800	151.647084892	154.433333	0.0	0.0
12.519500	151.940646159	154.366667	0.0	0.0
12.529300	152.178611112	154.366667	0.0	0.0
12.539100	152.416762267	154.366667	0.0	0.0
12.548800	152.652666669	154.333333	0.0	0.0
12.558600	152.891188325	154.300000	0.0	0.0
12.568400	153.129896183	154.266667	0.0	0.0
12.578100	153.307506387	154.266667	0.0	0.0
12.587900	153.546493015	154.266667	0.0	0.0
12.597700	153.785665772	154.233333	0.0	0.0
12.607400	154.022581282	154.200000	0.0	0.0
12.617200	154.262124399	154.166667	0.0	0.0
12.627000	154.501853646	154.166667	0.0	0.0
12.636700	154.679947951	154.166667	0.0	0.0
12.646500	154.979419574	154.133333	0.0	0.0
12.656300	155.219705310	154.100000	0.0	0.0
12.666000	155.457722442	154.100000	0.0	0.0
12.675800	155.638638541	154.066667	0.0	0.0
12.685500	155.817122282	154.066667	0.0	0.0
12.695300	156.057963815	154.000000	0.0	0.0
12.705100	156.298991335	154.000000	0.0	0.0
12.714800	156.537742540	154.000000	0.0	0.0
12.724600	156.718985460	153.966667	0.0	0.0
12.734400	156.960476349	153.966667	0.0	0.0
12.744100	157.199686124	153.900000	0.0	0.0
12.753900	157.441546947	153.900000	0.0	0.0
12.763700	157.683593685	153.900000	0.0	0.0
12.773400	157.923353638	153.866667	0.0	0.0
12.783200	158.165770310	153.833333	0.0	0.0
12.793000	158.408372898	153.800000	0.0	0.0
12.802700	158.587811027	153.800000	0.0	0.0
12.812500	158.830690322	153.800000	0.0	0.0
12.822300	159.073755461	153.800000	0.0	0.0
12.832000	159.314523353	153.766667	0.0	0.0
12.841800	159.557958284	153.733333	0.0	0.0
12.851600	159.801579059	153.700000	0.0	0.0
12.861300	160.042896917	153.700000	0.0	0.0
12.871100	160.286887483	153.700000	0.0	0.0
12.880900	160.531063894	153.633333	0.0	0.0
12.890600	160.772931719	153.633333	0.0	0.0
12.900400	161.017477922	153.600000	0.0	0.0
12.910200	161.262209969	153.600000	0.0	0.0
12.919900	161.504627759	153.566667	0.0	0.0
12.929700	161.749729598	153.533333	0.0	0.0
12.939500	161.995017281	153.533333	0.0	0.0
12.949200	162.175735855	153.500000	0.0	0.0
12.959000	162.421299073	153.500000	0.0	0.0
12.968800	162.667048065	153.466667	0.0	0.0
12.978500	162.910472352	153.466667	0.0	0.0
12.988300	163.156590993	153.433333	0.0	0.0
12.998000	163.400381159	153.400000	0.0	0.0
13.007800	163.646869450	153.400000	0.0	0.0
13.017600	163.893543514	153.366667	0.0	0.0
13.027300	164.137883434	153.366667	0.0	0.0
13.037100	164.258805461	153.333333	0.0	0.0
13.046900	164.505845265	153.300000	0.0	0.0
13.056600	164.750547053	153.300000	0.0	0.0
13.066400	164.997956224	153.266667	0.0	0.0
13.076200	165.245551024	153.266667	0.0	0.0
13.085900	165.490802146	153.233333	0.0	0.0
13.095700	165.738766313	153.200000	0.0	0.0
13.105500	165.986916110	153.200000	0.0	0.0
13.115200	166.232716565	153.166667	0.0	0.0
13.125000	166.481235729	153.166667	0.0	0.0
13.134800	166.729940522	153.133333	0.0	0.0
13.144500	166.976290311	153.100000	0.0	0.0
13.154300	167.161201678	153.066667	0.0	0.0
13.164100	167.410365830	153.066667	0.0	0.0
13.173800	167.657170219	153.066667	0.0	0.0
13.183600	167.906703596	153.066667	0.0	0.0
13.193400	168.156422531	153.033333	0.0	0.0
13.203100	168.403776043	152.966667	0.0	0.0
13.212900	168.653864203	152.966667	0.0	0.0
13.222700	168.904137922	152.966667	0.0	0.0
13.232400	169.152040557	152.933333	0.0	0.0
13.242200	169.402683500	152.900000	0.0	0.0
13.252000	169.588417553	152.866667	0.0	0.0
13.261700	169.836773982	152.866667	0.0	0.0
13.271500	170.087875327	152.866667	0.0	0.0
13.281300	170.339162160	152.833333	0.0	0.0
13.291000	170.588067501	152.766667	0.0	0.0
13.300800	170.839723417	152.766667	0.0	0.0
13.310500	171.088994074	152.766667	0.0	0.0
13.320300	171.341019073	152.766667	0.0	0.0
13.330100	171.593229560	152.733333	0.0	0.0
13.339800	171.843049129	152.733333	0.0	0.0
13.349600	172.095628699	152.666667	0.0	0.0
13.359400	172.348393757	152.666667	0.0	0.0
13.369100	172.598762238	152.633333	0.0	0.0
13.378900	172.851896379	152.633333	0.0	0.0
13.388700	173.105216008	152.633333	0.0	0.0
13.398400	173.356133401	152.633333	0.0	0.0
13.408200	173.609822113	152.566667	0.0	0.0
13.418000	173.863696312	152.533333	0.0	0.0
13.427700	174.115162617	152.533333	0.0	0.0
13.437500	174.369405900	152.500000	0.0	0.0
13.447300	174.623834670	152.466667	0.0	0.0
13.457000	174.875849887	152.433333	0.0	0.0
13.466800	175.130647740	152.433333	0.0	0.0
13.476600	175.318337272	152.433333	0.0	0.0
13.486300	175.570804494	152.400000	0.0	0.0
13.496100	175.826058942	152.366667	0.0	0.0
13.505900	176.013937998	152.333333	0.0	0.0
13.515600	176.266856842	152.333333	0.0	0.0
13.525400	176.522567497	152.333333	0.0	0.0
13.535200	176.778463497	152.333333	0.0	0.0
13.544900	177.031930832	152.300000	0.0	0.0
13.554700	177.288195631	152.233333	0.0	0.0
13.564500	177.544645777	152.233333	0.0	0.0
13.574200	177.798661602	152.233333	0.0	0.0
13.584000	178.055480548	152.200000	0.0	0.0
13.593800	178.312484838	152.166667	0.0	0.0
13.603500	178.567049155	152.133333	0.0	0.0
13.613300	178.824422245	152.133333	0.0	0.0
13.623000	179.079351598	152.133333	0.0	0.0
13.632800	179.337093488	152.133333	0.0	0.0
13.642600	179.595020724	152.066667	0.0	0.0
13.652300	179.850498568	152.033333	0.0	0.0
13.662100	180.108794604	152.033333	0.0	0.0
13.671900	180.367275985	152.033333	0.0	0.0
13.681600	180.623302319	152.033333	0.0	0.0
13.691400	180.812749727	151.966667	0.0	0.0
13.701200	181.071685864	151.966667	0.0	0.0
13.710900	181.328162244	151.933333	0.0	0.0
13.720700	181.587467039	151.933333	0.0	0.0
13.730500	181.916756850	151.900000	0.0	0.0
13.740200	182.103981769	151.866667	0.0	0.0
13.750000	182.363840498	151.866667	0.0	0.0
13.759800	182.553813441	151.833333	0.0	0.0
13.769500	182.741144589	151.800000	0.0	0.0
13.779300	183.001357452	151.800000	0.0	0.0
13.789100	183.261755448	151.766667	0.0	0.0
13.798800	183.519678630	151.766667	0.0	0.0
13.808600	183.780445001	151.733333	0.0	0.0
13.818400	184.041396504	151.700000	0.0	0.0
13.828100	184.299867546	151.700000	0.0	0.0
13.837900	184.561187424	151.666667	0.0	0.0
13.847700	184.822692436	151.633333	0.0	0.0
13.857400	185.081711337	151.600000	0.0	0.0
13.867200	185.343584723	151.600000	0.0	0.0
13.877000	185.605643242	151.600000	0.0	0.0
13.886700	185.865210003	151.566667	0.0	0.0
13.896500	186.127636897	151.566667	0.0	0.0
13.906300	186.390248924	151.566667	0.0	0.0
13.916000	186.650363544	151.500000	0.0	0.0
13.925800	186.913343946	151.500000	0.0	0.0
13.935500	187.173823183	151.466667	0.0	0.0
13.945300	187.437171961	151.466667	0.0	0.0
13.955100	187.700705871	151.433333	0.0	0.0
13.964800	187.961732967	151.433333	0.0	0.0
13.974600	188.225635253	151.400000	0.0	0.0
13.984400	188.345106967	151.400000	0.0	0.0
13.994100	188.606481234	151.366667	0.0	0.0
14.003900	188.870734128	151.333333	0.0	0.0
14.013700	189.135172012	151.333333	0.0	0.0
14.023400	189.324423842	151.300000	0.0	0.0
14.033200	189.661899695	151.300000	0.0	0.0
14.043000	189.926890662	151.233333	0.0	0.0
14.052700	190.189359807	151.233333	0.0	0.0
14.062500	190.454718867	151.233333	0.0	0.0
14.072300	190.720262917	151.233333	0.0	0.0
14.082000	190.983279502	151.200000	0.0	0.0
14.091800	191.175811137	151.133333	0.0	0.0
14.101600	191.441806171	151.133333	0.0	0.0
14.111300	191.631713567	151.133333	0.0	0.0
14.121100	192.045318028	151.100000	0.0	0.0
14.130900	192.311968244	151.100000	0.0	0.0
14.140600	192.502190086	151.066667	0.0	0.0
14.150400	192.695142257	151.033333	0.0	0.0
14.160200	192.962140549	151.033333	0.0	0.0
14.169900	193.226596397	151.000000	0.0	0.0
14.179700	193.493962499	150.966667	0.0	0.0
14.189500	193.761513449	150.933333	0.0	0.0
14.199200	194.026516317	150.933333	0.0	0.0
14.209000	194.219886138	150.933333	0.0	0.0
14.218800	194.487886878	150.866667	0.0	0.0
14.228500	194.753334876	150.866667	0.0	0.0
14.238300	195.021703286	150.833333	0.0	0.0
14.248000	195.287515201	150.833333	0.0	0.0
14.257800	195.556251280	150.833333	0.0	0.0
14.267600	195.825172136	150.800000	0.0	0.0
14.277300	196.091530861	150.766667	0.0	0.0
14.287100	196.360819386	150.766667	0.0	0.0
14.296900	196.630292689	150.733333	0.0	0.0
14.306600	196.897198223	150.700000	0.0	0.0
14.316400	197.091388065	150.700000	0.0	0.0
14.326200	197.361310208	150.700000	0.0	0.0
14.335900	197.628659933	150.666667	0.0	0.0
14.345700	197.898949604	150.633333	0.0	0.0
14.355500	198.017381684	150.600000	0.0	0.0
14.365200	198.285072470	150.600000	0.0	0.0
14.375000	198.631919768	150.600000	0.0	0.0
14.384800	198.902842390	150.566667	0.0	0.0
14.394500	199.171182315	150.533333	0.0	0.0
14.404300	199.365948132	150.500000	0.0	0.0
14.414100	199.713946970	150.500000	0.0	0.0
14.423800	199.906101761	150.500000	0.0	0.0
14.433600	200.177839490	150.466667	0.0	0.0
14.443400	200.449761784	150.433333	0.0	0.0
14.453100	200.796134690	150.400000	0.0	0.0
14.462900	201.068528745	150.400000	0.0	0.0
14.472700	201.263854755	150.400000	0.0	0.0
14.482400	201.533730261	150.333333	0.0	0.0
14.492200	201.806571612	150.300000	0.0	0.0
14.502000	202.079597528	150.300000	0.0	0.0
14.511700	202.272379424	150.300000	0.0	0.0
14.521500	202.545667687	150.300000	0.0	0.0
14.531300	202.819140445	150.266667	0.0	0.0
14.541000	203.090004344	150.200000	0.0	0.0
14.550800	203.363844207	150.200000	0.0	0.0
14.560500	203.635071466	150.200000	0.0	0.0
14.570300	203.909278434	150.200000	0.0	0.0
14.580100	204.183669896	150.166667	0.0	0.0
14.589800	204.455443125	150.100000	0.0	0.0
14.599600	204.730201693	150.100000	0.0	0.0
14.609400	205.005144755	150.100000	0.0	0.0
14.619100	205.198700931	150.100000	0.0	0.0
14.628900	205.473905464	150.066667	0.0	0.0
14.638700	205.749294420	150.000000	0.0	0.0
14.648400	206.022054895	150.000000	0.0	0.0
14.658200	206.297810815	150.000000	0.0	0.0
14.668000	206.573751159	149.966667	0.0	0.0
14.677700	206.847057395	149.966667	0.0	0.0
14.687500	207.123364703	149.900000	0.0	0.0
14.697300	207.399856435	149.900000	0.0	0.0
14.707000	207.673708432	149.866667	0.0	0.0
14.716800	207.950567128	149.866667	0.0	0.0
14.726600	208.227610247	149.866667	0.0	0.0
14.736300	208.502008005	149.866667	0.0	0.0
14.746100	208.779418089	149.800000	0.0	0.0
14.755900	209.057012596	149.766667	0.0	0.0
14.765600	209.251637421	149.766667	0.0	0.0
14.775400	209.529492241	149.766667	0.0	0.0
14.785200	209.807531414	149.766667	0.0	0.0
14.794900	210.082914992	149.733333	0.0	0.0
14.804700	210.361320988	149.666667	0.0	0.0
14.814500	210.639911337	149.666667	0.0	0.0
14.824200	210.915840467	149.666667	0.0	0.0
14.834000	211.194797639	149.666667	0.0	0.0
14.843800	211.473939163	149.566667	0.0	0.0
14.853500	211.750413845	149.566667	0.0	0.0
14.863300	211.867245652	149.566667	0.0	0.0
14.873000	212.225299858	149.566667	0.0	0.0
14.882800	212.505067644	149.533333	0.0	0.0
14.892600	212.866694652	149.466667	0.0	0.0
14.902300	213.144077967	149.466667	0.0	0.0
14.912100	213.342615348	149.466667	0.0	0.0
14.921900	213.623118381	149.466667	0.0	0.0
14.931600	213.900940609	149.433333	0.0	0.0
14.941400	214.181810324	149.400000	0.0	0.0
14.951200	214.462864322	149.366667	0.0	0.0
14.960900	214.576475141	149.366667	0.0	0.0
14.970700	214.857679906	149.333333	0.0	0.0
14.980500	215.139068811	149.333333	0.0	0.0
14.990200	215.417767732	149.300000	0.0	0.0
15.000000	215.699523038	149.266667	0.0	0.0
15.009800	215.981462485	149.266667	0.0	0.0
15.019500	216.177729140	149.233333	0.0	0.0
15.029300	216.459926671	149.233333	0.0	0.0
15.039100	216.659146294	149.200000	0.0	0.0
15.048800	216.938720400	149.200000	0.0	0.0
15.058600	217.221359774	149.133333	0.0	0.0
15.068400	217.420728845	149.133333	0.0	0.0
15.078100	217.700739978	149.133333	0.0	0.0
15.087900	217.900182481	149.100000	0.0	0.0
15.097700	218.099623673	149.100000	0.0	0.0
15.107400	218.379963852	149.033333	0.0	0.0
15.117200	218.663376985	149.033333	0.0	0.0
15.127000	218.862966019	149.000000	0.0	0.0
15.136700	218.975607799	149.000000	0.0	0.0
15.146500	219.259243682	148.933333	0.0	0.0
15.156300	219.543063142	148.933333	0.0	0.0
15.166000	219.824167260	148.933333	0.0	0.0
15.175800	220.023898502	148.933333	0.0	0.0
15.185500	220.220727130	148.900000	0.0	0.0
15.195300	220.420453121	148.866667	0.0	0.0
15.205100	220.704859090	148.866667	0.0	0.0
15.214800	220.901753076	148.833333	0.0	0.0
15.224600	221.016712926	148.833333	0.0	0.0
15.234400	221.301339241	148.800000	0.0	0.0
15.244100	221.583241565	148.766667	0.0	0.0
15.253900	221.612944060	148.766667	0.0	0.0
15.263700	221.897789837	148.733333	0.0	0.0
15.273400	221.924262294	148.733333	0.0	0.0
15.283200	222.209143919	148.700000	0.0	0.0
15.293000	222.494208277	148.666667	0.0	0.0
15.302700	222.776543759	148.666667	0.0	0.0
15.312500	222.805309906	148.633333	0.0	0.0
15.322300	222.919429301	148.600000	0.0	0.0
15.332000	223.116122865	148.600000	0.0	0.0
15.341800	223.230038277	148.566667	0.0	0.0
15.351600	223.429557396	148.566667	0.0	0.0
15.361300	223.540357769	148.566667	0.0	0.0
15.371100	223.739791625	148.500000	0.0	0.0
15.380900	223.853297989	148.466667	0.0	0.0
15.390600	224.049735452	148.466667	0.0	0.0
15.400400	224.163037131	148.466667	0.0	0.0
15.410200	224.362300165	148.400000	0.0	0.0
15.419900	224.386357098	148.400000	0.0	0.0
15.429700	224.499286098	148.400000	0.0	0.0
15.439500	224.698305333	148.366667	0.0	0.0
15.449200	224.980731348	148.300000	0.0	0.0
15.459000	225.007050986	148.300000	0.0	0.0
15.468800	225.119569086	148.266667	0.0	0.0
15.478500	225.056249062	148.300000	0.0	0.0
15.488300	225.168432334	148.266667	0.0	0.0
15.498000	225.191147070	148.233333	0.0	0.0
15.507800	225.216592198	148.233333	0.0	0.0
15.517600	225.241860301	148.200000	0.0	0.0
15.527300	225.437012931	148.200000	0.0	0.0
15.537100	225.461948126	148.166667	0.0	0.0
15.546900	225.486706662	148.133333	0.0	0.0
15.556600	225.508389498	148.133333	0.0	0.0
15.566400	225.446261927	148.100000	0.0	0.0
15.576200	225.470483705	148.066667	0.0	0.0
15.585900	225.578188240	148.033333	0.0	0.0
15.595700	225.515507636	148.033333	0.0	0.0
15.605500	225.452666404	148.033333	0.0	0.0
15.615200	225.473290114	148.033333	0.0	0.0
15.625000	225.496628032	148.000000	0.0	0.0
15.634800	225.519790936	147.933333	0.0	0.0
15.644500	225.539895672	147.933333	0.0	0.0
15.654300	225.389651209	147.933333	0.0	0.0
15.664100	225.325785661	147.933333	0.0	0.0
15.673800	225.345350403	147.866667	0.0	0.0
15.683600	225.367618133	147.833333	0.0	0.0
15.693400	225.130371881	147.833333	0.0	0.0
15.703100	225.149399360	147.833333	0.0	0.0
15.712900	225.171122671	147.833333	0.0	0.0
15.722700	224.933559423	147.766667	0.0	0.0
15.732400	224.952052366	147.733333	0.0	0.0
15.742200	224.714373028	147.733333	0.0	0.0
15.752000	224.476770828	147.733333	0.0	0.0
15.761700	224.408574789	147.733333	0.0	0.0
15.771500	224.170950835	147.700000	0.0	0.0
15.781300	224.019359688	147.700000	0.0	0.0
15.791000	223.778968202	147.666667	0.0	0.0
15.800800	223.627299148	147.633333	0.0	0.0
15.810500	223.472734061	147.600000	0.0	0.0
15.820300	223.320930900	147.533333	0.0	0.0
15.830100	223.083431726	147.566667	0.0	0.0
15.839800	222.843200595	147.566667	0.0	0.0
15.849600	222.605870173	147.533333	0.0	0.0
15.859400	222.539362223	147.500000	0.0	0.0
15.869100	222.299213979	147.500000	0.0	0.0
15.878900	221.976752810	147.500000	0.0	0.0
15.888700	221.484529624	147.433333	0.0	0.0
15.898400	221.245020905	147.433333	0.0	0.0
15.908200	221.093216563	147.400000	0.0	0.0
15.918000	220.771834996	147.400000	0.0	0.0
15.927700	220.363401547	147.400000	0.0	0.0
15.937500	219.958320807	147.366667	0.0	0.0
15.947300	219.638091735	147.300000	0.0	0.0
15.957000	219.399595939	147.300000	0.0	0.0
15.966800	219.079851249	147.300000	0.0	0.0
15.976600	218.592567322	147.200000	0.0	0.0
15.986300	218.187190824	147.200000	0.0	0.0
15.996100	217.868722869	147.200000	0.0	0.0
16.005900	217.467084349	147.200000	0.0	0.0
16.015600	216.980027698	147.200000	0.0	0.0
16.025400	216.662836048	147.200000	0.0	0.0
16.035200	216.179958329	147.133333	0.0	0.0
16.044900	215.778099035	147.100000	0.0	0.0
16.054700	215.214265929	147.100000	0.0	0.0
16.064500	214.734137631	147.066667	0.0	0.0
16.074200	214.252255199	147.066667	0.0	0.0
16.084000	213.773956672	147.066667	0.0	0.0
16.093800	213.296567531	147.033333	0.0	0.0
16.103500	212.817443517	147.000000	0.0	0.0
16.113300	212.260403693	147.000000	0.0	0.0
16.123000	211.620811109	147.000000	0.0	0.0
16.132800	211.066592902	146.966667	0.0	0.0
16.142600	210.513670787	146.900000	0.0	0.0
16.152300	210.040032994	146.866667	0.0	0.0
16.162100	209.409113899	146.833333	0.0	0.0
16.171900	208.779936438	146.800000	0.0	0.0
16.181600	208.229819619	146.833333	0.0	0.0
16.191400	207.603882181	146.833333	0.0	0.0
16.201200	206.900258510	146.800000	0.0	0.0
16.210900	205.959069089	146.833333	0.0	0.0
16.220700	205.418325314	146.800000	0.0	0.0
16.230500	204.721661691	146.766667	0.0	0.0
16.240200	204.338129389	146.766667	0.0	0.0
16.250000	203.566697300	146.666667	0.0	0.0
16.259800	202.875871616	146.666667	0.0	0.0
16.269500	201.952118116	146.666667	0.0	0.0
16.279300	201.112062432	146.666667	0.0	0.0
16.289100	200.429131973	146.633333	0.0	0.0
16.298800	199.822594973	146.600000	0.0	0.0
16.308600	199.220195473	146.566667	0.0	0.0
16.318400	198.390931037	146.566667	0.0	0.0
16.328100	197.638388017	146.500000	0.0	0.0
16.337900	196.739909400	146.500000	0.0	0.0
16.347700	195.920547267	146.433333	0.0	0.0
16.357400	195.176959358	146.433333	0.0	0.0
16.367200	194.289253071	146.333333	0.0	0.0
16.377000	193.405445585	146.366667	0.0	0.0
16.386700	192.523170836	146.333333	0.0	0.0
16.396500	191.867893154	146.433333	0.0	0.0
16.406300	190.994691785	146.400000	0.0	0.0
16.416000	190.123012407	146.400000	0.0	0.0
16.425800	189.039718161	146.366667	0.0	0.0
16.435500	188.176697072	146.333333	0.0	0.0
16.445300	187.247890695	146.300000	0.0	0.0
16.455100	186.395054429	146.266667	0.0	0.0
16.464800	185.472525653	146.233333	0.0	0.0
16.474600	184.415077013	146.212833	0.0	0.0
16.484400	183.433909377	146.192333	0.0	0.0
16.494100	182.455620621	146.171833	0.0	0.0
16.503900	181.693685243	146.151333	0.0	0.0
16.513700	180.795984801	146.130833	0.0	0.0
16.523400	179.624469922	146.110333	0.0	0.0
16.533200	178.531082698	146.089833	0.0	0.0
16.543000	177.648634172	146.069333	0.0	0.0
16.552700	176.768287538	146.048833	0.0	0.0
16.562500	175.826817718	146.028333	0.0	0.0
16.572300	174.621979226	146.007833	0.0	0.0
16.582000	173.556342095	145.987333	0.0	0.0
16.591800	172.631618152	145.966833	0.0	0.0
16.601600	171.579958375	145.946333	0.0	0.0
16.611300	170.532533169	145.925833	0.0	0.0
16.621100	169.233443538	145.905333	0.0	0.0
16.630900	168.073084762	145.884833	0.0	0.0
16.640600	167.110842725	145.864333	0.0	0.0
16.650400	165.964808479	145.843833	0.0	0.0
16.660200	165.016392278	145.823333	0.0	0.0
16.669900	163.882528450	145.802833	0.0	0.0
16.679700	162.758297002	145.782333	0.0	0.0
16.689500	161.641666163	145.761833	0.0	0.0
16.699200	160.530662836	145.741333	0.0	0.0
16.709000	159.429096424	145.720833	0.0	0.0
16.718800	158.092113340	145.700333	0.0	0.0
16.728500	156.884727615	145.679833	0.0	0.0
16.738300	155.807859609	145.659333	0.0	0.0
16.748000	154.795823085	145.638833	0.0	0.0
16.757800	153.674097941	145.618333	0.0	0.0
16.767600	152.443347501	145.597833	0.0	0.0
16.777300	151.220547939	145.577333	0.0	0.0
16.787100	150.182047749	145.556833	0.0	0.0
16.796900	148.978960611	145.536333	0.0	0.0
16.806600	147.953892174	145.515833	0.0	0.0
16.816400	146.768455767	145.495333	0.0	0.0
16.826200	145.760134419	145.474833	0.0	0.0
16.835900	144.423990869	145.454333	0.0	0.0
16.845700	142.991906872	145.433833	0.0	0.0
16.855500	141.791418250	145.413333	0.0	0.0
16.865200	140.653213247	145.392833	0.0	0.0
16.875000	139.525706305	145.372333	0.0	0.0
16.884800	137.771221283	145.351833	0.0	0.0
16.894500	136.665014888	145.331333	0.0	0.0
16.904300	135.413215129	145.310833	0.0	0.0
16.914100	134.533710735	145.290333	0.0	0.0
16.923800	133.248532688	145.269833	0.0	0.0
16.933600	132.027761582	145.249333	0.0	0.0
16.943400	130.968783696	145.228833	0.0	0.0
16.953100	129.817003665	145.208333	0.0	0.0
16.962900	128.726176664	145.187833	0.0	0.0
16.972700	127.448639333	145.167333	0.0	0.0
16.982400	126.133795768	145.146833	0.0	0.0
16.992200	124.786007250	145.126333	0.0	0.0
17.002000	123.547327946	145.105833	0.0	0.0
17.011700	122.413344623	145.085333	0.0	0.0
17.021500	121.291115884	145.064833	0.0	0.0
17.031300	120.040813863	145.044333	0.0	0.0
17.041000	118.801927315	145.023833	0.0	0.0
17.050800	117.441841915	145.003333	0.0	0.0
17.060500	116.095889544	144.982833	0.0	0.0
17.070300	115.031197420	144.962333	0.0	0.0
17.080100	113.845049808	144.941833	0.0	0.0
17.089800	112.669740443	144.921333	0.0	0.0
17.099600	111.379492836	144.900833	0.0	0.0
17.109400	110.230783139	144.880333	0.0	0.0
17.119100	108.967049336	144.859833	0.0	0.0
17.128900	107.843079592	144.839333	0.0	0.0
17.138700	106.607825986	144.818833	0.0	0.0
17.148400	105.385423174	144.798333	0.0	0.0
17.158200	104.058313968	144.777833	0.0	0.0
17.168000	102.984708150	144.757333	0.0	0.0
17.177700	101.842728816	144.736833	0.0	0.0
17.187500	100.869241634	144.716333	0.0	0.0
17.197300	99.675219682	144.695833	0.0	0.0
17.207000	98.494122967	144.675333	0.0	0.0
17.216800	97.216101731	144.654833	0.0	0.0
17.226600	95.880981797	144.634333	0.0	0.0
17.236300	94.671971719	144.613833	0.0	0.0
17.246100	93.515112354	144.593333	0.0	0.0
17.255900	92.372329763	144.572833	0.0	0.0
17.265600	91.277418812	144.552333	0.0	0.0
17.275400	90.161865841	144.531833	0.0	0.0
17.285200	89.025717916	144.511333	0.0	0.0
17.294900	87.666993018	144.490833	0.0	0.0
17.304700	86.562172821	144.470333	0.0	0.0
17.314500	85.536848026	144.449833	0.0	0.0
17.324200	84.555081206	144.429333	0.0	0.0
17.334000	83.425263001	144.408833	0.0	0.0
17.343800	82.405306740	144.388333	0.0	0.0
17.353500	81.240794180	144.367833	0.0	0.0
17.363300	80.124353426	144.347333	0.0	0.0
17.373000	78.931369718	144.326833	0.0	0.0
17.382800	77.846567288	144.306333	0.0	0.0
17.392600	76.717719531	144.285833	0.0	0.0
17.402300	75.662374947	144.265333	0.0	0.0
17.412100	74.765683064	144.244833	0.0	0.0
17.421900	73.681371276	144.224333	0.0	0.0
17.431600	72.500528098	144.203833	0.0	0.0
17.441400	71.421563183	144.183333	0.0	0.0
17.451200	70.493746361	144.162833	0.0	0.0
17.460900	69.363859553	144.142333	0.0	0.0
17.470700	68.331446208	144.121833	0.0	0.0
17.480500	67.236903043	144.101333	0.0	0.0
17.490200	66.387994801	144.080833	0.0	0.0
17.500000	65.324500465	144.060333	0.0	0.0
17.509800	64.302674660	144.039833	0.0	0.0
17.519500	63.320365757	144.019333	0.0	0.0
17.529300	62.305896223	143.998833	0.0	0.0
17.539100	61.378265081	143.978333	0.0	0.0
17.548800	60.324655283	143.957833	0.0	0.0
17.558600	59.403646364	143.937333	0.0	0.0
17.568400	58.541577620	143.916833	0.0	0.0
17.578100	57.602835434	143.896333	0.0	0.0
17.587900	56.679756438	143.875833	0.0	0.0
17.597700	55.579139611	143.855333	0.0	0.0
17.607400	54.666817850	143.834833	0.0	0.0
17.617200	53.790688455	143.814333	0.0	0.0
17.627000	52.948883766	143.793833	0.0	0.0
17.636700	52.219734000	143.773333	0.0	0.0
17.646500	51.303913451	143.752833	0.0	0.0
17.656300	50.384783726	143.732333	0.0	0.0
17.666000	49.386674731	143.711833	0.0	0.0
17.675800	48.557705614	143.691333	0.0	0.0
17.685500	47.723763536	143.670833	0.0	0.0
17.695300	46.994733720	143.650333	0.0	0.0
17.705100	46.028847555	143.629833	0.0	0.0
17.714800	45.220897099	143.609333	0.0	0.0
17.724600	44.410556920	143.588833	0.0	0.0
17.734400	43.732032904	143.568333	0.0	0.0
17.744100	42.898418928	143.547833	0.0	0.0
17.753900	42.048858004	143.527333	0.0	0.0
17.763700	41.247743347	143.506833	0.0	0.0
17.773400	40.585823595	143.486333	0.0	0.0
17.783200	39.827816025	143.465833	0.0	0.0
17.793000	38.979089543	143.445333	0.0	0.0
17.802700	38.221267070	143.424833	0.0	0.0
17.812500	37.435452588	143.404333	0.0	0.0
17.822300	36.778513006	143.383833	0.0	0.0
17.832000	36.077251527	143.363333	0.0	0.0
17.841800	35.416909922	143.342833	0.0	0.0
17.851600	34.728628094	143.322333	0.0	0.0
17.861300	33.961963949	143.301833	0.0	0.0
17.871100	33.301917196	143.281333	0.0	0.0
17.880900	32.667212835	143.260833	0.0	0.0
17.890600	32.044227888	143.240333	0.0	0.0
17.900400	31.373199047	143.219833	0.0	0.0
17.910200	30.775199089	143.199333	0.0	0.0
17.919900	30.141937404	143.178833	0.0	0.0
17.929700	29.522018361	143.158333	0.0	0.0
17.939500	28.804079588	143.137833	0.0	0.0
17.949200	28.135643995	143.117333	0.0	0.0
17.959000	27.578097387	143.096833	0.0	0.0
17.968800	27.010843689	143.076333	0.0	0.0
17.978500	26.485422718	143.055833	0.0	0.0
17.988300	25.890885881	143.035333	0.0	0.0
17.998000	25.328831895	143.014833	0.0	0.0
18.007800	24.836362152	142.994333	0.0	0.0
18.017600	24.260172371	142.973833	0.0	0.0
18.027300	23.488829320	142.953333	0.0	0.0
18.037100	22.899891579	142.932833	0.0	0.0
18.046900	22.402950729	142.912333	0.0	0.0
18.056600	22.144809816	142.891833	0.0	0.0
18.066400	21.639301753	142.871333	0.0	0.0
18.076200	21.145320672	142.850833	0.0	0.0
18.085900	20.614853387	142.830333	0.0	0.0
18.095700	20.144234821	142.809833	0.0	0.0
18.105500	19.661699104	142.789333	0.0	0.0
18.115200	19.197864987	142.768833	0.0	0.0
18.125000	18.730787226	142.748333	0.0	0.0
18.134800	18.324221830	142.727833	0.0	0.0
18.144500	17.905646658	142.707333	0.0	0.0
18.154300	17.496815640	142.686833	0.0	0.0
18.164100	17.038359147	142.666333	0.0	0.0
18.173800	16.598091541	142.645833	0.0	0.0
18.183600	16.175575406	142.625333	0.0	0.0
18.193400	15.824417628	142.604833	0.0	0.0
18.203100	15.641943392	142.584333	0.0	0.0
18.212900	15.232044721	142.563833	0.0	0.0
18.222700	14.855665691	142.543333	0.0	0.0
18.232400	14.344574834	142.522833	0.0	0.0
18.242200	13.984740939	142.502333	0.0	0.0
18.252000	13.607789636	142.481833	0.0	0.0
18.261700	13.185069033	142.461333	0.0	0.0
18.271500	12.829657752	142.440833	0.0	0.0
18.281300	12.479029685	142.420333	0.0	0.0
18.291000	12.137844410	142.399833	0.0	0.0
18.300800	11.860604284	142.379333	0.0	0.0
18.310500	11.536314148	142.358833	0.0	0.0
18.320300	11.246873977	142.338333	0.0	0.0
18.330100	10.910123545	142.317833	0.0	0.0
18.339800	10.624027607	142.297333	0.0	0.0
18.349600	10.337603478	142.276833	0.0	0.0
18.359400	10.055036112	142.256333	0.0	0.0
18.369100	9.802625779	142.235833	0.0	0.0
18.378900	9.534670652	142.215333	0.0	0.0
18.388700	9.263363831	142.194833	0.0	0.0
18.398400	8.968643884	142.174333	0.0	0.0
18.408200	8.693393038	142.153833	0.0	0.0
18.418000	8.471980301	142.133333	0.0	0.0
18.427700	8.252944669	142.112833	0.0	0.0
18.437500	7.981246668	142.092333	0.0	0.0
18.447300	7.736281923	142.071833	0.0	0.0
18.457000	7.495873079	142.051333	0.0	0.0
18.466800	7.302136686	142.030833	0.0	0.0
18.476600	7.078003620	142.010333	0.0	0.0
18.486300	6.863305434	141.989833	0.0	0.0
18.496100	6.680777318	141.969333	0.0	0.0
18.505900	6.483165209	141.948833	0.0	0.0
18.515600	6.284087834	141.928333	0.0	0.0
18.525400	6.084177206	141.907833	0.0	0.0
18.535200	5.897408614	141.887333	0.0	0.0
18.544900	5.709731135	141.866833	0.0	0.0
18.554700	5.515368577	141.846333	0.0	0.0
18.564500	5.333756441	141.825833	0.0	0.0
18.574200	5.177898924	141.805333	0.0	0.0
18.584000	5.011238357	141.784833	0.0	0.0
18.593800	4.851800972	141.764333	0.0	0.0
18.603500	4.699186165	141.743833	0.0	0.0
18.613300	4.553165337	141.723333	0.0	0.0
18.623000	4.403175069	141.702833	0.0	0.0
18.632800	4.233727596	141.682333	0.0	0.0
18.642600	4.084883070	141.661833	0.0	0.0
18.652300	3.942739803	141.641333	0.0	0.0
18.662100	3.821680337	141.620833	0.0	0.0
18.671900	3.707180160	141.600333	0.0	0.0
18.681600	3.586422672	141.579833	0.0	0.0
18.691400	3.470965763	141.559333	0.0	0.0
18.701200	3.343789653	141.538833	0.0	0.0
18.710900	3.224947795	141.518333	0.0	0.0
18.720700	3.100826742	141.497833	0.0	0.0
18.730500	2.995243090	141.477333	0.0	0.0
18.740200	2.888784263	141.456833	0.0	0.0
18.750000	2.782931676	141.436333	0.0	0.0
18.759800	2.674790311	141.415833	0.0	0.0
18.769500	2.589636100	141.395333	0.0	0.0
18.779300	2.493783802	141.374833	0.0	0.0
18.789100	2.407014034	141.354333	0.0	0.0
18.798800	2.304589550	141.333833	0.0	0.0
18.808600	2.219284301	141.313333	0.0	0.0
18.818400	2.133857389	141.292833	0.0	0.0
18.828100	2.058004528	141.272333	0.0	0.0
18.837900	1.976506776	141.251833	0.0	0.0
18.847700	1.904802947	141.231333	0.0	0.0
18.857400	1.837794553	141.210833	0.0	0.0
18.867200	1.771121029	141.190333	0.0	0.0
18.877000	1.699023105	141.169833	0.0	0.0
18.886700	1.620486798	141.149333	0.0	0.0
18.896500	1.555115835	141.128833	0.0	0.0
18.906300	1.498119383	141.108333	0.0	0.0
18.916000	1.460467658	141.087833	0.0	0.0
18.925800	1.401549667	141.067333	0.0	0.0
18.935500	1.337786743	141.046833	0.0	0.0
18.945300	1.265230464	141.026333	0.0	0.0
18.955100	1.214186761	141.005833	0.0	0.0
18.964800	1.162955778	140.985333	0.0	0.0
18.974600	1.109631028	140.964833	0.0	0.0
18.984400	1.064046037	140.944333	0.0	0.0
18.994100	1.021889900	140.923833	0.0	0.0
19.003900	0.978029917	140.903333	0.0	0.0
19.013700	0.938209749	140.882833	0.0	0.0
19.023400	0.895178438	140.862333	0.0	0.0
19.033200	0.861701712	140.841833	0.0	0.0
19.043000	0.816840761	140.821333	0.0	0.0
19.052700	0.780272663	140.800833	0.0	0.0
19.062500	0.741355272	140.780333	0.0	0.0
19.072300	0.708716927	140.759833	0.0	0.0
19.082000	0.681419331	140.739333	0.0	0.0
19.091800	0.652419729	140.718833	0.0	0.0
19.101600	0.617977732	140.698333	0.0	0.0
19.111300	0.584674016	140.677833	0.0	0.0
19.121100	0.555937213	140.657333	0.0	0.0
19.130900	0.536789654	140.636833	0.0	0.0
19.140600	0.513347079	140.616333	0.0	0.0
19.150400	0.489240460	140.595833	0.0	0.0
19.160200	0.462523080	140.575333	0.0	0.0
19.169900	0.436421725	140.554833	0.0	0.0
19.179700	0.413698189	140.534333	0.0	0.0
19.189500	0.394572958	140.513833	0.0	0.0
19.199200	0.377774755	140.493333	0.0	0.0
19.209000	0.359481198	140.472833	0.0	0.0
19.218800	0.339979346	140.452333	0.0	0.0
19.228500	0.322892145	140.431833	0.0	0.0
19.238300	0.306549105	140.411333	0.0	0.0
19.248000	0.290583680	140.390833	0.0	0.0
19.257800	0.275241138	140.370333	0.0	0.0
19.267600	0.259610295	140.349833	0.0	0.0
19.277300	0.245334756	140.329333	0.0	0.0
19.287100	0.232024510	140.308833	0.0	0.0
19.296900	0.219520505	140.288333	0.0	0.0
19.306600	0.206575239	140.267833	0.0	0.0
19.316400	0.194171602	140.247333	0.0	0.0
19.326200	0.183495861	140.226833	0.0	0.0
19.335900	0.173604955	140.206333	0.0	0.0
19.345700	0.163306034	140.185833	0.0	0.0
19.355500	0.153676970	140.165333	0.0	0.0
19.365200	0.144947470	140.144833	0.0	0.0
19.375000	0.136453105	140.124333	0.0	0.0
19.384800	0.128555102	140.103833	0.0	0.0
19.394500	0.120417750	140.083333	0.0	0.0
19.404300	0.113143418	140.062833	0.0	0.0
19.414100	0.105820025	140.042333	0.0	0.0
19.423800	0.099847010	140.021833	0.0	0.0
19.433600	0.093133628	140.001333	0.0	0.0
19.443400	0.087540916	139.980833	0.0	0.0
19.453100	0.081622703	139.960333	0.0	0.0
19.462900	0.076427286	139.939833	0.0	0.0
19.472700	0.071727498	139.919333	0.0	0.0
19.482400	0.066852591	139.898833	0.0	0.0
19.492200	0.062309613	139.878333	0.0	0.0
19.502000	0.057941754	139.857833	0.0	0.0
19.511700	0.054169757	139.837333	0.0	0.0
19.521500	0.050897100	139.816833	0.0	0.0
19.531300	0.047165991	139.796333	0.0	0.0
19.541000	0.043758279	139.775833	0.0	0.0
19.550800	0.040441669	139.755333	0.0	0.0
19.560500	0.037664011	139.734833	0.0	0.0
19.570300	0.034876131	139.714333	0.0	0.0
19.580100	0.032245057	139.693833	0.0	0.0
19.589800	0.029697964	139.673333	0.0	0.0
19.599600	0.027584244	139.652833	0.0	0.0
19.609400	0.025640625	139.632333	0.0	0.0
19.619100	0.023452627	139.611833	0.0	0.0
19.628900	0.021500997	139.591333	0.0	0.0
19.638700	0.019802748	139.570833	0.0	0.0
19.648400	0.018196494	139.550333	0.0	0.0
19.658200	0.016656644	139.529833	0.0	0.0
19.668000	0.015142133	139.509333	0.0	0.0
19.677700	0.013897884	139.488833	0.0	0.0
19.687500	0.012677914	139.468333	0.0	0.0
19.697300	0.011507476	139.447833	0.0	0.0
19.707000	0.010473079	139.427333	0.0	0.0
19.716800	0.009546398	139.406833	0.0	0.0
19.726600	0.008605402	139.386333	0.0	0.0
19.736300	0.007846900	139.365833	0.0	0.0
19.746100	0.007005880	139.345333	0.0	0.0
19.755900	0.006308028	139.324833	0.0	0.0
19.765600	0.005608155	139.304333	0.0	0.0
19.775400	0.005076728	139.283833	0.0	0.0
19.785200	0.004484158	139.263333	0.0	0.0
19.794900	0.003972891	139.242833	0.0	0.0
19.804700	0.003499746	139.222333	0.0	0.0
19.814500	0.003117451	139.201833	0.0	0.0
19.824200	0.002769436	139.181333	0.0	0.0
19.834000	0.002418173	139.160833	0.0	0.0
19.843800	0.002129363	139.140333	0.0	0.0
19.853500	0.001857837	139.119833	0.0	0.0
19.863300	0.001617842	139.099333	0.0	0.0
19.873000	0.001383652	139.078833	0.0	0.0
19.882800	0.001185646	139.058333	0.0	0.0
19.892600	0.001014806	139.037833	0.0	0.0
19.902300	0.000882009	139.017333	0.0	0.0
19.912100	0.000719837	138.996833	0.0	0.0
19.921900	0.000593146	138.976333	0.0	0.0
19.931600	0.000472336	138.955833	0.0	0.0
19.941400	0.000383129	138.935333	0.0	0.0
19.951200	0.000297809	138.914833	0.0	0.0
19.960900	0.000229189	138.894333	0.0	0.0
19.970700	0.000166260	138.873833	0.0	0.0
19.980500	0.000107081	138.853333	0.0	0.0
19.990200	0.000089667	138.832833	0.0	0.0
