# Response info for ATTU1.SHZ short period site.
# Prepared by Yuri Starovoit, Mihai Murafa, IMS/ISG/SM, 29 October 2007.
#
# Effective: 16 Oct. 2007
# Created: 16 Oct. 2007
# File name: ATTU_sp_response_20071029
# 
# Source:  James Neely (TTD) AFTAC
# System equipment:  23900A Seismometer and AIM24S-1 Digitizer. 
# The response file was derived using an actual RB calibration. 
# Displacement response normalized to 1.0 at 1.0 Hz.  
# 
# ATTU1 SHZ Ncalib = 0.011100 nm/count at 1.0 Hz.
#
# Freq(Hz)      Amp(counts/nm)   Phase(deg)  Error(amp)  Error(phase)
# 
 theoretical   0   instrument   fap
255
0.078100	0.001350000	270.000000	0.0	0.0
0.156300	0.007500000	269.500000	0.0	0.0
0.234400	0.019700000	266.000000	0.0	0.0
0.312500	0.043124044	259.000000	0.0	0.0
0.390600	0.082148890	250.000000	0.0	0.0
0.468800	0.145665620	238.100000	0.0	0.0
0.546900	0.233763867	226.000000	0.0	0.0
0.625000	0.330179021	214.900000	0.0	0.0
0.703100	0.438921199	204.100000	0.0	0.0
0.781300	0.568443471	193.400000	0.0	0.0
0.859400	0.734623485	184.200000	0.0	0.0
0.937500	0.892977950	175.300000	0.0	0.0
1.015600	1.024689181	167.800000	0.0	0.0
1.093800	1.145004986	160.300000	0.0	0.0
1.171900	1.256782176	152.900000	0.0	0.0
1.250000	1.367034490	146.700000	0.0	0.0
1.328100	1.455795040	141.400000	0.0	0.0
1.406300	1.534431253	137.200000	0.0	0.0
1.484400	1.612205522	133.300000	0.0	0.0
1.562500	1.685347591	130.200000	0.0	0.0
1.640600	1.759430701	127.100000	0.0	0.0
1.718800	1.839055364	124.700000	0.0	0.0
1.796900	1.913785974	122.300000	0.0	0.0
1.875000	1.990080897	120.400000	0.0	0.0
1.953100	2.058704144	118.600000	0.0	0.0
2.031300	2.131294809	117.000000	0.0	0.0
2.109400	2.203070527	115.600000	0.0	0.0
2.187500	2.276761403	114.000000	0.0	0.0
2.265600	2.347214042	112.800000	0.0	0.0
2.343800	2.419858707	111.800000	0.0	0.0
2.421900	2.489004409	110.800000	0.0	0.0
2.500000	2.560409721	109.800000	0.0	0.0
2.578100	2.628265399	108.900000	0.0	0.0
2.656300	2.707987036	108.000000	0.0	0.0
2.734400	2.777995284	107.200000	0.0	0.0
2.812500	2.850768753	106.400000	0.0	0.0
2.890600	2.909761927	105.700000	0.0	0.0
2.968800	2.981607005	104.900000	0.0	0.0
3.046900	3.049493132	104.200000	0.0	0.0
3.125000	3.131262525	103.400000	0.0	0.0
3.203100	3.202137349	102.800000	0.0	0.0
3.281300	3.276539419	102.200000	0.0	0.0
3.359400	3.346810914	101.700000	0.0	0.0
3.437500	3.424618241	101.200000	0.0	0.0
3.515600	3.498395571	100.800000	0.0	0.0
3.593800	3.567987819	100.300000	0.0	0.0
3.671900	3.641332219	99.800000	0.0	0.0
3.750000	3.710229092	99.200000	0.0	0.0
3.828100	3.787500797	98.900000	0.0	0.0
3.906300	3.869323601	98.500000	0.0	0.0
3.984400	3.942143145	98.200000	0.0	0.0
4.062500	4.010170452	97.700000	0.0	0.0
4.140600	4.077863990	97.400000	0.0	0.0
4.218800	4.150098419	96.900000	0.0	0.0
4.296900	4.226926590	96.600000	0.0	0.0
4.375000	4.298802731	96.200000	0.0	0.0
4.453100	4.380582931	95.900000	0.0	0.0
4.531300	4.452380529	95.600000	0.0	0.0
4.609400	4.523908957	95.300000	0.0	0.0
4.687500	4.595266884	94.900000	0.0	0.0
4.765600	4.666454609	94.500000	0.0	0.0
4.843800	4.743027706	94.100000	0.0	0.0
4.921900	4.819502884	93.900000	0.0	0.0
5.000000	4.895978061	93.800000	0.0	0.0
5.078100	4.972453238	93.400000	0.0	0.0
5.156300	5.043216774	93.100000	0.0	0.0
5.234400	5.107829194	92.800000	0.0	0.0
5.312500	5.172117728	92.600000	0.0	0.0
5.390600	5.248153944	92.300000	0.0	0.0
5.468800	5.324287517	92.100000	0.0	0.0
5.546900	5.406544665	91.900000	0.0	0.0
5.625000	5.476359948	91.700000	0.0	0.0
5.703100	5.546007409	91.300000	0.0	0.0
5.781300	5.615584477	91.000000	0.0	0.0
5.859400	5.691445814	90.700000	0.0	0.0
5.937500	5.767307151	90.500000	0.0	0.0
6.015600	5.836445162	90.300000	0.0	0.0
6.093800	5.912316233	90.100000	0.0	0.0
6.171900	5.988090282	89.900000	0.0	0.0
6.250000	6.077842981	89.400000	0.0	0.0
6.328100	6.146710969	89.000000	0.0	0.0
6.406300	6.229837679	88.800000	0.0	0.0
6.484400	6.305786404	88.900000	0.0	0.0
6.562500	6.381735130	88.800000	0.0	0.0
6.640600	6.450253451	88.500000	0.0	0.0
6.718800	6.496226702	88.300000	0.0	0.0
6.796900	6.571739487	88.200000	0.0	0.0
6.875000	6.639603745	88.000000	0.0	0.0
6.953100	6.722765059	87.700000	0.0	0.0
7.031300	6.782738705	87.500000	0.0	0.0
7.109400	6.873887318	87.300000	0.0	0.0
7.187500	6.941403915	87.200000	0.0	0.0
7.265600	7.016829814	87.000000	0.0	0.0
7.343800	7.076040331	86.800000	0.0	0.0
7.421900	7.151292754	86.600000	0.0	0.0
7.500000	7.209924586	86.500000	0.0	0.0
7.578100	7.293395934	86.300000	0.0	0.0
7.656300	7.368658013	86.100000	0.0	0.0
7.734400	7.460983636	85.800000	0.0	0.0
7.812500	7.536322747	85.600000	0.0	0.0
7.890600	7.602903651	85.400000	0.0	0.0
7.968800	7.678252429	85.200000	0.0	0.0
8.046900	7.735672286	85.100000	0.0	0.0
8.125000	7.810751634	84.900000	0.0	0.0
8.203100	7.885830982	84.700000	0.0	0.0
8.281300	7.961006463	84.500000	0.0	0.0
8.359400	8.045343024	84.400000	0.0	0.0
8.437500	8.111165159	84.200000	0.0	0.0
8.515600	8.195674696	84.100000	0.0	0.0
8.593800	8.251914149	83.900000	0.0	0.0
8.671900	8.326907108	83.700000	0.0	0.0
8.750000	8.392232589	83.500000	0.0	0.0
8.828100	8.447665379	83.400000	0.0	0.0
8.906300	8.522495460	83.300000	0.0	0.0
8.984400	8.577456770	83.100000	0.0	0.0
9.062500	8.671964239	82.900000	0.0	0.0
9.140600	8.756774437	82.700000	0.0	0.0
9.218800	8.852049868	82.600000	0.0	0.0
9.296900	8.927042827	82.400000	0.0	0.0
9.375000	8.981331679	82.200000	0.0	0.0
9.453100	9.045731879	82.000000	0.0	0.0
9.531300	9.120561959	81.800000	0.0	0.0
9.609400	9.195296349	81.600000	0.0	0.0
9.687500	9.270030739	81.500000	0.0	0.0
9.765600	9.344765128	81.400000	0.0	0.0
9.843800	9.365527429	81.000000	0.0	0.0
9.921900	9.428971093	80.800000	0.0	0.0
10.000000	9.503191015	80.600000	0.0	0.0
10.078100	9.621618257	80.700000	0.0	0.0
10.156300	9.685119406	80.700000	0.0	0.0
10.234400	9.737149670	80.700000	0.0	0.0
10.312500	9.811455089	80.500000	0.0	0.0
10.390600	9.897148466	80.300000	0.0	0.0
10.468800	9.971634733	80.000000	0.0	0.0
10.546900	10.046025750	79.800000	0.0	0.0
10.625000	10.120416766	79.700000	0.0	0.0
10.703100	10.206551748	79.600000	0.0	0.0
10.781300	10.292967218	79.500000	0.0	0.0
10.859400	10.355600532	79.300000	0.0	0.0
10.937500	10.406088731	79.200000	0.0	0.0
11.015600	10.468335095	79.000000	0.0	0.0
11.093800	10.542650048	78.800000	0.0	0.0
11.171900	10.629100132	78.600000	0.0	0.0
11.250000	10.691089892	78.500000	0.0	0.0
11.328100	10.777710972	78.400000	0.0	0.0
11.406300	10.814694322	78.200000	0.0	0.0
11.484400	10.876214627	78.100000	0.0	0.0
11.562500	10.912423306	77.900000	0.0	0.0
11.640600	10.986132302	77.800000	0.0	0.0
11.718800	11.059935675	77.700000	0.0	0.0
11.796900	11.146470134	77.600000	0.0	0.0
11.875000	11.272054425	77.700000	0.0	0.0
11.953100	11.359259252	77.500000	0.0	0.0
12.031300	11.446745175	77.400000	0.0	0.0
12.109400	11.507794128	77.000000	0.0	0.0
12.187500	11.582014050	76.900000	0.0	0.0
12.265600	11.669661435	76.700000	0.0	0.0
12.343800	11.730548925	76.500000	0.0	0.0
12.421900	11.791185925	76.300000	0.0	0.0
12.500000	11.838030967	76.200000	0.0	0.0
12.578100	11.884598157	76.100000	0.0	0.0
12.656300	11.944726754	76.100000	0.0	0.0
12.734400	12.018435749	75.900000	0.0	0.0
12.812500	12.092144745	75.700000	0.0	0.0
12.890600	12.165853740	75.500000	0.0	0.0
12.968800	12.239657114	75.500000	0.0	0.0
13.046900	12.285046153	75.400000	0.0	0.0
13.125000	12.358585622	75.300000	0.0	0.0
13.203100	12.446446347	75.100000	0.0	0.0
13.281300	12.520164800	75.000000	0.0	0.0
13.359400	12.593788984	74.800000	0.0	0.0
13.437500	12.667413167	74.700000	0.0	0.0
13.515600	12.726377131	74.600000	0.0	0.0
13.593800	12.800010761	74.500000	0.0	0.0
13.671900	12.858737536	74.300000	0.0	0.0
13.750000	12.917312220	74.100000	0.0	0.0
13.828100	12.990682553	74.100000	0.0	0.0
13.906300	13.049114830	74.000000	0.0	0.0
13.984400	13.137517164	73.900000	0.0	0.0
14.062500	13.210887497	73.600000	0.0	0.0
14.140600	13.299560705	73.400000	0.0	0.0
14.218800	13.357722108	73.200000	0.0	0.0
14.296900	13.415638223	73.100000	0.0	0.0
14.375000	13.488924134	73.000000	0.0	0.0
14.453100	13.577833109	72.800000	0.0	0.0
14.531300	13.651297386	72.800000	0.0	0.0
14.609400	13.708875704	72.700000	0.0	0.0
14.687500	13.766303446	72.700000	0.0	0.0
14.765600	13.855447527	72.400000	0.0	0.0
14.843800	13.928827274	72.300000	0.0	0.0
14.921900	13.986001933	72.100000	0.0	0.0
15.000000	14.026868248	72.000000	0.0	0.0
15.078100	14.067472602	71.900000	0.0	0.0
15.156300	14.107909066	71.800000	0.0	0.0
15.234400	14.147992246	71.700000	0.0	0.0
15.312500	14.171491493	71.600000	0.0	0.0
15.390600	14.178327697	71.400000	0.0	0.0
15.468800	14.152269269	71.280000	0.0	0.0
15.546900	14.142079159	71.160000	0.0	0.0
15.625000	14.115279584	71.040000	0.0	0.0
15.703100	13.991196467	70.920000	0.0	0.0
15.781300	13.867948957	70.800000	0.0	0.0
15.859400	13.713749479	70.680000	0.0	0.0
15.937500	13.483096924	70.560000	0.0	0.0
16.015600	13.210299752	70.440000	0.0	0.0
16.093800	12.898168871	70.320000	0.0	0.0
16.171900	12.564074586	70.200000	0.0	0.0
16.250000	12.168101509	70.080000	0.0	0.0
16.328100	11.757232601	69.960000	0.0	0.0
16.406300	11.333919073	69.840000	0.0	0.0
16.484400	10.900404215	69.720000	0.0	0.0
16.562500	10.351310834	69.600000	0.0	0.0
16.640600	9.875030372	69.480000	0.0	0.0
16.718800	9.301962005	69.360000	0.0	0.0
16.796900	8.731695765	69.240000	0.0	0.0
16.875000	8.083756817	69.120000	0.0	0.0
16.953100	7.457934803	69.000000	0.0	0.0
17.031300	6.872539706	68.880000	0.0	0.0
17.109400	6.311088038	68.760000	0.0	0.0
17.187500	5.742250971	68.640000	0.0	0.0
17.265600	5.176677787	68.520000	0.0	0.0
17.343800	4.639954433	68.400000	0.0	0.0
17.421900	4.139662882	68.280000	0.0	0.0
17.500000	3.663595420	68.160000	0.0	0.0
17.578100	3.212487079	68.040000	0.0	0.0
17.656300	2.820130192	67.920000	0.0	0.0
17.734400	2.452934539	67.800000	0.0	0.0
17.812500	2.109086229	67.680000	0.0	0.0
17.890600	1.774166459	67.560000	0.0	0.0
17.968800	1.492411317	67.440000	0.0	0.0
18.046900	1.239572893	67.320000	0.0	0.0
18.125000	1.024819721	67.200000	0.0	0.0
18.203100	0.841423842	67.080000	0.0	0.0
18.281300	0.682144739	66.960000	0.0	0.0
18.359400	0.539172760	66.840000	0.0	0.0
18.437500	0.429112822	66.720000	0.0	0.0
18.515600	0.333355211	66.600000	0.0	0.0
18.593800	0.268990916	66.480000	0.0	0.0
18.671900	0.203731401	66.360000	0.0	0.0
18.750000	0.154301707	66.240000	0.0	0.0
18.828100	0.111860294	66.120000	0.0	0.0
18.906300	0.083076081	66.000000	0.0	0.0
18.984400	0.059740154	65.880000	0.0	0.0
19.062500	0.042029025	65.760000	0.0	0.0
19.140600	0.027562906	65.640000	0.0	0.0
19.218800	0.018159159	65.520000	0.0	0.0
19.296900	0.011637428	65.400000	0.0	0.0
19.375000	0.007684421	65.280000	0.0	0.0
19.453100	0.004553636	65.160000	0.0	0.0
19.531300	0.002588813	65.040000	0.0	0.0
19.609400	0.001488791	64.920000	0.0	0.0
19.687500	0.000763941	64.800000	0.0	0.0
19.765600	0.000396077	64.680000	0.0	0.0
19.843800	0.000134429	64.560000	0.0	0.0
19.921900	0.000079744	64.440000	0.0	0.0
