# Response info for ATTUB.BHZ,N,E broad-band site.     
# Prepared by Yuri Starovoit, Mihai Murafa, IMS/ISG/SM, 29 October 2007.  
#                                            
# Effective:  31 May 2006                                       
# Creation date: 02 June 2006
# File name: ATTU_bb_response_20071029
#                       
# Source: James Neely (TTD), AFTAC                                     
# System equipment: KS54000 seismometer and AIM24S-3 digitizer. 
#                                                                       
# The response file was derived from the average of actual RB calibrations.
# Displacement response normalized to 1.0 at 1.0 Hz.   
#                                                                       
# The Ncalib values for this configuration are as follows:
# 
# ATTUB BHZ is 0.006470 nm/count at 1.0 Hz.
# ATTUB BHN is 0.006490 nm/count at 1.0 Hz.
# ATTUB BHE is 0.006490 nm/count at 1.0 Hz.
#                                                                       
# Freq(Hz)     Amp(counts/nm)    Phase(deg)  Error(amp) Error(phase)    
#                               
   theoretical   0   instrument   fap
2047
0.009800	0.000065444	224.000000	0.0	0.0
0.019500	0.000316460	209.300000	0.0	0.0
0.029300	0.000783704	200.500000	0.0	0.0
0.039100	0.001461404	195.566667	0.0	0.0
0.048800	0.002315206	191.600000	0.0	0.0
0.058600	0.003377110	188.766667	0.0	0.0
0.068400	0.004641897	186.933333	0.0	0.0
0.078100	0.006082079	185.633333	0.0	0.0
0.087900	0.007724928	184.633333	0.0	0.0
0.097700	0.009547122	183.700000	0.0	0.0
0.107400	0.011550264	182.966667	0.0	0.0
0.117200	0.013743749	182.166667	0.0	0.0
0.127000	0.016132095	181.500000	0.0	0.0
0.136700	0.018697650	180.966667	0.0	0.0
0.146500	0.021515854	180.500000	0.0	0.0
0.156300	0.024490705	180.000000	0.0	0.0
0.166000	0.027646034	179.433333	0.0	0.0
0.175800	0.030970942	179.033333	0.0	0.0
0.185500	0.034482957	178.633333	0.0	0.0
0.195300	0.038208016	178.300000	0.0	0.0
0.205100	0.042138718	177.900000	0.0	0.0
0.214800	0.046236529	177.566667	0.0	0.0
0.224600	0.050571151	177.166667	0.0	0.0
0.234400	0.055059452	176.833333	0.0	0.0
0.244100	0.059779493	176.500000	0.0	0.0
0.253900	0.064725498	176.200000	0.0	0.0
0.263700	0.069845258	175.833333	0.0	0.0
0.273400	0.075020569	175.400000	0.0	0.0
0.283200	0.080402552	175.166667	0.0	0.0
0.293000	0.086096449	174.766667	0.0	0.0
0.302700	0.091644873	174.533333	0.0	0.0
0.312500	0.097862591	174.100000	0.0	0.0
0.322300	0.104136732	173.966667	0.0	0.0
0.332000	0.110881604	173.766667	0.0	0.0
0.341800	0.117029168	173.700000	0.0	0.0
0.351600	0.123741222	173.266667	0.0	0.0
0.361300	0.130612855	173.000000	0.0	0.0
0.371100	0.138006193	172.633333	0.0	0.0
0.380900	0.145614720	172.400000	0.0	0.0
0.390600	0.153184378	172.066667	0.0	0.0
0.400400	0.161400473	171.766667	0.0	0.0
0.410200	0.169723239	171.433333	0.0	0.0
0.419900	0.177913300	171.166667	0.0	0.0
0.429700	0.185957646	171.066667	0.0	0.0
0.439500	0.193940164	170.866667	0.0	0.0
0.449200	0.202362248	170.500000	0.0	0.0
0.459000	0.211450494	170.166667	0.0	0.0
0.468800	0.220491511	169.833333	0.0	0.0
0.478500	0.229622206	169.566667	0.0	0.0
0.488300	0.239307760	169.300000	0.0	0.0
0.498000	0.249292197	169.133333	0.0	0.0
0.507800	0.259100784	168.766667	0.0	0.0
0.517600	0.268681977	168.400000	0.0	0.0
0.527300	0.279167940	167.933333	0.0	0.0
0.537100	0.289974832	167.733333	0.0	0.0
0.546900	0.300884060	167.600000	0.0	0.0
0.556600	0.311173834	167.566667	0.0	0.0
0.566400	0.322227911	167.300000	0.0	0.0
0.576200	0.333474918	167.033333	0.0	0.0
0.585900	0.345061889	166.800000	0.0	0.0
0.595700	0.356838633	166.566667	0.0	0.0
0.605500	0.368676080	166.133333	0.0	0.0
0.615200	0.380582943	165.800000	0.0	0.0
0.625000	0.393106328	165.600000	0.0	0.0
0.634800	0.404753397	165.600000	0.0	0.0
0.644500	0.416577533	165.366667	0.0	0.0
0.654300	0.428683901	165.133333	0.0	0.0
0.664100	0.441791098	164.833333	0.0	0.0
0.673800	0.455489825	164.566667	0.0	0.0
0.683600	0.468655921	164.233333	0.0	0.0
0.693400	0.482004406	164.000000	0.0	0.0
0.703100	0.495394137	163.766667	0.0	0.0
0.712900	0.509300258	163.533333	0.0	0.0
0.722700	0.523398864	163.300000	0.0	0.0
0.732400	0.537749487	163.033333	0.0	0.0
0.742200	0.552660680	162.800000	0.0	0.0
0.752000	0.567133996	162.533333	0.0	0.0
0.761700	0.580966706	162.233333	0.0	0.0
0.771500	0.595783577	162.033333	0.0	0.0
0.781300	0.611719486	161.700000	0.0	0.0
0.791000	0.627003021	161.500000	0.0	0.0
0.800800	0.643129053	161.233333	0.0	0.0
0.810500	0.657793188	161.033333	0.0	0.0
0.820300	0.674313865	160.766667	0.0	0.0
0.830100	0.690257013	160.533333	0.0	0.0
0.839800	0.706754215	160.300000	0.0	0.0
0.849600	0.722790342	160.033333	0.0	0.0
0.859400	0.739561053	159.800000	0.0	0.0
0.869100	0.756350038	159.600000	0.0	0.0
0.878900	0.773503463	159.366667	0.0	0.0
0.888700	0.789939251	159.033333	0.0	0.0
0.898400	0.807587311	158.800000	0.0	0.0
0.908200	0.824985525	158.533333	0.0	0.0
0.918000	0.842885719	158.366667	0.0	0.0
0.927700	0.861122850	158.066667	0.0	0.0
0.937500	0.879749886	157.866667	0.0	0.0
0.947300	0.898238656	157.600000	0.0	0.0
0.957000	0.916376357	157.366667	0.0	0.0
0.966800	0.935240453	157.133333	0.0	0.0
0.976600	0.953930585	156.866667	0.0	0.0
0.986300	0.972974368	156.633333	0.0	0.0
0.996100	0.992405617	156.400000	0.0	0.0
1.005900	1.011640676	156.200000	0.0	0.0
1.015600	1.031245463	155.866667	0.0	0.0
1.025400	1.051243426	155.600000	0.0	0.0
1.035200	1.071844688	155.333333	0.0	0.0
1.044900	1.092025530	155.133333	0.0	0.0
1.054700	1.112178662	154.900000	0.0	0.0
1.064500	1.132073606	154.600000	0.0	0.0
1.074200	1.152356784	154.400000	0.0	0.0
1.084000	1.173028501	154.133333	0.0	0.0
1.093800	1.194792547	153.866667	0.0	0.0
1.103500	1.216077748	153.633333	0.0	0.0
1.113300	1.237773227	153.400000	0.0	0.0
1.123000	1.259436221	153.200000	0.0	0.0
1.132800	1.281513387	153.000000	0.0	0.0
1.142600	1.302782070	152.733333	0.0	0.0
1.152300	1.324487276	152.433333	0.0	0.0
1.162100	1.348146232	152.200000	0.0	0.0
1.171900	1.370979966	152.000000	0.0	0.0
1.181600	1.393769526	151.766667	0.0	0.0
1.191400	1.415897641	151.500000	0.0	0.0
1.201200	1.439839158	151.166667	0.0	0.0
1.210900	1.462064588	150.933333	0.0	0.0
1.220700	1.485825779	150.666667	0.0	0.0
1.230500	1.509199211	150.433333	0.0	0.0
1.240200	1.533675409	150.200000	0.0	0.0
1.250000	1.558009229	149.966667	0.0	0.0
1.259800	1.581927374	149.733333	0.0	0.0
1.269500	1.605765331	149.500000	0.0	0.0
1.279300	1.629401580	149.266667	0.0	0.0
1.289100	1.654461061	149.000000	0.0	0.0
1.298800	1.679453150	148.766667	0.0	0.0
1.308600	1.704893148	148.500000	0.0	0.0
1.318400	1.729860394	148.266667	0.0	0.0
1.328100	1.755408593	148.033333	0.0	0.0
1.337900	1.782094135	147.766667	0.0	0.0
1.347700	1.808297118	147.500000	0.0	0.0
1.357400	1.834421041	147.266667	0.0	0.0
1.367200	1.859576715	147.000000	0.0	0.0
1.377000	1.885607139	146.766667	0.0	0.0
1.386700	1.913734551	146.566667	0.0	0.0
1.396500	1.940134686	146.366667	0.0	0.0
1.406300	1.966705294	146.100000	0.0	0.0
1.416000	1.993929690	145.800000	0.0	0.0
1.425800	2.020073729	145.533333	0.0	0.0
1.435500	2.047653149	145.300000	0.0	0.0
1.445300	2.074910358	145.066667	0.0	0.0
1.455100	2.103951292	144.800000	0.0	0.0
1.464800	2.131277479	144.500000	0.0	0.0
1.474600	2.159890789	144.233333	0.0	0.0
1.484400	2.188694894	144.000000	0.0	0.0
1.494100	2.215691703	143.800000	0.0	0.0
1.503900	2.243991730	143.600000	0.0	0.0
1.513700	2.273332471	143.333333	0.0	0.0
1.523400	2.302561485	143.100000	0.0	0.0
1.533200	2.332281431	142.833333	0.0	0.0
1.543000	2.362191952	142.600000	0.0	0.0
1.552700	2.391067149	142.333333	0.0	0.0
1.562500	2.419487515	142.033333	0.0	0.0
1.572300	2.448992728	141.833333	0.0	0.0
1.582000	2.477400904	141.566667	0.0	0.0
1.591800	2.508189434	141.333333	0.0	0.0
1.601600	2.539168102	141.100000	0.0	0.0
1.611300	2.570017896	140.833333	0.0	0.0
1.621100	2.601374896	140.633333	0.0	0.0
1.630900	2.632922033	140.333333	0.0	0.0
1.640600	2.664334496	140.066667	0.0	0.0
1.650400	2.695225436	139.866667	0.0	0.0
1.660200	2.726282269	139.633333	0.0	0.0
1.669900	2.757174561	139.366667	0.0	0.0
1.679700	2.788560756	139.066667	0.0	0.0
1.689500	2.820112232	138.866667	0.0	0.0
1.699200	2.850399056	138.633333	0.0	0.0
1.709000	2.883372766	138.366667	0.0	0.0
1.718800	2.917655579	138.166667	0.0	0.0
1.728500	2.949547771	137.866667	0.0	0.0
1.738300	2.983088425	137.600000	0.0	0.0
1.748000	3.016473562	137.366667	0.0	0.0
1.757800	3.050391534	137.066667	0.0	0.0
1.767600	3.083315639	136.866667	0.0	0.0
1.777300	3.116052851	136.566667	0.0	0.0
1.787100	3.150511310	136.366667	0.0	0.0
1.796900	3.185159249	136.066667	0.0	0.0
1.806600	3.218404883	135.866667	0.0	0.0
1.816400	3.252168107	135.633333	0.0	0.0
1.826200	3.286094210	135.366667	0.0	0.0
1.835900	3.321095598	135.100000	0.0	0.0
1.845700	3.354070790	134.866667	0.0	0.0
1.855500	3.387182400	134.566667	0.0	0.0
1.865200	3.421376071	134.333333	0.0	0.0
1.875000	3.460077907	134.066667	0.0	0.0
1.884800	3.496341777	133.866667	0.0	0.0
1.894500	3.532421769	133.600000	0.0	0.0
1.904300	3.564955131	133.366667	0.0	0.0
1.914100	3.598978453	133.066667	0.0	0.0
1.923800	3.635547647	132.866667	0.0	0.0
1.933600	3.672681563	132.633333	0.0	0.0
1.943400	3.710004162	132.366667	0.0	0.0
1.953100	3.744256796	132.066667	0.0	0.0
1.962900	3.786282522	131.833333	0.0	0.0
1.972700	3.822716483	131.566667	0.0	0.0
1.982400	3.861884178	131.333333	0.0	0.0
1.992200	3.894178651	131.033333	0.0	0.0
2.002000	3.931076357	130.833333	0.0	0.0
2.011700	3.966216636	130.600000	0.0	0.0
2.021500	4.003416960	130.366667	0.0	0.0
2.031300	4.039225850	130.133333	0.0	0.0
2.041000	4.079459971	129.866667	0.0	0.0
2.050800	4.115569602	129.600000	0.0	0.0
2.060500	4.154593823	129.333333	0.0	0.0
2.070300	4.194207356	129.033333	0.0	0.0
2.080100	4.234008849	128.800000	0.0	0.0
2.089800	4.268671977	128.500000	0.0	0.0
2.099600	4.313764792	128.333333	0.0	0.0
2.109400	4.354128247	128.066667	0.0	0.0
2.119100	4.394264923	127.800000	0.0	0.0
2.128900	4.428199623	127.500000	0.0	0.0
2.138700	4.465633449	127.266667	0.0	0.0
2.148400	4.502775428	127.000000	0.0	0.0
2.158200	4.545692387	126.700000	0.0	0.0
2.168000	4.587068466	126.500000	0.0	0.0
2.177700	4.628206937	126.266667	0.0	0.0
2.187500	4.664582623	126.066667	0.0	0.0
2.197300	4.706470903	125.766667	0.0	0.0
2.207000	4.744473220	125.500000	0.0	0.0
2.216800	4.784865034	125.200000	0.0	0.0
2.226600	4.827264282	124.933333	0.0	0.0
2.236300	4.869415056	124.700000	0.0	0.0
2.246100	4.912186445	124.466667	0.0	0.0
2.255900	4.951343103	124.266667	0.0	0.0
2.265600	4.988268310	123.966667	0.0	0.0
2.275400	5.031515800	123.700000	0.0	0.0
2.285200	5.074949957	123.433333	0.0	0.0
2.294900	5.118124726	123.166667	0.0	0.0
2.304700	5.161930310	122.933333	0.0	0.0
2.314500	5.205922560	122.666667	0.0	0.0
2.324200	5.247635488	122.466667	0.0	0.0
2.334000	5.285893030	122.166667	0.0	0.0
2.343800	5.328329824	121.966667	0.0	0.0
2.353500	5.372524508	121.666667	0.0	0.0
2.363300	5.415281575	121.466667	0.0	0.0
2.373000	5.451451380	121.166667	0.0	0.0
2.382800	5.496571093	120.866667	0.0	0.0
2.392600	5.535500107	120.633333	0.0	0.0
2.402300	5.580474773	120.366667	0.0	0.0
2.412100	5.626097886	120.133333	0.0	0.0
2.421900	5.678440520	119.866667	0.0	0.0
2.431600	5.717431053	119.633333	0.0	0.0
2.441400	5.763609482	119.366667	0.0	0.0
2.451200	5.796611079	119.133333	0.0	0.0
2.460900	5.842579078	118.866667	0.0	0.0
2.470700	5.886945706	118.566667	0.0	0.0
2.480500	5.931462596	118.333333	0.0	0.0
2.490200	5.975649611	118.033333	0.0	0.0
2.500000	6.018154746	117.766667	0.0	0.0
2.509800	6.065429557	117.533333	0.0	0.0
2.519500	6.105370989	117.233333	0.0	0.0
2.529300	6.150598170	116.966667	0.0	0.0
2.539100	6.193597010	116.733333	0.0	0.0
2.548800	6.241009595	116.533333	0.0	0.0
2.558600	6.289094557	116.300000	0.0	0.0
2.568400	6.332501808	116.033333	0.0	0.0
2.578100	6.377975565	115.733333	0.0	0.0
2.587900	6.424090461	115.433333	0.0	0.0
2.597700	6.472836772	115.133333	0.0	0.0
2.607400	6.526274287	114.933333	0.0	0.0
2.617200	6.565339013	114.733333	0.0	0.0
2.627000	6.612060402	114.433333	0.0	0.0
2.636700	6.645659794	114.200000	0.0	0.0
2.646500	6.695152340	113.833333	0.0	0.0
2.656300	6.737067695	113.600000	0.0	0.0
2.666000	6.786360979	113.333333	0.0	0.0
2.675800	6.833721864	113.133333	0.0	0.0
2.685500	6.878076155	112.866667	0.0	0.0
2.695300	6.925708728	112.600000	0.0	0.0
2.705100	6.968136488	112.366667	0.0	0.0
2.714800	7.020892893	112.066667	0.0	0.0
2.724600	7.068959681	111.766667	0.0	0.0
2.734400	7.111710852	111.533333	0.0	0.0
2.744100	7.162256457	111.266667	0.0	0.0
2.753900	7.213504916	111.033333	0.0	0.0
2.763700	7.256576818	110.766667	0.0	0.0
2.773400	7.304800437	110.466667	0.0	0.0
2.783200	7.350871509	110.233333	0.0	0.0
2.793000	7.394211545	109.966667	0.0	0.0
2.802700	7.439947890	109.700000	0.0	0.0
2.812500	7.477706164	109.466667	0.0	0.0
2.822300	7.527019102	109.166667	0.0	0.0
2.832000	7.584666649	108.866667	0.0	0.0
2.841800	7.637250223	108.666667	0.0	0.0
2.851600	7.684115405	108.366667	0.0	0.0
2.861300	7.721650189	108.166667	0.0	0.0
2.871100	7.771651276	107.866667	0.0	0.0
2.880900	7.824796179	107.666667	0.0	0.0
2.890600	7.883625702	107.366667	0.0	0.0
2.900400	7.928039274	107.166667	0.0	0.0
2.910200	7.972521016	106.866667	0.0	0.0
2.919900	8.016521399	106.566667	0.0	0.0
2.929700	8.070423072	106.333333	0.0	0.0
2.939500	8.115157051	106.066667	0.0	0.0
2.949200	8.156273565	105.766667	0.0	0.0
2.959000	8.201121833	105.466667	0.0	0.0
2.968800	8.255534868	105.200000	0.0	0.0
2.978500	8.312759365	104.933333	0.0	0.0
2.988300	8.354716603	104.666667	0.0	0.0
2.998000	8.402591628	104.433333	0.0	0.0
3.007800	8.444642008	104.166667	0.0	0.0
3.017600	8.493238937	103.933333	0.0	0.0
3.027300	8.544649547	103.633333	0.0	0.0
3.037100	8.600060708	103.366667	0.0	0.0
3.046900	8.649010047	103.133333	0.0	0.0
3.056600	8.700827346	102.833333	0.0	0.0
3.066400	8.756709569	102.533333	0.0	0.0
3.076200	8.802630434	102.333333	0.0	0.0
3.085900	8.841250525	102.033333	0.0	0.0
3.095700	8.883846944	101.766667	0.0	0.0
3.105500	8.940182833	101.533333	0.0	0.0
3.115200	8.996119209	101.233333	0.0	0.0
3.125000	9.042392965	101.000000	0.0	0.0
3.134800	9.120171593	100.700000	0.0	0.0
3.144500	9.173178929	100.400000	0.0	0.0
3.154300	9.226903784	100.133333	0.0	0.0
3.164100	9.252314815	99.866667	0.0	0.0
3.173800	9.294851271	99.600000	0.0	0.0
3.183600	9.345165394	99.366667	0.0	0.0
3.193400	9.395573809	99.100000	0.0	0.0
3.203100	9.449111961	98.866667	0.0	0.0
3.212900	9.492437589	98.566667	0.0	0.0
3.222700	9.539444628	98.300000	0.0	0.0
3.232400	9.589593461	98.033333	0.0	0.0
3.242200	9.647829123	97.733333	0.0	0.0
3.252000	9.698794120	97.500000	0.0	0.0
3.261700	9.749253444	97.200000	0.0	0.0
3.271500	9.796640754	96.966667	0.0	0.0
3.281300	9.855421666	96.700000	0.0	0.0
3.291000	9.902368821	96.433333	0.0	0.0
3.300800	9.953788792	96.100000	0.0	0.0
3.310500	10.000856240	95.833333	0.0	0.0
3.320300	10.056294521	95.533333	0.0	0.0
3.330100	10.104105768	95.333333	0.0	0.0
3.339800	10.155257050	95.100000	0.0	0.0
3.349600	10.195359930	94.733333	0.0	0.0
3.359400	10.247236725	94.433333	0.0	0.0
3.369100	10.294639351	94.166667	0.0	0.0
3.378900	10.350643347	93.966667	0.0	0.0
3.388700	10.398792493	93.766667	0.0	0.0
3.398400	10.446376079	93.466667	0.0	0.0
3.408200	10.494622249	93.200000	0.0	0.0
3.418000	10.546963671	92.933333	0.0	0.0
3.427700	10.602841656	92.666667	0.0	0.0
3.437500	10.655375205	92.433333	0.0	0.0
3.447300	10.699779439	92.133333	0.0	0.0
3.457000	10.743573494	91.933333	0.0	0.0
3.466800	10.796282562	91.566667	0.0	0.0
3.476600	10.844914148	91.333333	0.0	0.0
3.486300	10.909700925	91.000000	0.0	0.0
3.496100	10.966912021	90.766667	0.0	0.0
3.505900	11.015791708	90.466667	0.0	0.0
3.515600	11.064086903	90.200000	0.0	0.0
3.525400	11.121587943	89.900000	0.0	0.0
3.535200	11.166351906	89.600000	0.0	0.0
3.544900	11.219098910	89.300000	0.0	0.0
3.554700	11.255269760	89.100000	0.0	0.0
3.564500	11.313072529	88.900000	0.0	0.0
3.574200	11.366001289	88.600000	0.0	0.0
3.584000	11.415265108	88.300000	0.0	0.0
3.593800	11.464571012	88.033333	0.0	0.0
3.603500	11.517698863	87.800000	0.0	0.0
3.613300	11.575987312	87.533333	0.0	0.0
3.623000	11.624831540	87.266667	0.0	0.0
3.632800	11.674357214	87.033333	0.0	0.0
3.642600	11.723923245	86.733333	0.0	0.0
3.652300	11.772884588	86.466667	0.0	0.0
3.662100	11.813458643	86.133333	0.0	0.0
3.671900	11.867658035	85.866667	0.0	0.0
3.681600	11.912142205	85.633333	0.0	0.0
3.691400	11.971049201	85.333333	0.0	0.0
3.701200	12.020848037	85.033333	0.0	0.0
3.710900	12.074667189	84.766667	0.0	0.0
3.720700	12.115257297	84.566667	0.0	0.0
3.730500	12.165148703	84.266667	0.0	0.0
3.740200	12.214423817	83.966667	0.0	0.0
3.750000	12.283228628	83.733333	0.0	0.0
3.759800	12.328573266	83.433333	0.0	0.0
3.769500	12.378009983	83.166667	0.0	0.0
3.779300	12.428138039	82.900000	0.0	0.0
3.789100	12.468727515	82.600000	0.0	0.0
3.798800	12.527839823	82.300000	0.0	0.0
3.808600	12.568421187	82.100000	0.0	0.0
3.818400	12.618648492	81.866667	0.0	0.0
3.828100	12.677974726	81.600000	0.0	0.0
3.837900	12.762545671	81.300000	0.0	0.0
3.847700	12.817964762	81.000000	0.0	0.0
3.857400	12.862913594	80.700000	0.0	0.0
3.867200	12.873894114	80.433333	0.0	0.0
3.877000	12.924336852	80.200000	0.0	0.0
3.886700	12.969165749	79.966667	0.0	0.0
3.896500	13.009662431	79.700000	0.0	0.0
3.906300	13.055129593	79.400000	0.0	0.0
3.916000	13.109980114	79.100000	0.0	0.0
3.925800	13.160518743	78.833333	0.0	0.0
3.935500	13.210416190	78.566667	0.0	0.0
3.945300	13.255925816	78.233333	0.0	0.0
3.955100	13.311641220	77.966667	0.0	0.0
3.964800	13.361623681	77.766667	0.0	0.0
3.974600	13.412308157	77.533333	0.0	0.0
3.984400	13.452691909	77.266667	0.0	0.0
3.994100	13.502718119	76.966667	0.0	0.0
4.003900	13.553447494	76.700000	0.0	0.0
4.013700	13.593766849	76.366667	0.0	0.0
4.023400	13.643833884	76.066667	0.0	0.0
4.033200	13.694605215	75.833333	0.0	0.0
4.043000	13.740129185	75.566667	0.0	0.0
4.052700	13.790253387	75.333333	0.0	0.0
4.062500	13.841083266	75.033333	0.0	0.0
4.072300	13.891938818	74.766667	0.0	0.0
4.082000	13.942136620	74.500000	0.0	0.0
4.091800	13.993041732	74.233333	0.0	0.0
4.101600	14.043971588	73.933333	0.0	0.0
4.111300	14.083426659	73.633333	0.0	0.0
4.121100	14.128941900	73.333333	0.0	0.0
4.130900	14.174443927	73.133333	0.0	0.0
4.140600	14.224703485	72.866667	0.0	0.0
4.150400	14.275672476	72.633333	0.0	0.0
4.160200	14.315672441	72.333333	0.0	0.0
4.169900	14.354936649	72.033333	0.0	0.0
4.179700	14.400366844	71.733333	0.0	0.0
4.189500	14.451326821	71.500000	0.0	0.0
4.199200	14.496053601	71.233333	0.0	0.0
4.209000	14.547036153	70.933333	0.0	0.0
4.218800	14.586839621	70.700000	0.0	0.0
4.228500	14.625902361	70.400000	0.0	0.0
4.238300	14.659980355	70.100000	0.0	0.0
4.248000	14.715861197	69.800000	0.0	0.0
4.257800	14.766826829	69.600000	0.0	0.0
4.267600	14.812126518	69.400000	0.0	0.0
4.277300	14.851013407	69.100000	0.0	0.0
4.287100	14.913419276	68.800000	0.0	0.0
4.296900	14.958699112	68.533333	0.0	0.0
4.306600	15.009022390	68.300000	0.0	0.0
4.316400	15.042731406	68.000000	0.0	0.0
4.326200	15.076360698	67.700000	0.0	0.0
4.335900	15.115012644	67.400000	0.0	0.0
4.345700	15.160126229	67.166667	0.0	0.0
4.355500	15.205219811	66.900000	0.0	0.0
4.365200	15.249594412	66.666667	0.0	0.0
4.375000	15.300517316	66.400000	0.0	0.0
4.384800	15.351456210	66.166667	0.0	0.0
4.394500	15.395800362	65.900000	0.0	0.0
4.404300	15.446750085	65.600000	0.0	0.0
4.414100	15.479882819	65.266667	0.0	0.0
4.423800	15.530101777	65.066667	0.0	0.0
4.433600	15.563108680	64.766667	0.0	0.0
4.443400	15.602019680	64.466667	0.0	0.0
4.453100	15.640173354	64.233333	0.0	0.0
4.462900	15.678974176	63.966667	0.0	0.0
4.472700	15.723752732	63.666667	0.0	0.0
4.482400	15.779911103	63.366667	0.0	0.0
4.492200	15.818604469	63.100000	0.0	0.0
4.502000	15.869417333	62.900000	0.0	0.0
4.511700	15.913428657	62.600000	0.0	0.0
4.521500	15.951997406	62.366667	0.0	0.0
4.531300	15.990509394	62.066667	0.0	0.0
4.541000	16.028258467	61.866667	0.0	0.0
4.550800	16.066656135	61.566667	0.0	0.0
4.560500	16.116655401	61.233333	0.0	0.0
4.570300	16.161168211	61.000000	0.0	0.0
4.580100	16.199436978	60.733333	0.0	0.0
4.589800	16.230710191	60.433333	0.0	0.0
4.599600	16.262605636	60.133333	0.0	0.0
4.609400	16.300670234	59.933333	0.0	0.0
4.619100	16.337968798	59.700000	0.0	0.0
4.628900	16.382201520	59.433333	0.0	0.0
4.638700	16.420104083	59.133333	0.0	0.0
4.648400	16.463556245	58.900000	0.0	0.0
4.658200	16.507688384	58.633333	0.0	0.0
4.668000	16.551792305	58.366667	0.0	0.0
4.677700	16.601528064	58.066667	0.0	0.0
4.687500	16.620059012	57.833333	0.0	0.0
4.697300	16.664025794	57.566667	0.0	0.0
4.707000	16.700843125	57.266667	0.0	0.0
4.716800	16.744734159	57.033333	0.0	0.0
4.726600	16.775714816	56.766667	0.0	0.0
4.736300	16.805898622	56.466667	0.0	0.0
4.746100	16.836704993	56.166667	0.0	0.0
4.755900	16.873898355	55.966667	0.0	0.0
4.765600	16.916811399	55.700000	0.0	0.0
4.775400	16.953895821	55.433333	0.0	0.0
4.785200	16.997440182	55.166667	0.0	0.0
4.794900	17.027168809	54.900000	0.0	0.0
4.804700	17.077169354	54.666667	0.0	0.0
4.814500	17.114033670	54.366667	0.0	0.0
4.824200	17.143544089	54.133333	0.0	0.0
4.834000	17.193460378	53.833333	0.0	0.0
4.843800	17.243380266	53.533333	0.0	0.0
4.853500	17.272693551	53.333333	0.0	0.0
4.863300	17.282721078	53.066667	0.0	0.0
4.873000	17.311823783	52.833333	0.0	0.0
4.882800	17.341548378	52.533333	0.0	0.0
4.892600	17.391194891	52.266667	0.0	0.0
4.902300	17.420064930	52.033333	0.0	0.0
4.912100	17.462954901	51.733333	0.0	0.0
4.921900	17.499094299	51.500000	0.0	0.0
4.931600	17.527730531	51.233333	0.0	0.0
4.941400	17.556988384	51.000000	0.0	0.0
4.951200	17.586156732	50.733333	0.0	0.0
4.960900	17.614525374	50.433333	0.0	0.0
4.970700	17.657061865	50.133333	0.0	0.0
4.980500	17.706357240	49.900000	0.0	0.0
4.990200	17.748128744	49.666667	0.0	0.0
5.000000	17.783749897	49.400000	0.0	0.0
5.009800	17.805634058	49.133333	0.0	0.0
5.019500	17.840386156	48.900000	0.0	0.0
5.029300	17.868924664	48.666667	0.0	0.0
5.039100	17.904242601	48.400000	0.0	0.0
5.048800	17.945669601	48.100000	0.0	0.0
5.058600	17.960179770	47.900000	0.0	0.0
5.068400	17.988368035	47.600000	0.0	0.0
5.078100	18.015756273	47.300000	0.0	0.0
5.087900	18.043763817	47.033333	0.0	0.0
5.097700	18.092498582	46.800000	0.0	0.0
5.107400	18.119647485	46.533333	0.0	0.0
5.117200	18.154381146	46.300000	0.0	0.0
5.127000	18.175092711	46.100000	0.0	0.0
5.136700	18.208957035	45.833333	0.0	0.0
5.146500	18.250465840	45.566667	0.0	0.0
5.156300	18.256871316	45.300000	0.0	0.0
5.166000	18.283477585	45.033333	0.0	0.0
5.175800	18.310701064	44.733333	0.0	0.0
5.185500	18.337126339	44.533333	0.0	0.0
5.195300	18.364168183	44.266667	0.0	0.0
5.205100	18.405240150	44.100000	0.0	0.0
5.214800	18.431413696	43.766667	0.0	0.0
5.224600	18.479466350	43.533333	0.0	0.0
5.234400	18.506195592	43.266667	0.0	0.0
5.244100	18.532126784	43.066667	0.0	0.0
5.253900	18.558673789	42.800000	0.0	0.0
5.263700	18.585129496	42.533333	0.0	0.0
5.273400	18.610788045	42.266667	0.0	0.0
5.283200	18.629910557	42.033333	0.0	0.0
5.293000	18.663243455	41.766667	0.0	0.0
5.302700	18.688629255	41.500000	0.0	0.0
5.312500	18.728998410	41.233333	0.0	0.0
5.322300	18.754926560	41.000000	0.0	0.0
5.332000	18.772853088	40.700000	0.0	0.0
5.341800	18.798588769	40.500000	0.0	0.0
5.351600	18.824233016	40.266667	0.0	0.0
5.361300	18.856317655	40.000000	0.0	0.0
5.371100	18.881789127	39.700000	0.0	0.0
5.380900	18.907169118	39.500000	0.0	0.0
5.390600	18.931755221	39.300000	0.0	0.0
5.400400	18.956952586	39.000000	0.0	0.0
5.410200	18.982058469	38.800000	0.0	0.0
5.419900	19.006371509	38.500000	0.0	0.0
5.429700	19.031294779	38.233333	0.0	0.0
5.439500	19.056126576	38.000000	0.0	0.0
5.449200	19.080166604	37.800000	0.0	0.0
5.459000	19.090157960	37.566667	0.0	0.0
5.468800	19.122033825	37.300000	0.0	0.0
5.478500	19.131102503	37.066667	0.0	0.0
5.488300	19.162802280	36.800000	0.0	0.0
5.498000	19.186369513	36.566667	0.0	0.0
5.507800	19.217917444	36.333333	0.0	0.0
5.517600	19.234626577	36.066667	0.0	0.0
5.527300	19.250532208	35.800000	0.0	0.0
5.537100	19.281821905	35.533333	0.0	0.0
5.546900	19.320454540	35.233333	0.0	0.0
5.556600	19.343494567	35.033333	0.0	0.0
5.566400	19.367139889	34.800000	0.0	0.0
5.576200	19.375816710	34.533333	0.0	0.0
5.585900	19.391123836	34.333333	0.0	0.0
5.595700	19.414468798	34.033333	0.0	0.0
5.605500	19.437722625	33.833333	0.0	0.0
5.615200	19.460192208	33.566667	0.0	0.0
5.625000	19.475788677	33.366667	0.0	0.0
5.634800	19.498760810	33.100000	0.0	0.0
5.644500	19.528443134	32.900000	0.0	0.0
5.654300	19.543740803	32.566667	0.0	0.0
5.664100	19.558932947	32.366667	0.0	0.0
5.673800	19.565819644	32.133333	0.0	0.0
5.683600	19.588311927	31.933333	0.0	0.0
5.693400	19.610713458	31.700000	0.0	0.0
5.703100	19.632335783	31.466667	0.0	0.0
5.712900	19.654556307	31.200000	0.0	0.0
5.722700	19.669136419	30.966667	0.0	0.0
5.732400	19.698038170	30.700000	0.0	0.0
5.742200	19.704857401	30.500000	0.0	0.0
5.752000	19.726699158	30.300000	0.0	0.0
5.761700	19.740187952	30.000000	0.0	0.0
5.771500	19.754258535	29.766667	0.0	0.0
5.781300	19.760640274	29.500000	0.0	0.0
5.791000	19.781404780	29.300000	0.0	0.0
5.800800	19.833184452	29.066667	0.0	0.0
5.810500	19.853801603	28.833333	0.0	0.0
5.820300	19.875012361	28.633333	0.0	0.0
5.830100	19.857992454	28.333333	0.0	0.0
5.839800	19.878301842	28.100000	0.0	0.0
5.849600	19.876305935	27.900000	0.0	0.0
5.859400	19.881827135	27.700000	0.0	0.0
5.869100	19.909469364	27.400000	0.0	0.0
5.878900	19.922422489	27.200000	0.0	0.0
5.888700	19.958237796	26.900000	0.0	0.0
5.898400	19.962661461	26.700000	0.0	0.0
5.908200	19.990655880	26.466667	0.0	0.0
5.918000	19.995545423	26.300000	0.0	0.0
5.927700	20.015007871	26.100000	0.0	0.0
5.937500	20.027369565	25.800000	0.0	0.0
5.947300	20.039629708	25.600000	0.0	0.0
5.957000	20.043421840	25.300000	0.0	0.0
5.966800	20.055475448	25.100000	0.0	0.0
5.976600	20.059728357	24.900000	0.0	0.0
5.986300	20.078608954	24.633333	0.0	0.0
5.996100	20.074946707	24.500000	0.0	0.0
6.005900	20.086589009	24.300000	0.0	0.0
6.015600	20.082043400	24.033333	0.0	0.0
6.025400	20.116624045	23.733333	0.0	0.0
6.035200	20.120248183	23.500000	0.0	0.0
6.044900	20.138552038	23.300000	0.0	0.0
6.054700	20.141969110	23.100000	0.0	0.0
6.064500	20.168487678	22.833333	0.0	0.0
6.074200	20.194270762	22.600000	0.0	0.0
6.084000	20.212889917	22.333333	0.0	0.0
6.093800	20.208142372	22.133333	0.0	0.0
6.103500	20.210383965	21.933333	0.0	0.0
6.113300	20.220943568	21.733333	0.0	0.0
6.123000	20.230743891	21.500000	0.0	0.0
6.132800	20.248876760	21.233333	0.0	0.0
6.142600	20.259146152	21.033333	0.0	0.0
6.152300	20.260881771	20.800000	0.0	0.0
6.162100	20.270952240	20.600000	0.0	0.0
6.171900	20.280925122	20.333333	0.0	0.0
6.181600	20.297932244	20.133333	0.0	0.0
6.191400	20.299923082	19.900000	0.0	0.0
6.201200	20.309604990	19.700000	0.0	0.0
6.210900	20.318535731	19.433333	0.0	0.0
6.220700	20.335827457	19.233333	0.0	0.0
6.230500	20.337417336	19.033333	0.0	0.0
6.240200	20.346061441	18.733333	0.0	0.0
6.250000	20.363075337	18.533333	0.0	0.0
6.259800	20.364367018	18.333333	0.0	0.0
6.269500	20.372726118	18.133333	0.0	0.0
6.279300	20.381640240	17.933333	0.0	0.0
6.289100	20.390458930	17.733333	0.0	0.0
6.298800	20.398534670	17.466667	0.0	0.0
6.308600	20.407163776	17.233333	0.0	0.0
6.318400	20.431373643	17.033333	0.0	0.0
6.328100	20.447018990	16.833333	0.0	0.0
6.337900	20.439680291	16.633333	0.0	0.0
6.347700	20.424406864	16.333333	0.0	0.0
6.357400	20.416239035	16.133333	0.0	0.0
6.367200	20.424290710	15.933333	0.0	0.0
6.377000	20.432248754	15.766667	0.0	0.0
6.386700	20.447318728	15.533333	0.0	0.0
6.396500	20.447245362	15.333333	0.0	0.0
6.406300	20.439230656	15.133333	0.0	0.0
6.416000	20.446173600	14.933333	0.0	0.0
6.425800	20.453662010	14.733333	0.0	0.0
6.435500	20.468275598	14.433333	0.0	0.0
6.445300	20.475582859	14.233333	0.0	0.0
6.455100	20.482798022	14.033333	0.0	0.0
6.464800	20.489287396	13.833333	0.0	0.0
6.474600	20.496319667	13.633333	0.0	0.0
6.484400	20.495393498	13.333333	0.0	0.0
6.494100	20.485879338	13.200000	0.0	0.0
6.503900	20.500496392	12.966667	0.0	0.0
6.513700	20.491425509	12.733333	0.0	0.0
6.523400	20.552501342	12.466667	0.0	0.0
6.533200	20.543222666	12.266667	0.0	0.0
6.543000	20.557509861	12.100000	0.0	0.0
6.552700	20.508028100	11.933333	0.0	0.0
6.562500	20.514233736	11.733333	0.0	0.0
6.572300	20.512476262	11.500000	0.0	0.0
6.582000	20.517877028	11.300000	0.0	0.0
6.591800	20.523812772	11.100000	0.0	0.0
6.601600	20.545422625	10.833333	0.0	0.0
6.611300	20.542678171	10.566667	0.0	0.0
6.621100	20.540466103	10.366667	0.0	0.0
6.630900	20.530283986	10.300000	0.0	0.0
6.640600	20.535154537	10.066667	0.0	0.0
6.650400	20.548440554	9.866667	0.0	0.0
6.660200	20.545870276	9.633333	0.0	0.0
6.669900	20.558368456	9.433333	0.0	0.0
6.679700	20.547733084	9.233333	0.0	0.0
6.689500	20.560672531	9.033333	0.0	0.0
6.699200	20.557133383	8.866667	0.0	0.0
6.709000	20.569903317	8.633333	0.0	0.0
6.718800	20.566801685	8.433333	0.0	0.0
6.728500	20.570894656	8.166667	0.0	0.0
6.738300	20.567618988	7.966667	0.0	0.0
6.748000	20.571540474	7.833333	0.0	0.0
6.757800	20.568091816	7.600000	0.0	0.0
6.767600	20.580347181	7.366667	0.0	0.0
6.777300	20.591915808	7.233333	0.0	0.0
6.787100	20.580306078	7.066667	0.0	0.0
6.796900	20.592311258	6.866667	0.0	0.0
6.806600	20.556245328	6.633333	0.0	0.0
6.816400	20.568066552	6.400000	0.0	0.0
6.826200	20.556129750	6.200000	0.0	0.0
6.835900	20.567179351	5.966667	0.0	0.0
6.845700	20.562964519	5.833333	0.0	0.0
6.855500	20.558666287	5.600000	0.0	0.0
6.865200	20.553686164	5.466667	0.0	0.0
6.875000	20.533456934	5.200000	0.0	0.0
6.884800	20.536794504	5.000000	0.0	0.0
6.894500	20.531572763	4.766667	0.0	0.0
6.904300	20.542626694	4.566667	0.0	0.0
6.914100	20.545717535	4.366667	0.0	0.0
6.923800	20.532367496	4.266667	0.0	0.0
6.933600	20.535292841	4.100000	0.0	0.0
6.943400	20.538136545	3.900000	0.0	0.0
6.953100	20.548192122	3.666667	0.0	0.0
6.962900	20.542989740	3.433333	0.0	0.0
6.972700	20.537707307	3.266667	0.0	0.0
6.982400	20.531757010	3.066667	0.0	0.0
6.992200	20.542076905	2.900000	0.0	0.0
7.002000	20.528673123	2.700000	0.0	0.0
7.011700	20.514612556	2.466667	0.0	0.0
7.021500	20.508936183	2.300000	0.0	0.0
7.031300	20.518924313	2.066667	0.0	0.0
7.041000	20.536133960	1.900000	0.0	0.0
7.050800	20.538093422	1.666667	0.0	0.0
7.060500	20.531511124	1.500000	0.0	0.0
7.070300	20.533312501	1.300000	0.0	0.0
7.080100	20.527156032	1.100000	0.0	0.0
7.089800	20.520343902	0.900000	0.0	0.0
7.099600	20.521909188	0.700000	0.0	0.0
7.109400	20.515521749	0.533333	0.0	0.0
7.119100	20.516354131	0.400000	0.0	0.0
7.128900	20.501944119	0.200000	0.0	0.0
7.138700	20.495330660	0.033333	0.0	0.0
7.148400	20.488068884	-0.200000	0.0	0.0
7.158200	20.497032519	-0.333333	0.0	0.0
7.168000	20.505923207	-0.533333	0.0	0.0
7.177700	20.506298353	-0.766667	0.0	0.0
7.187500	20.491435438	-0.933333	0.0	0.0
7.197300	20.484366818	-1.133333	0.0	0.0
7.207000	20.484516175	-1.333333	0.0	0.0
7.216800	20.477299059	-1.566667	0.0	0.0
7.226600	20.462154843	-1.766667	0.0	0.0
7.236300	20.446381513	-1.900000	0.0	0.0
7.246100	20.431110836	-2.133333	0.0	0.0
7.255900	20.431452582	-2.300000	0.0	0.0
7.265600	20.431157378	-2.500000	0.0	0.0
7.275400	20.431351000	-2.600000	0.0	0.0
7.285200	20.423631118	-2.800000	0.0	0.0
7.294900	20.415280548	-3.000000	0.0	0.0
7.304700	20.399589840	-3.133333	0.0	0.0
7.314500	20.407319089	-3.300000	0.0	0.0
7.324200	20.398757882	-3.500000	0.0	0.0
7.334000	20.398511511	-3.700000	0.0	0.0
7.343800	20.398192299	-3.900000	0.0	0.0
7.353500	20.389419447	-4.100000	0.0	0.0
7.363300	20.381133025	-4.266667	0.0	0.0
7.373000	20.380044806	-4.400000	0.0	0.0
7.382800	20.387260574	-4.500000	0.0	0.0
7.392600	20.370940608	-4.666667	0.0	0.0
7.402300	20.361824865	-4.833333	0.0	0.0
7.412100	20.345383160	-5.100000	0.0	0.0
7.421900	20.352301627	-5.200000	0.0	0.0
7.431600	20.350792154	-5.366667	0.0	0.0
7.441400	20.334147361	-5.533333	0.0	0.0
7.451200	20.325244309	-5.900000	0.0	0.0
7.460900	20.307935319	-6.100000	0.0	0.0
7.470700	20.322287624	-6.300000	0.0	0.0
7.480500	20.305386225	-6.433333	0.0	0.0
7.490200	20.311258264	-6.600000	0.0	0.0
7.500000	20.309809979	-6.800000	0.0	0.0
7.509800	20.292711239	-6.900000	0.0	0.0
7.519500	20.282800890	-7.100000	0.0	0.0
7.529300	20.281148111	-7.233333	0.0	0.0
7.539100	20.263867691	-7.400000	0.0	0.0
7.548800	20.253768347	-7.600000	0.0	0.0
7.558600	20.236375353	-7.800000	0.0	0.0
7.568400	20.226690110	-8.000000	0.0	0.0
7.578100	20.224167978	-8.133333	0.0	0.0
7.587900	20.214353871	-8.266667	0.0	0.0
7.597700	20.196724854	-8.433333	0.0	0.0
7.607400	20.201758316	-8.633333	0.0	0.0
7.617200	20.199504559	-8.800000	0.0	0.0
7.627000	20.189434723	-8.966667	0.0	0.0
7.636700	20.178774802	-9.133333	0.0	0.0
7.646500	20.160844459	-9.333333	0.0	0.0
7.656300	20.158330030	-9.466667	0.0	0.0
7.666000	20.147490663	-9.666667	0.0	0.0
7.675800	20.144846719	-9.833333	0.0	0.0
7.685500	20.133885160	-10.000000	0.0	0.0
7.695300	20.115667303	-10.166667	0.0	0.0
7.705100	20.112831988	-10.333333	0.0	0.0
7.714800	20.101694895	-10.533333	0.0	0.0
7.724600	20.083311893	-10.666667	0.0	0.0
7.734400	20.072582772	-10.833333	0.0	0.0
7.744100	20.068977134	-11.033333	0.0	0.0
7.753900	20.058127678	-11.166667	0.0	0.0
7.763700	20.047220041	-11.366667	0.0	0.0
7.773400	20.043429462	-11.533333	0.0	0.0
7.783200	20.040092145	-11.700000	0.0	0.0
7.793000	20.036691852	-11.866667	0.0	0.0
7.802700	20.025028926	-12.066667	0.0	0.0
7.812500	20.013823281	-12.233333	0.0	0.0
7.822300	19.994886163	-12.366667	0.0	0.0
7.832000	19.983061467	-12.533333	0.0	0.0
7.841800	19.964028909	-12.733333	0.0	0.0
7.851600	19.960266372	-12.833333	0.0	0.0
7.861300	19.948277756	-13.000000	0.0	0.0
7.871100	19.929092673	-13.233333	0.0	0.0
7.880900	19.932799592	-13.400000	0.0	0.0
7.890600	19.920644703	-13.566667	0.0	0.0
7.900400	19.908941050	-13.700000	0.0	0.0
7.910200	19.912460555	-13.833333	0.0	0.0
7.919900	19.907775264	-14.033333	0.0	0.0
7.929700	19.895896563	-14.200000	0.0	0.0
7.939500	19.883964210	-14.400000	0.0	0.0
7.949200	19.863853997	-14.533333	0.0	0.0
7.959000	19.874689056	-14.733333	0.0	0.0
7.968800	19.862588908	-14.933333	0.0	0.0
7.978500	19.857557651	-15.100000	0.0	0.0
7.988300	19.837734161	-15.200000	0.0	0.0
7.998000	19.824981905	-15.300000	0.0	0.0
8.007800	19.812674394	-15.466667	0.0	0.0
8.017600	19.792718020	-15.600000	0.0	0.0
8.027300	19.764643619	-15.733333	0.0	0.0
8.037100	19.759778741	-15.900000	0.0	0.0
8.046900	19.762438980	-16.133333	0.0	0.0
8.056600	19.764550300	-16.333333	0.0	0.0
8.066400	19.759510198	-16.500000	0.0	0.0
8.076200	19.746833484	-16.600000	0.0	0.0
8.085900	19.703349700	-16.700000	0.0	0.0
8.095700	19.683038677	-16.900000	0.0	0.0
8.105500	19.677788433	-17.033333	0.0	0.0
8.115200	19.671997252	-17.200000	0.0	0.0
8.125000	19.659089777	-17.400000	0.0	0.0
8.134800	19.638595572	-17.500000	0.0	0.0
8.144500	19.647721278	-17.700000	0.0	0.0
8.154300	19.642195859	-17.833333	0.0	0.0
8.164100	19.621549392	-18.000000	0.0	0.0
8.173800	19.615438177	-18.133333	0.0	0.0
8.183600	19.617279841	-18.300000	0.0	0.0
8.193400	19.604012996	-18.500000	0.0	0.0
8.203100	19.597740905	-18.700000	0.0	0.0
8.212900	19.561841534	-18.866667	0.0	0.0
8.222700	19.540944796	-19.000000	0.0	0.0
8.232400	19.519540711	-19.100000	0.0	0.0
8.242200	19.521040565	-19.200000	0.0	0.0
8.252000	19.522485335	-19.366667	0.0	0.0
8.261700	19.523402513	-19.533333	0.0	0.0
8.271500	19.502272249	-19.666667	0.0	0.0
8.281300	19.466163593	-19.866667	0.0	0.0
8.291000	19.444517172	-20.033333	0.0	0.0
8.300800	19.445684423	-20.200000	0.0	0.0
8.310500	19.438868163	-20.366667	0.0	0.0
8.320300	19.439927369	-20.466667	0.0	0.0
8.330100	19.418563370	-20.666667	0.0	0.0
8.339800	19.396703993	-20.766667	0.0	0.0
8.349600	19.375280901	-20.900000	0.0	0.0
8.359400	19.361256878	-21.066667	0.0	0.0
8.369100	19.354153491	-21.266667	0.0	0.0
8.378900	19.347462542	-21.400000	0.0	0.0
8.388700	19.355571242	-21.533333	0.0	0.0
8.398400	19.348313287	-21.666667	0.0	0.0
8.408200	19.326627083	-21.800000	0.0	0.0
8.418000	19.304912736	-21.966667	0.0	0.0
8.427700	19.290114346	-22.066667	0.0	0.0
8.437500	19.268337217	-22.266667	0.0	0.0
8.447300	19.261310675	-22.366667	0.0	0.0
8.457000	19.253779530	-22.566667	0.0	0.0
8.466800	19.239270566	-22.666667	0.0	0.0
8.476600	19.217344680	-22.866667	0.0	0.0
8.486300	19.217051808	-22.966667	0.0	0.0
8.496100	19.202417043	-23.166667	0.0	0.0
8.505900	19.195107347	-23.266667	0.0	0.0
8.515600	19.172577704	-23.466667	0.0	0.0
8.525400	19.172534559	-23.566667	0.0	0.0
8.535200	19.157731001	-23.666667	0.0	0.0
8.544900	19.142440352	-23.866667	0.0	0.0
8.554700	19.127559792	-24.066667	0.0	0.0
8.564500	19.164052888	-24.166667	0.0	0.0
8.574200	19.148608464	-24.300000	0.0	0.0
8.584000	19.148264502	-24.400000	0.0	0.0
8.593800	19.074528783	-24.566667	0.0	0.0
8.603500	19.059009480	-24.766667	0.0	0.0
8.613300	19.043896586	-24.933333	0.0	0.0
8.623000	19.035608850	-25.066667	0.0	0.0
8.632800	19.027717389	-25.166667	0.0	0.0
8.642600	19.012482468	-25.300000	0.0	0.0
8.652300	18.989482893	-25.400000	0.0	0.0
8.662100	18.974181605	-25.566667	0.0	0.0
8.671900	18.973401149	-25.766667	0.0	0.0
8.681600	18.972135198	-25.966667	0.0	0.0
8.691400	18.956703123	-26.066667	0.0	0.0
8.701200	18.941235438	-26.166667	0.0	0.0
8.710900	18.932562081	-26.300000	0.0	0.0
8.720700	18.917018704	-26.466667	0.0	0.0
8.730500	18.908695436	-26.633333	0.0	0.0
8.740200	18.885395076	-26.766667	0.0	0.0
8.750000	18.884236875	-26.866667	0.0	0.0
8.759800	18.861303987	-27.033333	0.0	0.0
8.769500	18.845152874	-27.166667	0.0	0.0
8.779300	18.836625901	-27.266667	0.0	0.0
8.789100	18.813610342	-27.466667	0.0	0.0
8.798800	18.811794489	-27.633333	0.0	0.0
8.808600	18.788716412	-27.766667	0.0	0.0
8.818400	18.780028866	-27.866667	0.0	0.0
8.828100	18.763671510	-27.966667	0.0	0.0
8.837900	18.762102310	-28.166667	0.0	0.0
8.847700	18.760487106	-28.333333	0.0	0.0
8.857400	18.736818463	-28.466667	0.0	0.0
8.867200	18.713556879	-28.566667	0.0	0.0
8.877000	18.690278514	-28.666667	0.0	0.0
8.886700	18.688066553	-28.800000	0.0	0.0
8.896500	18.671893697	-28.933333	0.0	0.0
8.906300	18.662850322	-29.033333	0.0	0.0
8.916000	18.639036249	-29.233333	0.0	0.0
8.925800	18.629919120	-29.333333	0.0	0.0
8.935500	18.613200332	-29.533333	0.0	0.0
8.945300	18.596868507	-29.633333	0.0	0.0
8.955100	18.587638311	-29.766667	0.0	0.0
8.964800	18.563700095	-29.933333	0.0	0.0
8.974600	18.554398028	-30.033333	0.0	0.0
8.984400	18.552174689	-30.233333	0.0	0.0
8.994100	18.535263191	-30.333333	0.0	0.0
9.003900	18.511629914	-30.533333	0.0	0.0
9.013700	18.502178464	-30.633333	0.0	0.0
9.023400	18.485182932	-30.733333	0.0	0.0
9.033200	18.475658165	-30.833333	0.0	0.0
9.043000	18.459009572	-31.033333	0.0	0.0
9.052700	18.449003934	-31.133333	0.0	0.0
9.062500	18.446446042	-31.233333	0.0	0.0
9.072300	18.408488864	-31.366667	0.0	0.0
9.082000	18.391323987	-31.533333	0.0	0.0
9.091800	18.374537394	-31.633333	0.0	0.0
9.101600	18.378870746	-31.800000	0.0	0.0
9.111300	18.368655101	-31.900000	0.0	0.0
9.121100	18.344720576	-32.033333	0.0	0.0
9.130900	18.320774938	-32.200000	0.0	0.0
9.140600	18.317494729	-32.300000	0.0	0.0
9.150400	18.300522595	-32.433333	0.0	0.0
9.160200	18.290542151	-32.533333	0.0	0.0
9.169900	18.287143207	-32.700000	0.0	0.0
9.179700	18.263064097	-32.833333	0.0	0.0
9.189500	18.259985607	-33.000000	0.0	0.0
9.199200	18.242462210	-33.100000	0.0	0.0
9.209000	18.232306480	-33.200000	0.0	0.0
9.218800	18.208134508	-33.333333	0.0	0.0
9.228500	18.183559408	-33.500000	0.0	0.0
9.238300	18.180289270	-33.600000	0.0	0.0
9.248000	18.176585716	-33.733333	0.0	0.0
9.257800	18.159292411	-33.900000	0.0	0.0
9.267600	18.148938477	-34.000000	0.0	0.0
9.277300	18.124242647	-34.100000	0.0	0.0
9.287100	18.099930633	-34.200000	0.0	0.0
9.296900	18.082549079	-34.400000	0.0	0.0
9.306600	18.064755855	-34.533333	0.0	0.0
9.316400	18.047328359	-34.700000	0.0	0.0
9.326200	18.043721529	-34.800000	0.0	0.0
9.335900	18.018932112	-34.900000	0.0	0.0
9.345700	18.015251877	-35.000000	0.0	0.0
9.355500	18.011532783	-35.100000	0.0	0.0
9.365200	18.007390375	-35.300000	0.0	0.0
9.375000	17.982878891	-35.400000	0.0	0.0
9.384800	17.979048759	-35.500000	0.0	0.0
9.394500	17.954115230	-35.600000	0.0	0.0
9.404300	17.929559355	-35.700000	0.0	0.0
9.414100	17.904998177	-35.900000	0.0	0.0
9.423800	17.900649449	-36.000000	0.0	0.0
9.433600	17.882912367	-36.100000	0.0	0.0
9.443400	17.872011622	-36.300000	0.0	0.0
9.453100	17.860701168	-36.400000	0.0	0.0
9.462900	17.849737539	-36.566667	0.0	0.0
9.472700	17.838742376	-36.666667	0.0	0.0
9.482400	17.820499631	-36.766667	0.0	0.0
9.492200	17.809446698	-36.900000	0.0	0.0
9.502000	17.784707171	-37.000000	0.0	0.0
9.511700	17.759590799	-37.200000	0.0	0.0
9.521500	17.728040838	-37.266667	0.0	0.0
9.531300	17.716895024	-37.366667	0.0	0.0
9.541000	17.705347637	-37.500000	0.0	0.0
9.550800	17.700933405	-37.600000	0.0	0.0
9.560500	17.689322984	-37.733333	0.0	0.0
9.570300	17.678053218	-37.866667	0.0	0.0
9.580100	17.666753581	-38.000000	0.0	0.0
9.589800	17.655056010	-38.100000	0.0	0.0
9.599600	17.636927952	-38.200000	0.0	0.0
9.609400	17.612021623	-38.366667	0.0	0.0
9.619100	17.607007370	-38.500000	0.0	0.0
9.628900	17.582070595	-38.600000	0.0	0.0
9.638700	17.577357800	-38.700000	0.0	0.0
9.648400	17.552026530	-38.866667	0.0	0.0
9.658200	17.540516959	-38.966667	0.0	0.0
9.668000	17.522253138	-39.066667	0.0	0.0
9.677700	17.510329178	-39.166667	0.0	0.0
9.687500	17.505456114	-39.266667	0.0	0.0
9.697300	17.487121574	-39.433333	0.0	0.0
9.707000	17.468410640	-39.566667	0.0	0.0
9.716800	17.450044048	-39.666667	0.0	0.0
9.726600	17.438352235	-39.800000	0.0	0.0
9.736300	17.426274907	-39.966667	0.0	0.0
9.746100	17.414528737	-40.066667	0.0	0.0
9.755900	17.396078020	-40.166667	0.0	0.0
9.765600	17.370588404	-40.266667	0.0	0.0
9.775400	17.358775028	-40.366667	0.0	0.0
9.785200	17.340278963	-40.466667	0.0	0.0
9.794900	17.328062788	-40.600000	0.0	0.0
9.804700	17.322821077	-40.700000	0.0	0.0
9.814500	17.297620261	-40.866667	0.0	0.0
9.824200	17.272070039	-40.966667	0.0	0.0
9.834000	17.266742322	-41.066667	0.0	0.0
9.843800	17.261381963	-41.166667	0.0	0.0
9.853500	17.255638817	-41.266667	0.0	0.0
9.863300	17.230365318	-41.366667	0.0	0.0
9.873000	17.224565446	-41.566667	0.0	0.0
9.882800	17.212475950	-41.666667	0.0	0.0
9.892600	17.193761496	-41.766667	0.0	0.0
9.902300	17.168097030	-41.866667	0.0	0.0
9.912100	17.142783868	-41.966667	0.0	0.0
9.921900	17.117474564	-42.100000	0.0	0.0
9.931600	17.111514106	-42.233333	0.0	0.0
9.941400	17.105867222	-42.366667	0.0	0.0
9.951200	17.100188967	-42.466667	0.0	0.0
9.960900	17.087577354	-42.566667	0.0	0.0
9.970700	17.068733539	-42.700000	0.0	0.0
9.980500	17.049877563	-42.800000	0.0	0.0
9.990200	17.037205642	-42.966667	0.0	0.0
10.000000	17.031386317	-43.066667	0.0	0.0
10.009800	17.025536276	-43.200000	0.0	0.0
10.019500	16.999732956	-43.333333	0.0	0.0
10.029300	16.987308656	-43.433333	0.0	0.0
10.039100	16.968347927	-43.500000	0.0	0.0
10.048800	16.949038721	-43.633333	0.0	0.0
10.058600	16.936554963	-43.733333	0.0	0.0
10.068400	16.917554671	-43.833333	0.0	0.0
10.078100	16.904694501	-43.933333	0.0	0.0
10.087900	16.898631553	-44.033333	0.0	0.0
10.097700	16.879578366	-44.166667	0.0	0.0
10.107400	16.866652854	-44.266667	0.0	0.0
10.117200	16.847572633	-44.400000	0.0	0.0
10.127000	16.834941824	-44.533333	0.0	0.0
10.136700	16.834873360	-44.633333	0.0	0.0
10.146500	16.809282887	-44.766667	0.0	0.0
10.156300	16.796586910	-44.833333	0.0	0.0
10.166000	16.777099391	-44.933333	0.0	0.0
10.175800	16.764365665	-45.066667	0.0	0.0
10.185500	16.757711379	-45.233333	0.0	0.0
10.195300	16.732083342	-45.333333	0.0	0.0
10.205100	16.725708729	-45.366667	0.0	0.0
10.214800	16.699741000	-45.500000	0.0	0.0
10.224600	16.693317504	-45.633333	0.0	0.0
10.234400	16.667665410	-45.733333	0.0	0.0
10.244100	16.648085024	-45.833333	0.0	0.0
10.253900	16.641590155	-45.933333	0.0	0.0
10.263700	16.635067429	-46.033333	0.0	0.0
10.273400	16.621813144	-46.166667	0.0	0.0
10.283200	16.596119952	-46.300000	0.0	0.0
10.293000	16.589524782	-46.400000	0.0	0.0
10.302700	16.563499844	-46.533333	0.0	0.0
10.312500	16.556857964	-46.633333	0.0	0.0
10.322300	16.543838704	-46.733333	0.0	0.0
10.332000	16.524137304	-46.866667	0.0	0.0
10.341800	16.511084603	-46.966667	0.0	0.0
10.351600	16.498012583	-47.066667	0.0	0.0
10.361300	16.490930579	-47.133333	0.0	0.0
10.371100	16.477815798	-47.233333	0.0	0.0
10.380900	16.458364700	-47.333333	0.0	0.0
10.390600	16.432283516	-47.433333	0.0	0.0
10.400400	16.419127875	-47.533333	0.0	0.0
10.410200	16.399658823	-47.666667	0.0	0.0
10.419900	16.392446267	-47.733333	0.0	0.0
10.429700	16.379235722	-47.833333	0.0	0.0
10.439500	16.372288817	-47.933333	0.0	0.0
10.449200	16.352446998	-48.033333	0.0	0.0
10.459000	16.339182589	-48.200000	0.0	0.0
10.468800	16.332166770	-48.300000	0.0	0.0
10.478500	16.324813763	-48.400000	0.0	0.0
10.488300	16.298971570	-48.533333	0.0	0.0
10.498000	16.285326506	-48.600000	0.0	0.0
10.507800	16.265731389	-48.733333	0.0	0.0
10.517600	16.246131587	-48.800000	0.0	0.0
10.527300	16.251146250	-48.933333	0.0	0.0
10.537100	16.237738260	-49.033333	0.0	0.0
10.546900	16.218088149	-49.133333	0.0	0.0
10.556600	16.204344417	-49.233333	0.0	0.0
10.566400	16.184679160	-49.400000	0.0	0.0
10.576200	16.177421823	-49.500000	0.0	0.0
10.585900	16.163630262	-49.600000	0.0	0.0
10.595700	16.150128180	-49.633333	0.0	0.0
10.605500	16.130418304	-49.733333	0.0	0.0
10.615200	16.116585215	-49.866667	0.0	0.0
10.625000	16.096861628	-50.000000	0.0	0.0
10.634800	16.083305836	-50.100000	0.0	0.0
10.644500	16.075600293	-49.766667	0.0	0.0
10.654300	16.055845336	-49.833333	0.0	0.0
10.664100	16.029934625	-49.933333	0.0	0.0
10.673800	16.016026864	-50.466667	0.0	0.0
10.683600	16.008546636	-50.600000	0.0	0.0
10.693400	16.007184779	-50.700000	0.0	0.0
10.703100	15.987080663	-50.800000	0.0	0.0
10.712900	15.961147168	-50.900000	0.0	0.0
10.722700	15.941345615	-51.000000	0.0	0.0
10.732400	15.933470032	-51.100000	0.0	0.0
10.742200	15.925868830	-51.200000	0.0	0.0
10.752000	15.918244757	-51.300000	0.0	0.0
10.761700	15.898095291	-51.400000	0.0	0.0
10.771500	15.884335018	-51.500000	0.0	0.0
10.781300	15.858383949	-51.600000	0.0	0.0
10.791000	15.850393621	-51.700000	0.0	0.0
10.800800	15.842675076	-51.800000	0.0	0.0
10.810500	15.834641267	-51.900000	0.0	0.0
10.820300	15.808667704	-52.000000	0.0	0.0
10.830100	15.800891834	-52.100000	0.0	0.0
10.839800	15.774630865	-52.200000	0.0	0.0
10.849600	15.766820405	-52.300000	0.0	0.0
10.859400	15.758988097	-52.400000	0.0	0.0
10.869100	15.738759614	-52.500000	0.0	0.0
10.878900	15.724854514	-52.600000	0.0	0.0
10.888700	15.704908062	-52.700000	0.0	0.0
10.898400	15.690694037	-52.800000	0.0	0.0
10.908200	15.676755468	-52.900000	0.0	0.0
10.918000	15.656794328	-53.000000	0.0	0.0
10.927700	15.648553325	-53.066667	0.0	0.0
10.937500	15.634576868	-53.133333	0.0	0.0
10.947300	15.626583586	-53.300000	0.0	0.0
10.957000	15.618284273	-53.400000	0.0	0.0
10.966800	15.598272869	-53.500000	0.0	0.0
10.976600	15.584241751	-53.600000	0.0	0.0
10.986300	15.563940960	-53.700000	0.0	0.0
10.996100	15.555860078	-53.766667	0.0	0.0
11.005900	15.535829926	-53.866667	0.0	0.0
11.015600	15.521474703	-53.966667	0.0	0.0
11.025400	15.513342320	-54.066667	0.0	0.0
11.035200	15.499240503	-54.100000	0.0	0.0
11.044900	15.490790349	-54.233333	0.0	0.0
11.054700	15.470722252	-54.333333	0.0	0.0
11.064500	15.456586413	-54.466667	0.0	0.0
11.074200	15.436235365	-54.566667	0.0	0.0
11.084000	15.422082932	-54.600000	0.0	0.0
11.093800	15.407919386	-54.700000	0.0	0.0
11.103500	15.393467548	-54.800000	0.0	0.0
11.113300	15.385185714	-54.966667	0.0	0.0
11.123000	15.370708077	-55.000000	0.0	0.0
11.132800	15.368287655	-55.100000	0.0	0.0
11.142600	15.348163398	-55.200000	0.0	0.0
11.152300	15.333650275	-55.333333	0.0	0.0
11.162100	15.307648621	-55.433333	0.0	0.0
11.171900	15.287533181	-55.500000	0.0	0.0
11.181600	15.273007710	-55.600000	0.0	0.0
11.191400	15.264602644	-55.666667	0.0	0.0
11.201200	15.250325155	-55.766667	0.0	0.0
11.210900	15.206559215	-56.033333	0.0	0.0
11.220700	15.198121153	-56.166667	0.0	0.0
11.230500	15.189664599	-56.200000	0.0	0.0
11.240200	15.204240979	-56.166667	0.0	0.0
11.250000	15.178250342	-56.266667	0.0	0.0
11.259800	15.169735892	-56.366667	0.0	0.0
11.269500	15.160934186	-56.466667	0.0	0.0
11.279300	15.140758388	-56.566667	0.0	0.0
11.289100	15.120586611	-56.566667	0.0	0.0
11.298800	15.094357874	-56.666667	0.0	0.0
11.308600	15.085777067	-56.766667	0.0	0.0
11.318400	15.077178492	-56.966667	0.0	0.0
11.328100	15.074079971	-57.066667	0.0	0.0
11.337900	15.048108402	-57.166667	0.0	0.0
11.347700	15.045236708	-57.166667	0.0	0.0
11.357400	15.030537446	-57.266667	0.0	0.0
11.367200	15.021858582	-57.366667	0.0	0.0
11.377000	15.001643806	-57.466667	0.0	0.0
11.386700	14.986921205	-57.566667	0.0	0.0
11.396500	14.978201070	-57.666667	0.0	0.0
11.406300	14.969463871	-57.766667	0.0	0.0
11.416000	14.943233644	-57.866667	0.0	0.0
11.425800	14.923014773	-57.966667	0.0	0.0
11.435500	14.908260854	-58.000000	0.0	0.0
11.445300	14.899477137	-58.100000	0.0	0.0
11.455100	14.890676761	-58.166667	0.0	0.0
11.464800	14.870182525	-58.266667	0.0	0.0
11.474600	14.855654040	-58.300000	0.0	0.0
11.484400	14.841118098	-58.466667	0.0	0.0
11.494100	14.820628088	-58.566667	0.0	0.0
11.503900	14.811766684	-58.666667	0.0	0.0
11.513700	14.802889093	-58.733333	0.0	0.0
11.523400	14.793738627	-58.833333	0.0	0.0
11.533200	14.784829251	-58.933333	0.0	0.0
11.543000	14.758902305	-59.033333	0.0	0.0
11.552700	14.749715998	-59.133333	0.0	0.0
11.562500	14.740769600	-59.233333	0.0	0.0
11.572300	14.720504720	-59.333333	0.0	0.0
11.582000	14.705635185	-59.433333	0.0	0.0
11.591800	14.696652499	-59.533333	0.0	0.0
11.601600	14.687654305	-59.566667	0.0	0.0
11.611300	14.667126085	-59.666667	0.0	0.0
11.621100	14.663730715	-59.733333	0.0	0.0
11.630900	14.649067390	-59.833333	0.0	0.0
11.640600	14.639763652	-59.933333	0.0	0.0
11.650400	14.608254947	-60.033333	0.0	0.0
11.660200	14.599186817	-60.133333	0.0	0.0
11.669900	14.578659829	-60.200000	0.0	0.0
11.679700	14.563978941	-60.300000	0.0	0.0
11.689500	14.554876919	-60.333333	0.0	0.0
11.699200	14.534351671	-60.433333	0.0	0.0
11.709000	14.519654378	-60.533333	0.0	0.0
11.718800	14.510519176	-60.633333	0.0	0.0
11.728500	14.501122157	-60.733333	0.0	0.0
11.738300	14.486397887	-60.833333	0.0	0.0
11.748000	14.476976709	-60.933333	0.0	0.0
11.757800	14.462236874	-60.966667	0.0	0.0
11.767600	14.447491973	-61.033333	0.0	0.0
11.777300	14.438036733	-61.133333	0.0	0.0
11.787100	14.428812928	-61.233333	0.0	0.0
11.796900	14.402983484	-61.366667	0.0	0.0
11.806600	14.393498485	-61.433333	0.0	0.0
11.816400	14.384243775	-61.533333	0.0	0.0
11.826200	14.374975241	-61.633333	0.0	0.0
11.835900	14.348920886	-61.700000	0.0	0.0
11.845700	14.339635958	-61.733333	0.0	0.0
11.855500	14.346845333	-61.833333	0.0	0.0
11.865200	14.326280809	-61.933333	0.0	0.0
11.875000	14.311458754	-61.966667	0.0	0.0
11.884800	14.285663699	-62.133333	0.0	0.0
11.894500	14.276082465	-62.233333	0.0	0.0
11.904300	14.266728371	-62.266667	0.0	0.0
11.914100	14.251890666	-62.333333	0.0	0.0
11.923800	14.231347800	-62.433333	0.0	0.0
11.933600	14.221965478	-62.533333	0.0	0.0
11.943400	14.212570171	-62.633333	0.0	0.0
11.953100	14.202924301	-62.733333	0.0	0.0
11.962900	14.193503575	-62.833333	0.0	0.0
11.972700	14.173187560	-62.900000	0.0	0.0
11.982400	14.158077756	-62.966667	0.0	0.0
11.992200	14.143201397	-63.033333	0.0	0.0
12.002000	14.122900895	-63.133333	0.0	0.0
12.011700	14.129461826	-63.233333	0.0	0.0
12.021500	14.119976964	-63.300000	0.0	0.0
12.031300	14.110479715	-63.366667	0.0	0.0
12.041000	14.084511199	-63.433333	0.0	0.0
12.050800	14.058805552	-63.533333	0.0	0.0
12.060500	14.049060822	-63.633333	0.0	0.0
12.070300	14.039537312	-63.733333	0.0	0.0
12.080100	14.040774318	-63.833333	0.0	0.0
12.089800	14.025603786	-63.933333	0.0	0.0
12.099600	14.010663196	-64.000000	0.0	0.0
12.109400	13.984982167	-64.033333	0.0	0.0
12.119100	13.975179822	-64.133333	0.0	0.0
12.128900	13.960238271	-64.233333	0.0	0.0
12.138700	13.950647219	-64.300000	0.0	0.0
12.148400	13.940815073	-64.400000	0.0	0.0
12.158200	13.925855988	-64.433333	0.0	0.0
12.168000	13.910894878	-64.533333	0.0	0.0
12.177700	13.901037295	-64.633333	0.0	0.0
12.187500	13.880739080	-64.733333	0.0	0.0
12.197300	13.881745500	-64.800000	0.0	0.0
12.207000	13.855894113	-64.866667	0.0	0.0
12.216800	13.846231707	-64.966667	0.0	0.0
12.226600	13.836558232	-65.033333	0.0	0.0
12.236300	13.821342599	-65.133333	0.0	0.0
12.246100	13.806351828	-65.200000	0.0	0.0
12.255900	13.791359652	-65.233333	0.0	0.0
12.265600	13.781429311	-65.333333	0.0	0.0
12.275400	13.771713273	-65.433333	0.0	0.0
12.285200	13.767268914	-65.533333	0.0	0.0
12.294900	13.746748954	-65.600000	0.0	0.0
12.304700	13.731734336	-65.700000	0.0	0.0
12.314500	13.716718716	-65.800000	0.0	0.0
12.324200	13.706738956	-65.833333	0.0	0.0
12.334000	13.696971587	-65.933333	0.0	0.0
12.343800	13.681942249	-66.000000	0.0	0.0
12.353500	13.666690912	-66.100000	0.0	0.0
12.363300	13.646422571	-66.200000	0.0	0.0
12.373000	13.625946911	-66.300000	0.0	0.0
12.382800	13.626606568	-66.400000	0.0	0.0
12.392600	13.616793899	-66.433333	0.0	0.0
12.402300	13.606751854	-66.500000	0.0	0.0
12.412100	13.586487653	-66.600000	0.0	0.0
12.421900	13.576653185	-66.633333	0.0	0.0
12.431600	13.566590687	-66.733333	0.0	0.0
12.441400	13.551535477	-66.800000	0.0	0.0
12.451200	13.541675989	-66.900000	0.0	0.0
12.460900	13.531589724	-66.933333	0.0	0.0
12.470700	13.516523285	-67.000000	0.0	0.0
12.480500	13.501456947	-67.100000	0.0	0.0
12.490200	13.481000305	-67.166667	0.0	0.0
12.500000	13.476280005	-67.233333	0.0	0.0
12.509800	13.461208972	-67.333333	0.0	0.0
12.519500	13.456247578	-67.466667	0.0	0.0
12.529300	13.446325374	-67.533333	0.0	0.0
12.539100	13.431238629	-67.600000	0.0	0.0
12.548800	13.421088145	-67.700000	0.0	0.0
12.558600	13.411142882	-67.800000	0.0	0.0
12.568400	13.390906822	-67.900000	0.0	0.0
12.578100	13.380738593	-68.000000	0.0	0.0
12.587900	13.360516108	-68.000000	0.0	0.0
12.597700	13.350551010	-68.100000	0.0	0.0
12.607400	13.340365570	-68.133333	0.0	0.0
12.617200	13.325268680	-68.200000	0.0	0.0
12.627000	13.305065828	-68.300000	0.0	0.0
12.636700	13.294867618	-68.400000	0.0	0.0
12.646500	13.284871665	-68.466667	0.0	0.0
12.656300	13.285060033	-68.566667	0.0	0.0
12.666000	13.274829977	-68.666667	0.0	0.0
12.675800	13.259711953	-68.700000	0.0	0.0
12.685500	13.239304755	-68.800000	0.0	0.0
12.695300	13.219121758	-68.833333	0.0	0.0
12.705100	13.209088259	-68.900000	0.0	0.0
12.714800	13.193774785	-69.000000	0.0	0.0
12.724600	13.183729333	-69.066667	0.0	0.0
12.734400	13.173675901	-69.166667	0.0	0.0
12.744100	13.163407962	-69.200000	0.0	0.0
12.753900	13.153339050	-69.300000	0.0	0.0
12.763700	13.143262319	-69.400000	0.0	0.0
12.773400	13.117861000	-69.500000	0.0	0.0
12.783200	13.107780721	-69.566667	0.0	0.0
12.793000	13.092667331	-69.700000	0.0	0.0
12.802700	13.077351727	-69.700000	0.0	0.0
12.812500	13.062242940	-69.733333	0.0	0.0
12.822300	13.052144328	-69.800000	0.0	0.0
12.832000	13.046840964	-69.900000	0.0	0.0
12.841800	13.031721909	-70.000000	0.0	0.0
12.851600	13.021601478	-70.100000	0.0	0.0
12.861300	13.006279139	-70.200000	0.0	0.0
12.871100	13.001136829	-70.266667	0.0	0.0
12.880900	12.990995049	-70.300000	0.0	0.0
12.890600	12.980644754	-70.366667	0.0	0.0
12.900400	12.955564869	-70.466667	0.0	0.0
12.910200	12.945413898	-70.566667	0.0	0.0
12.919900	12.935055738	-70.600000	0.0	0.0
12.929700	12.924891221	-70.700000	0.0	0.0
12.939500	12.914719852	-70.766667	0.0	0.0
12.949200	12.904342376	-70.866667	0.0	0.0
12.959000	12.894157767	-70.900000	0.0	0.0
12.968800	12.879023003	-71.000000	0.0	0.0
12.978500	12.873570121	-71.066667	0.0	0.0
12.988300	12.863365876	-71.100000	0.0	0.0
12.998000	12.852957316	-71.200000	0.0	0.0
13.007800	12.832886949	-71.300000	0.0	0.0
13.017600	12.817751428	-71.366667	0.0	0.0
13.027300	12.807336752	-71.466667	0.0	0.0
13.037100	12.797112666	-71.500000	0.0	0.0
13.046900	12.786882292	-71.566667	0.0	0.0
13.056600	12.776449970	-71.633333	0.0	0.0
13.066400	12.761309198	-71.700000	0.0	0.0
13.076200	12.746172028	-71.766667	0.0	0.0
13.085900	12.735730518	-71.866667	0.0	0.0
13.095700	12.725477922	-71.933333	0.0	0.0
13.105500	12.729866706	-72.000000	0.0	0.0
13.115200	12.719396395	-72.066667	0.0	0.0
13.125000	12.709114454	-72.166667	0.0	0.0
13.134800	12.669620174	-72.266667	0.0	0.0
13.144500	12.659157644	-72.266667	0.0	0.0
13.154300	12.644029037	-72.366667	0.0	0.0
13.164100	12.633751941	-72.400000	0.0	0.0
13.173800	12.628122855	-72.466667	0.0	0.0
13.183600	12.617830880	-72.566667	0.0	0.0
13.193400	12.607533360	-72.666667	0.0	0.0
13.203100	12.597039522	-72.766667	0.0	0.0
13.212900	12.581901944	-72.800000	0.0	0.0
13.222700	12.571592330	-72.866667	0.0	0.0
13.232400	12.551450218	-72.966667	0.0	0.0
13.242200	12.550767536	-73.066667	0.0	0.0
13.252000	12.540442304	-73.066667	0.0	0.0
13.261700	12.529922897	-73.166667	0.0	0.0
13.271500	12.514783939	-73.266667	0.0	0.0
13.281300	12.499649641	-73.266667	0.0	0.0
13.291000	12.484332188	-73.366667	0.0	0.0
13.300800	12.478781861	-73.466667	0.0	0.0
13.310500	12.463463309	-73.566667	0.0	0.0
13.320300	12.453115390	-73.566667	0.0	0.0
13.330100	12.442762592	-73.666667	0.0	0.0
13.339800	12.432218568	-73.766667	0.0	0.0
13.349600	12.421856443	-73.800000	0.0	0.0
13.359400	12.401967062	-73.866667	0.0	0.0
13.369100	12.386663615	-73.966667	0.0	0.0
13.378900	12.390556582	-73.966667	0.0	0.0
13.388700	12.384928041	-74.066667	0.0	0.0
13.398400	12.374354260	-74.133333	0.0	0.0
13.408200	12.354474920	-74.200000	0.0	0.0
13.418000	12.348823265	-74.366667	0.0	0.0
13.427700	12.342977182	-74.466667	0.0	0.0
13.437500	12.323108942	-74.466667	0.0	0.0
13.447300	12.303259595	-74.566667	0.0	0.0
13.457000	12.287961392	-74.566667	0.0	0.0
13.466800	12.286989504	-74.666667	0.0	0.0
13.476600	12.276578442	-74.766667	0.0	0.0
13.486300	12.265981325	-74.866667	0.0	0.0
13.496100	12.255562292	-74.866667	0.0	0.0
13.505900	12.231049570	-74.966667	0.0	0.0
13.515600	12.225144289	-75.033333	0.0	0.0
13.525400	12.210034814	-75.066667	0.0	0.0
13.535200	12.204294758	-75.166667	0.0	0.0
13.544900	12.198364492	-75.266667	0.0	0.0
13.554700	12.183249924	-75.266667	0.0	0.0
13.564500	12.163472562	-75.400000	0.0	0.0
13.574200	12.152859792	-75.466667	0.0	0.0
13.584000	12.147083377	-75.566667	0.0	0.0
13.593800	12.136638568	-75.566667	0.0	0.0
13.603500	12.121359221	-75.700000	0.0	0.0
13.613300	12.110911501	-75.766667	0.0	0.0
13.623000	12.109573473	-75.866667	0.0	0.0
13.632800	12.089828128	-75.866667	0.0	0.0
13.642600	12.084006726	-75.966667	0.0	0.0
13.652300	12.073364510	-76.033333	0.0	0.0
13.662100	12.067526273	-76.066667	0.0	0.0
13.671900	12.047799916	-76.166667	0.0	0.0
13.681600	12.037152929	-76.166667	0.0	0.0
13.691400	12.022064420	-76.266667	0.0	0.0
13.701200	12.011591256	-76.266667	0.0	0.0
13.710900	12.000939877	-76.366667	0.0	0.0
13.720700	11.990460720	-76.466667	0.0	0.0
13.730500	11.979978490	-76.566667	0.0	0.0
13.740200	11.969319005	-76.566667	0.0	0.0
13.750000	11.958831030	-76.666667	0.0	0.0
13.759800	11.948340107	-76.733333	0.0	0.0
13.769500	11.933092509	-76.833333	0.0	0.0
13.779300	11.922600114	-76.866667	0.0	0.0
13.789100	11.912104893	-76.966667	0.0	0.0
13.798800	11.910572583	-77.000000	0.0	0.0
13.808600	11.900064046	-77.066667	0.0	0.0
13.818400	11.889552804	-77.166667	0.0	0.0
13.828100	11.883426647	-77.233333	0.0	0.0
13.837900	11.859245030	-77.366667	0.0	0.0
13.847700	11.839643507	-77.433333	0.0	0.0
13.857400	11.828967534	-77.500000	0.0	0.0
13.867200	11.818460058	-77.566667	0.0	0.0
13.877000	11.807950120	-77.633333	0.0	0.0
13.886700	11.801796091	-77.666667	0.0	0.0
13.896500	11.795803525	-77.666667	0.0	0.0
13.906300	11.785278639	-77.733333	0.0	0.0
13.916000	11.770064429	-77.833333	0.0	0.0
13.925800	11.764053040	-77.933333	0.0	0.0
13.935500	11.753352946	-77.966667	0.0	0.0
13.945300	11.742819618	-78.033333	0.0	0.0
13.955100	11.736787436	-78.033333	0.0	0.0
13.964800	11.730578780	-78.133333	0.0	0.0
13.974600	11.715534435	-78.233333	0.0	0.0
13.984400	11.700497876	-78.266667	0.0	0.0
13.994100	11.685302135	-78.366667	0.0	0.0
14.003900	11.674761082	-78.433333	0.0	0.0
14.013700	11.659742663	-78.466667	0.0	0.0
14.023400	11.649035726	-78.500000	0.0	0.0
14.033200	11.634027773	-78.566667	0.0	0.0
14.043000	11.627949180	-78.666667	0.0	0.0
14.052700	11.635084719	-78.733333	0.0	0.0
14.062500	11.624521121	-78.766667	0.0	0.0
14.072300	11.613955832	-78.866667	0.0	0.0
14.082000	11.589873078	-78.933333	0.0	0.0
14.091800	11.570432903	-78.966667	0.0	0.0
14.101600	11.559883297	-79.066667	0.0	0.0
14.111300	11.553601474	-79.133333	0.0	0.0
14.121100	11.547475702	-79.200000	0.0	0.0
14.130900	11.541342060	-79.233333	0.0	0.0
14.140600	11.526187360	-79.333333	0.0	0.0
14.150400	11.515622859	-79.400000	0.0	0.0
14.160200	11.505057005	-79.433333	0.0	0.0
14.169900	11.489917332	-79.533333	0.0	0.0
14.179700	11.483759407	-79.566667	0.0	0.0
14.189500	11.468787819	-79.633333	0.0	0.0
14.199200	11.462457879	-79.733333	0.0	0.0
14.209000	11.451886327	-79.800000	0.0	0.0
14.218800	11.441313640	-79.833333	0.0	0.0
14.228500	11.426193376	-79.866667	0.0	0.0
14.238300	11.415622843	-79.933333	0.0	0.0
14.248000	11.409268820	-80.033333	0.0	0.0
14.257800	11.398692469	-80.133333	0.0	0.0
14.267600	11.388115162	-80.166667	0.0	0.0
14.277300	11.377377557	-80.233333	0.0	0.0
14.287100	11.366798702	-80.233333	0.0	0.0
14.296900	11.356218997	-80.333333	0.0	0.0
14.306600	11.345479872	-80.433333	0.0	0.0
14.316400	11.326202311	-80.433333	0.0	0.0
14.326200	11.324317042	-80.533333	0.0	0.0
14.335900	11.313576709	-80.566667	0.0	0.0
14.345700	11.294321753	-80.633333	0.0	0.0
14.355500	11.279416849	-80.733333	0.0	0.0
14.365200	11.268687977	-80.733333	0.0	0.0
14.375000	11.262436968	-80.833333	0.0	0.0
14.384800	11.260499511	-80.900000	0.0	0.0
14.394500	11.249757687	-80.933333	0.0	0.0
14.404300	11.239171955	-81.033333	0.0	0.0
14.414100	11.228585789	-81.133333	0.0	0.0
14.423800	11.217843676	-81.133333	0.0	0.0
14.433600	11.211558765	-81.233333	0.0	0.0
14.443400	11.200967690	-81.233333	0.0	0.0
14.453100	11.194516696	-81.333333	0.0	0.0
14.462900	11.183921243	-81.400000	0.0	0.0
14.472700	11.173325558	-81.433333	0.0	0.0
14.482400	11.154011215	-81.533333	0.0	0.0
14.492200	11.143423547	-81.566667	0.0	0.0
14.502000	11.132835747	-81.633333	0.0	0.0
14.511700	11.122094564	-81.700000	0.0	0.0
14.521500	11.111506851	-81.766667	0.0	0.0
14.531300	11.100919104	-81.833333	0.0	0.0
14.541000	11.090178821	-81.900000	0.0	0.0
14.550800	11.079591356	-81.933333	0.0	0.0
14.560500	11.068851917	-82.000000	0.0	0.0
14.570300	11.058264864	-82.100000	0.0	0.0
14.580100	11.060404375	-82.133333	0.0	0.0
14.589800	11.049653949	-82.233333	0.0	0.0
14.599600	11.039055436	-82.300000	0.0	0.0
14.609400	11.032690289	-82.333333	0.0	0.0
14.619100	11.021937407	-82.366667	0.0	0.0
14.628900	11.011335851	-82.433333	0.0	0.0
14.638700	10.996513740	-82.533333	0.0	0.0
14.648400	10.985766937	-82.533333	0.0	0.0
14.658200	10.975170760	-82.633333	0.0	0.0
14.668000	10.960367996	-82.733333	0.0	0.0
14.677700	10.949627551	-82.733333	0.0	0.0
14.687500	10.943235848	-82.833333	0.0	0.0
14.697300	10.932641777	-82.900000	0.0	0.0
14.707000	10.921899723	-82.933333	0.0	0.0
14.716800	10.911307014	-83.033333	0.0	0.0
14.726600	10.904899018	-83.033333	0.0	0.0
14.736300	10.898337220	-83.133333	0.0	0.0
14.746100	10.891917658	-83.200000	0.0	0.0
14.755900	10.881315601	-83.233333	0.0	0.0
14.765600	10.870567032	-83.300000	0.0	0.0
14.775400	10.859966708	-83.366667	0.0	0.0
14.785200	10.849367174	-83.400000	0.0	0.0
14.794900	10.842782217	-83.433333	0.0	0.0
14.804700	10.832180529	-83.500000	0.0	0.0
14.814500	10.821579724	-83.600000	0.0	0.0
14.824200	10.806685962	-83.633333	0.0	0.0
14.834000	10.796091318	-83.700000	0.0	0.0
14.843800	10.785497646	-83.800000	0.0	0.0
14.853500	10.774759895	-83.866667	0.0	0.0
14.863300	10.760038386	-83.900000	0.0	0.0
14.873000	10.753433553	-83.966667	0.0	0.0
14.882800	10.746968053	-84.033333	0.0	0.0
14.892600	10.748743927	-84.133333	0.0	0.0
14.902300	10.733876743	-84.166667	0.0	0.0
14.912100	10.723279224	-84.233333	0.0	0.0
14.921900	10.712682915	-84.233333	0.0	0.0
14.931600	10.701944499	-84.333333	0.0	0.0
14.941400	10.691350932	-84.400000	0.0	0.0
14.951200	10.680758662	-84.433333	0.0	0.0
14.960900	10.670025078	-84.500000	0.0	0.0
14.970700	10.659435723	-84.566667	0.0	0.0
14.980500	10.644761888	-84.600000	0.0	0.0
14.990200	10.642202568	-84.700000	0.0	0.0
15.000000	10.631613618	-84.700000	0.0	0.0
15.009800	10.621026138	-84.800000	0.0	0.0
15.019500	10.602158286	-84.833333	0.0	0.0
15.029300	10.595647632	-84.933333	0.0	0.0
15.039100	10.585069021	-85.000000	0.0	0.0
15.048800	10.574351457	-85.033333	0.0	0.0
15.058600	10.563776268	-85.100000	0.0	0.0
15.068400	10.553202717	-85.133333	0.0	0.0
15.078100	10.538445937	-85.200000	0.0	0.0
15.087900	10.527880029	-85.300000	0.0	0.0
15.097700	10.517315841	-85.300000	0.0	0.0
15.107400	10.514681526	-85.333333	0.0	0.0
15.117200	10.496053869	-85.433333	0.0	0.0
15.127000	10.489519962	-85.500000	0.0	0.0
15.136700	10.474800022	-85.600000	0.0	0.0
15.146500	10.464245300	-85.633333	0.0	0.0
15.156300	10.449681477	-85.700000	0.0	0.0
15.166000	10.443003814	-85.733333	0.0	0.0
15.175800	10.428452215	-85.800000	0.0	0.0
15.185500	10.417772253	-85.833333	0.0	0.0
15.195300	10.399246935	-85.900000	0.0	0.0
15.205100	10.388716498	-85.900000	0.0	0.0
15.214800	10.378051682	-86.000000	0.0	0.0
15.224600	10.367525580	-86.033333	0.0	0.0
15.234400	10.357001571	-86.133333	0.0	0.0
15.244100	10.350315258	-86.200000	0.0	0.0
15.253900	10.335824423	-86.200000	0.0	0.0
15.263700	10.321345355	-86.300000	0.0	0.0
15.273400	10.302788509	-86.366667	0.0	0.0
15.283200	10.288338852	-86.400000	0.0	0.0
15.293000	10.273901013	-86.500000	0.0	0.0
15.302700	10.271159227	-86.600000	0.0	0.0
15.312500	10.252793335	-86.600000	0.0	0.0
15.322300	10.234451899	-86.700000	0.0	0.0
15.332000	10.219922940	-86.700000	0.0	0.0
15.341800	10.209456751	-86.766667	0.0	0.0
15.351600	10.198992957	-86.800000	0.0	0.0
15.361300	10.184489740	-86.900000	0.0	0.0
15.371100	10.166229181	-86.900000	0.0	0.0
15.380900	10.147993113	-87.000000	0.0	0.0
15.390600	10.129649897	-87.100000	0.0	0.0
15.400400	10.119226933	-87.133333	0.0	0.0
15.410200	10.108806506	-87.166667	0.0	0.0
15.419900	10.086638306	-87.200000	0.0	0.0
15.429700	10.064641212	-87.200000	0.0	0.0
15.439500	10.054252713	-87.300000	0.0	0.0
15.449200	10.036030925	-87.400000	0.0	0.0
15.459000	10.021809143	-87.500000	0.0	0.0
15.468800	9.999921301	-87.500000	0.0	0.0
15.478500	9.985605621	-87.566667	0.0	0.0
15.488300	9.963780943	-87.600000	0.0	0.0
15.498000	9.941867706	-87.700000	0.0	0.0
15.507800	9.927739725	-87.733333	0.0	0.0
15.517600	9.913623904	-87.800000	0.0	0.0
15.527300	9.903192507	-87.800000	0.0	0.0
15.537100	9.885301549	-87.900000	0.0	0.0
15.546900	9.856081293	-87.900000	0.0	0.0
15.556600	9.838133317	-88.000000	0.0	0.0
15.566400	9.816568590	-88.100000	0.0	0.0
15.576200	9.795043368	-88.100000	0.0	0.0
15.585900	9.777183606	-88.100000	0.0	0.0
15.595700	9.755729387	-88.200000	0.0	0.0
15.605500	9.734314557	-88.200000	0.0	0.0
15.615200	9.709087956	-88.300000	0.0	0.0
15.625000	9.691478844	-88.366667	0.0	0.0
15.634800	9.681321895	-88.400000	0.0	0.0
15.644500	9.656210144	-88.500000	0.0	0.0
15.654300	9.631279172	-88.600000	0.0	0.0
15.664100	9.606405039	-88.600000	0.0	0.0
15.673800	9.581465385	-88.600000	0.0	0.0
15.683600	9.571386375	-88.766667	0.0	0.0
15.693400	9.550308971	-88.866667	0.0	0.0
15.703100	9.529149183	-88.900000	0.0	0.0
15.712900	9.508150043	-88.866667	0.0	0.0
15.722700	9.479910905	-88.900000	0.0	0.0
15.732400	9.458885314	-88.966667	0.0	0.0
15.742200	9.427159420	-89.033333	0.0	0.0
15.752000	9.399139015	-89.066667	0.0	0.0
15.761700	9.371075731	-89.100000	0.0	0.0
15.771500	9.343207640	-89.166667	0.0	0.0
15.781300	9.311840995	-89.200000	0.0	0.0
15.791000	9.291145625	-89.266667	0.0	0.0
15.800800	9.267049553	-89.300000	0.0	0.0
15.810500	9.239345530	-89.400000	0.0	0.0
15.820300	9.208299356	-89.500000	0.0	0.0
15.830100	9.177350461	-89.500000	0.0	0.0
15.839800	9.153405890	-89.500000	0.0	0.0
15.849600	9.126129195	-89.566667	0.0	0.0
15.859400	9.105913191	-89.600000	0.0	0.0
15.869100	9.075166334	-89.700000	0.0	0.0
15.878900	9.044630459	-89.700000	0.0	0.0
15.888700	9.003818464	-89.800000	0.0	0.0
15.898400	8.973396109	-89.800000	0.0	0.0
15.908200	8.953484471	-89.900000	0.0	0.0
15.918000	8.916484673	-90.000000	0.0	0.0
15.927700	8.882927841	-90.033333	0.0	0.0
15.937500	8.842812074	-90.100000	0.0	0.0
15.947300	8.816394098	-90.133333	0.0	0.0
15.957000	8.793312146	-90.233333	0.0	0.0
15.966800	8.763665058	-90.300000	0.0	0.0
15.976600	8.724061614	-90.333333	0.0	0.0
15.986300	8.684521955	-90.400000	0.0	0.0
15.996100	8.655222185	-90.433333	0.0	0.0
16.005900	8.626014790	-90.466667	0.0	0.0
16.015600	8.586900429	-90.500000	0.0	0.0
16.025400	8.554627240	-90.500000	0.0	0.0
16.035200	8.519198982	-90.600000	0.0	0.0
16.044900	8.487061764	-90.666667	0.0	0.0
16.054700	8.451900767	-90.766667	0.0	0.0
16.064500	8.413649689	-90.800000	0.0	0.0
16.074200	8.378676100	-90.833333	0.0	0.0
16.084000	8.337543808	-90.900000	0.0	0.0
16.093800	8.306164604	-90.949000	0.0	0.0
16.103500	8.268445888	-90.998000	0.0	0.0
16.113300	8.230994646	-91.047000	0.0	0.0
16.123000	8.184177527	-91.096000	0.0	0.0
16.132800	8.143970022	-91.145000	0.0	0.0
16.142600	8.110176471	-91.194000	0.0	0.0
16.152300	8.076417191	-91.243000	0.0	0.0
16.162100	8.036721382	-91.292000	0.0	0.0
16.171900	7.994146344	-91.341000	0.0	0.0
16.181600	7.957798221	-91.390000	0.0	0.0
16.191400	7.918668040	-91.439000	0.0	0.0
16.201200	7.876701121	-91.488000	0.0	0.0
16.210900	7.813835311	-91.537000	0.0	0.0
16.220700	7.781366142	-91.586000	0.0	0.0
16.230500	7.740109974	-91.635000	0.0	0.0
16.240200	7.716720079	-91.684000	0.0	0.0
16.250000	7.669906398	-91.733000	0.0	0.0
16.259800	7.629224569	-91.782000	0.0	0.0
16.269500	7.577019632	-91.831000	0.0	0.0
16.279300	7.525259022	-91.880000	0.0	0.0
16.289100	7.482456125	-91.929000	0.0	0.0
16.298800	7.456950518	-91.978000	0.0	0.0
16.308600	7.414525479	-92.027000	0.0	0.0
16.318400	7.372336485	-92.076000	0.0	0.0
16.328100	7.319048691	-92.125000	0.0	0.0
16.337900	7.277392526	-92.174000	0.0	0.0
16.347700	7.227642316	-92.223000	0.0	0.0
16.357400	7.186408183	-92.272000	0.0	0.0
16.367200	7.137269766	-92.321000	0.0	0.0
16.377000	7.093904943	-92.370000	0.0	0.0
16.386700	7.045302948	-92.419000	0.0	0.0
16.396500	7.013244396	-92.468000	0.0	0.0
16.406300	6.970618223	-92.517000	0.0	0.0
16.416000	6.922846257	-92.566000	0.0	0.0
16.425800	6.864934446	-92.615000	0.0	0.0
16.435500	6.825731092	-92.664000	0.0	0.0
16.445300	6.779020296	-92.713000	0.0	0.0
16.455100	6.730041132	-92.762000	0.0	0.0
16.464800	6.681329948	-92.811000	0.0	0.0
16.474600	6.633047250	-92.860000	0.0	0.0
16.484400	6.582582162	-92.909000	0.0	0.0
16.494100	6.532417193	-92.958000	0.0	0.0
16.503900	6.487686173	-93.007000	0.0	0.0
16.513700	6.448204187	-93.056000	0.0	0.0
16.523400	6.391687001	-93.105000	0.0	0.0
16.533200	6.340602176	-93.154000	0.0	0.0
16.543000	6.299584022	-93.203000	0.0	0.0
16.552700	6.256349781	-93.252000	0.0	0.0
16.562500	6.213483021	-93.301000	0.0	0.0
16.572300	6.156712961	-93.350000	0.0	0.0
16.582000	6.107411112	-93.399000	0.0	0.0
16.591800	6.065552155	-93.448000	0.0	0.0
16.601600	6.014735836	-93.497000	0.0	0.0
16.611300	5.961980849	-93.546000	0.0	0.0
16.621100	5.907488137	-93.595000	0.0	0.0
16.630900	5.853489420	-93.644000	0.0	0.0
16.640600	5.806591794	-93.693000	0.0	0.0
16.650400	5.760135182	-93.742000	0.0	0.0
16.660200	5.711853869	-93.791000	0.0	0.0
16.669900	5.663905375	-93.840000	0.0	0.0
16.679700	5.609960504	-93.889000	0.0	0.0
16.689500	5.565061717	-93.938000	0.0	0.0
16.699200	5.516216872	-93.987000	0.0	0.0
16.709000	5.465764531	-94.036000	0.0	0.0
16.718800	5.405387982	-94.085000	0.0	0.0
16.728500	5.351768693	-94.134000	0.0	0.0
16.738300	5.304844950	-94.183000	0.0	0.0
16.748000	5.266344167	-94.232000	0.0	0.0
16.757800	5.218159373	-94.281000	0.0	0.0
16.767600	5.164462681	-94.330000	0.0	0.0
16.777300	5.111254125	-94.379000	0.0	0.0
16.787100	5.058650653	-94.428000	0.0	0.0
16.796900	5.012352511	-94.477000	0.0	0.0
16.806600	4.966415620	-94.526000	0.0	0.0
16.816400	4.915292777	-94.575000	0.0	0.0
16.826200	4.872166187	-94.624000	0.0	0.0
16.835900	4.821949692	-94.673000	0.0	0.0
16.845700	4.774136050	-94.722000	0.0	0.0
16.855500	4.715921998	-94.771000	0.0	0.0
16.865200	4.665515731	-94.820000	0.0	0.0
16.875000	4.619243925	-94.869000	0.0	0.0
16.884800	4.552414957	-94.918000	0.0	0.0
16.894500	4.500291923	-94.967000	0.0	0.0
16.904300	4.450522999	-95.016000	0.0	0.0
16.914100	4.416529353	-95.065000	0.0	0.0
16.923800	4.372660594	-95.114000	0.0	0.0
16.933600	4.322635279	-95.163000	0.0	0.0
16.943400	4.279744025	-95.212000	0.0	0.0
16.953100	4.233974592	-95.261000	0.0	0.0
16.962900	4.191957494	-95.310000	0.0	0.0
16.972700	4.140809044	-95.359000	0.0	0.0
16.982400	4.088664403	-95.408000	0.0	0.0
16.992200	4.034123804	-95.457000	0.0	0.0
17.002000	3.992546875	-95.506000	0.0	0.0
17.011700	3.945288477	-95.555000	0.0	0.0
17.021500	3.903123786	-95.604000	0.0	0.0
17.031300	3.856964112	-95.653000	0.0	0.0
17.041000	3.808378923	-95.702000	0.0	0.0
17.050800	3.747481699	-95.751000	0.0	0.0
17.060500	3.696013171	-95.800000	0.0	0.0
17.070300	3.650891899	-95.849000	0.0	0.0
17.080100	3.617407917	-95.898000	0.0	0.0
17.089800	3.577315908	-95.947000	0.0	0.0
17.099600	3.532280925	-95.996000	0.0	0.0
17.109400	3.482460717	-96.045000	0.0	0.0
17.119100	3.434618654	-96.094000	0.0	0.0
17.128900	3.393977414	-96.143000	0.0	0.0
17.138700	3.348670532	-96.192000	0.0	0.0
17.148400	3.303927766	-96.241000	0.0	0.0
17.158200	3.256067890	-96.290000	0.0	0.0
17.168000	3.218766030	-96.339000	0.0	0.0
17.177700	3.174534326	-96.388000	0.0	0.0
17.187500	3.138162456	-96.437000	0.0	0.0
17.197300	3.098635805	-96.486000	0.0	0.0
17.207000	3.052532647	-96.535000	0.0	0.0
17.216800	3.007148458	-96.584000	0.0	0.0
17.226600	2.960164226	-96.633000	0.0	0.0
17.236300	2.919474966	-96.682000	0.0	0.0
17.246100	2.877167416	-96.731000	0.0	0.0
17.255900	2.837648275	-96.780000	0.0	0.0
17.265600	2.799711946	-96.829000	0.0	0.0
17.275400	2.758075966	-96.878000	0.0	0.0
17.285200	2.717057429	-96.927000	0.0	0.0
17.294900	2.669435574	-96.976000	0.0	0.0
17.304700	2.631751117	-97.025000	0.0	0.0
17.314500	2.595592892	-97.074000	0.0	0.0
17.324200	2.560882846	-97.123000	0.0	0.0
17.334000	2.520853368	-97.172000	0.0	0.0
17.343800	2.485260097	-97.221000	0.0	0.0
17.353500	2.445442714	-97.270000	0.0	0.0
17.363300	2.407213099	-97.319000	0.0	0.0
17.373000	2.366825861	-97.368000	0.0	0.0
17.382800	2.330716586	-97.417000	0.0	0.0
17.392600	2.293395828	-97.466000	0.0	0.0
17.402300	2.255779449	-97.515000	0.0	0.0
17.412100	2.223919035	-97.564000	0.0	0.0
17.421900	2.185786301	-97.613000	0.0	0.0
17.431600	2.148281408	-97.662000	0.0	0.0
17.441400	2.113875237	-97.711000	0.0	0.0
17.451200	2.079220707	-97.760000	0.0	0.0
17.460900	2.041189146	-97.809000	0.0	0.0
17.470700	2.006953356	-97.858000	0.0	0.0
17.480500	1.972533411	-97.907000	0.0	0.0
17.490200	1.943895367	-97.956000	0.0	0.0
17.500000	1.910554500	-98.005000	0.0	0.0
17.509800	1.877784303	-98.054000	0.0	0.0
17.519500	1.846262356	-98.097000	0.0	0.0
17.529300	1.814592650	-98.140000	0.0	0.0
17.539100	1.783465072	-98.183000	0.0	0.0
17.548800	1.747477190	-98.226000	0.0	0.0
17.558600	1.717498780	-98.269000	0.0	0.0
17.568400	1.688681538	-98.312000	0.0	0.0
17.578100	1.659690832	-98.355000	0.0	0.0
17.587900	1.629338459	-98.398000	0.0	0.0
17.597700	1.596473887	-98.441000	0.0	0.0
17.607400	1.567257876	-98.484000	0.0	0.0
17.617200	1.536233045	-98.527000	0.0	0.0
17.627000	1.511611344	-98.570000	0.0	0.0
17.636700	1.489079856	-98.613000	0.0	0.0
17.646500	1.461281303	-98.656000	0.0	0.0
17.656300	1.431251864	-98.699000	0.0	0.0
17.666000	1.398062067	-98.742000	0.0	0.0
17.675800	1.373540569	-98.785000	0.0	0.0
17.685500	1.347880380	-98.828000	0.0	0.0
17.695300	1.324745724	-98.871000	0.0	0.0
17.705100	1.293540710	-98.914000	0.0	0.0
17.714800	1.268398852	-98.957000	0.0	0.0
17.724600	1.243758951	-99.000000	0.0	0.0
17.734400	1.226167120	-99.043000	0.0	0.0
17.744100	1.198187044	-99.086000	0.0	0.0
17.753900	1.173557046	-99.129000	0.0	0.0
17.763700	1.145909166	-99.172000	0.0	0.0
17.773400	1.126655212	-99.215000	0.0	0.0
17.783200	1.102646980	-99.258000	0.0	0.0
17.793000	1.076254609	-99.301000	0.0	0.0
17.802700	1.052903122	-99.344000	0.0	0.0
17.812500	1.032443802	-99.387000	0.0	0.0
17.822300	1.011604687	-99.430000	0.0	0.0
17.832000	0.990794174	-99.473000	0.0	0.0
17.841800	0.968933564	-99.516000	0.0	0.0
17.851600	0.949374642	-99.559000	0.0	0.0
17.861300	0.926636629	-99.602000	0.0	0.0
17.871100	0.906537770	-99.645000	0.0	0.0
17.880900	0.887895964	-99.688000	0.0	0.0
17.890600	0.868960052	-99.731000	0.0	0.0
17.900400	0.848481032	-99.774000	0.0	0.0
17.910200	0.830394004	-99.817000	0.0	0.0
17.919900	0.811436421	-99.860000	0.0	0.0
17.929700	0.794747882	-99.903000	0.0	0.0
17.939500	0.774825673	-99.946000	0.0	0.0
17.949200	0.757135356	-99.989000	0.0	0.0
17.959000	0.739856740	-100.032000	0.0	0.0
17.968800	0.723804840	-100.075000	0.0	0.0
17.978500	0.707278151	-100.118000	0.0	0.0
17.988300	0.689546530	-100.161000	0.0	0.0
17.998000	0.672767745	-100.204000	0.0	0.0
18.007800	0.660193611	-100.247000	0.0	0.0
18.017600	0.643394310	-100.290000	0.0	0.0
18.027300	0.619124569	-100.333000	0.0	0.0
18.037100	0.601520029	-100.376000	0.0	0.0
18.046900	0.587338618	-100.419000	0.0	0.0
18.056600	0.581686014	-100.462000	0.0	0.0
18.066400	0.566447820	-100.505000	0.0	0.0
18.076200	0.553092296	-100.548000	0.0	0.0
18.085900	0.538803304	-100.591000	0.0	0.0
18.095700	0.525090437	-100.634000	0.0	0.0
18.105500	0.512119185	-100.677000	0.0	0.0
18.115200	0.499079349	-100.720000	0.0	0.0
18.125000	0.486563317	-100.763000	0.0	0.0
18.134800	0.473815075	-100.806000	0.0	0.0
18.144500	0.462636624	-100.849000	0.0	0.0
18.154300	0.451553295	-100.892000	0.0	0.0
18.164100	0.438205444	-100.935000	0.0	0.0
18.173800	0.426063982	-100.978000	0.0	0.0
18.183600	0.414422257	-101.021000	0.0	0.0
18.193400	0.405425508	-101.064000	0.0	0.0
18.203100	0.394342916	-101.107000	0.0	0.0
18.212900	0.383125924	-101.150000	0.0	0.0
18.222700	0.372370657	-101.193000	0.0	0.0
18.232400	0.364841596	-101.236000	0.0	0.0
18.242200	0.355143954	-101.279000	0.0	0.0
18.252000	0.345041172	-101.322000	0.0	0.0
18.261700	0.333425702	-101.365000	0.0	0.0
18.271500	0.323443483	-101.408000	0.0	0.0
18.281300	0.313880367	-101.451000	0.0	0.0
18.291000	0.304596494	-101.494000	0.0	0.0
18.300800	0.297068646	-101.537000	0.0	0.0
18.310500	0.287839510	-101.580000	0.0	0.0
18.320300	0.280079827	-101.623000	0.0	0.0
18.330100	0.271693763	-101.666000	0.0	0.0
18.339800	0.264467630	-101.709000	0.0	0.0
18.349600	0.256351898	-101.752000	0.0	0.0
18.359400	0.248389730	-101.795000	0.0	0.0
18.369100	0.241226912	-101.838000	0.0	0.0
18.378900	0.234632965	-101.881000	0.0	0.0
18.388700	0.227956539	-101.924000	0.0	0.0
18.398400	0.221212729	-101.967000	0.0	0.0
18.408200	0.213602328	-102.010000	0.0	0.0
18.418000	0.207683313	-102.053000	0.0	0.0
18.427700	0.201384296	-102.096000	0.0	0.0
18.437500	0.194754455	-102.139000	0.0	0.0
18.447300	0.188632109	-102.182000	0.0	0.0
18.457000	0.182419905	-102.225000	0.0	0.0
18.466800	0.177500654	-102.268000	0.0	0.0
18.476600	0.171459195	-102.311000	0.0	0.0
18.486300	0.166130738	-102.354000	0.0	0.0
18.496100	0.161464479	-102.397000	0.0	0.0
18.505900	0.156268132	-102.440000	0.0	0.0
18.515600	0.151179271	-102.483000	0.0	0.0
18.525400	0.146426109	-102.526000	0.0	0.0
18.535200	0.142040182	-102.569000	0.0	0.0
18.544900	0.137151004	-102.612000	0.0	0.0
18.554700	0.131671325	-102.655000	0.0	0.0
18.564500	0.127140285	-102.698000	0.0	0.0
18.574200	0.123188519	-102.741000	0.0	0.0
18.584000	0.119131989	-102.784000	0.0	0.0
18.593800	0.115164770	-102.827000	0.0	0.0
18.603500	0.111157640	-102.870000	0.0	0.0
18.613300	0.107497101	-102.913000	0.0	0.0
18.623000	0.103677047	-102.956000	0.0	0.0
18.632800	0.099725505	-102.999000	0.0	0.0
18.642600	0.096035020	-103.042000	0.0	0.0
18.652300	0.092515560	-103.085000	0.0	0.0
18.662100	0.089571743	-103.128000	0.0	0.0
18.671900	0.086788136	-103.171000	0.0	0.0
18.681600	0.083767998	-103.214000	0.0	0.0
18.691400	0.081071274	-103.257000	0.0	0.0
18.701200	0.077921197	-103.300000	0.0	0.0
18.710900	0.074921424	-103.343000	0.0	0.0
18.720700	0.071844606	-103.386000	0.0	0.0
18.730500	0.069265250	-103.429000	0.0	0.0
18.740200	0.066880335	-103.472000	0.0	0.0
18.750000	0.064330838	-103.515000	0.0	0.0
18.759800	0.061736178	-103.558000	0.0	0.0
18.769500	0.059496133	-103.601000	0.0	0.0
18.779300	0.057074502	-103.644000	0.0	0.0
18.789100	0.054919759	-103.687000	0.0	0.0
18.798800	0.052542442	-103.730000	0.0	0.0
18.808600	0.050597564	-103.773000	0.0	0.0
18.818400	0.048649912	-103.816000	0.0	0.0
18.828100	0.046920539	-103.859000	0.0	0.0
18.837900	0.044941577	-103.902000	0.0	0.0
18.847700	0.043261349	-103.945000	0.0	0.0
18.857400	0.041468051	-103.988000	0.0	0.0
18.867200	0.039841123	-104.031000	0.0	0.0
18.877000	0.038102133	-104.074000	0.0	0.0
18.886700	0.036452627	-104.117000	0.0	0.0
18.896500	0.034982116	-104.160000	0.0	0.0
18.906300	0.033712924	-104.203000	0.0	0.0
18.916000	0.032790040	-104.246000	0.0	0.0
18.925800	0.031322650	-104.289000	0.0	0.0
18.935500	0.029771695	-104.332000	0.0	0.0
18.945300	0.028113806	-104.375000	0.0	0.0
18.955100	0.026989955	-104.418000	0.0	0.0
18.964800	0.025771906	-104.461000	0.0	0.0
18.974600	0.024496005	-104.504000	0.0	0.0
18.984400	0.023462651	-104.547000	0.0	0.0
18.994100	0.022507164	-104.590000	0.0	0.0
19.003900	0.021516360	-104.633000	0.0	0.0
19.013700	0.020553381	-104.676000	0.0	0.0
19.023400	0.019588129	-104.719000	0.0	0.0
19.033200	0.018884564	-104.762000	0.0	0.0
19.043000	0.017922038	-104.805000	0.0	0.0
19.052700	0.017067231	-104.848000	0.0	0.0
19.062500	0.016061140	-104.891000	0.0	0.0
19.072300	0.015306978	-104.934000	0.0	0.0
19.082000	0.014706109	-104.977000	0.0	0.0
19.091800	0.014107295	-105.020000	0.0	0.0
19.101600	0.013311372	-105.063000	0.0	0.0
19.111300	0.012550580	-105.106000	0.0	0.0
19.121100	0.011956638	-105.149000	0.0	0.0
19.130900	0.011544828	-105.192000	0.0	0.0
19.140600	0.011036408	-105.235000	0.0	0.0
19.150400	0.010457769	-105.278000	0.0	0.0
19.160200	0.009848802	-105.321000	0.0	0.0
19.169900	0.009253862	-105.364000	0.0	0.0
19.179700	0.008768668	-105.407000	0.0	0.0
19.189500	0.008382572	-105.450000	0.0	0.0
19.199200	0.008053468	-105.493000	0.0	0.0
19.209000	0.007604888	-105.536000	0.0	0.0
19.218800	0.007164775	-105.579000	0.0	0.0
19.228500	0.006799456	-105.622000	0.0	0.0
19.238300	0.006460261	-105.665000	0.0	0.0
19.248000	0.006093328	-105.708000	0.0	0.0
19.257800	0.005749499	-105.751000	0.0	0.0
19.267600	0.005429234	-105.794000	0.0	0.0
19.277300	0.005138572	-105.837000	0.0	0.0
19.287100	0.004899110	-105.880000	0.0	0.0
19.296900	0.004620884	-105.923000	0.0	0.0
19.306600	0.004336722	-105.966000	0.0	0.0
19.316400	0.004034308	-106.009000	0.0	0.0
19.326200	0.003828626	-106.052000	0.0	0.0
19.335900	0.003605610	-106.095000	0.0	0.0
19.345700	0.003359327	-106.138000	0.0	0.0
19.355500	0.003141898	-106.181000	0.0	0.0
19.365200	0.002988551	-106.224000	0.0	0.0
19.375000	0.002829655	-106.267000	0.0	0.0
19.384800	0.002668943	-106.310000	0.0	0.0
19.394500	0.002446849	-106.353000	0.0	0.0
19.404300	0.002259675	-106.396000	0.0	0.0
19.414100	0.002078825	-106.439000	0.0	0.0
19.423800	0.001985722	-106.482000	0.0	0.0
19.433600	0.001881582	-106.525000	0.0	0.0
19.443400	0.001782219	-106.568000	0.0	0.0
19.453100	0.001646497	-106.611000	0.0	0.0
19.462900	0.001532258	-106.654000	0.0	0.0
19.472700	0.001436379	-106.697000	0.0	0.0
19.482400	0.001366789	-106.740000	0.0	0.0
19.492200	0.001271955	-106.783000	0.0	0.0
19.502000	0.001185518	-106.826000	0.0	0.0
19.511700	0.001086443	-106.869000	0.0	0.0
19.521500	0.000997569	-106.912000	0.0	0.0
19.531300	0.000861415	-106.955000	0.0	0.0
19.541000	0.000764675	-106.998000	0.0	0.0
19.550800	0.000709435	-107.041000	0.0	0.0
19.560500	0.000729754	-107.084000	0.0	0.0
19.570300	0.000699753	-107.127000	0.0	0.0
19.580100	0.000655964	-107.170000	0.0	0.0
19.589800	0.000579175	-107.213000	0.0	0.0
19.599600	0.000525910	-107.256000	0.0	0.0
19.609400	0.000486234	-107.299000	0.0	0.0
19.619100	0.000472362	-107.342000	0.0	0.0
19.628900	0.000432556	-107.385000	0.0	0.0
19.638700	0.000416846	-107.428000	0.0	0.0
19.648400	0.000365234	-107.471000	0.0	0.0
19.658200	0.000342245	-107.514000	0.0	0.0
19.668000	0.000312683	-107.557000	0.0	0.0
19.677700	0.000295029	-107.600000	0.0	0.0
19.687500	0.000269752	-107.643000	0.0	0.0
19.697300	0.000190720	-107.686000	0.0	0.0
19.707000	0.000164119	-107.729000	0.0	0.0
19.716800	0.000126015	-107.772000	0.0	0.0
19.726600	0.000142349	-107.815000	0.0	0.0
19.736300	0.000152563	-107.858000	0.0	0.0
19.746100	0.000158628	-107.901000	0.0	0.0
19.755900	0.000163422	-107.944000	0.0	0.0
19.765600	0.000152547	-107.987000	0.0	0.0
19.775400	0.000124165	-108.030000	0.0	0.0
19.785200	0.000240952	-108.073000	0.0	0.0
19.794900	0.000242581	-108.116000	0.0	0.0
19.804700	0.000241057	-108.159000	0.0	0.0
19.814500	0.000112819	-108.202000	0.0	0.0
19.824200	0.000093787	-108.245000	0.0	0.0
19.834000	0.000089826	-108.288000	0.0	0.0
19.843800	0.000084983	-108.331000	0.0	0.0
19.853500	0.000083610	-108.374000	0.0	0.0
19.863300	0.000103479	-108.417000	0.0	0.0
19.873000	0.000105385	-108.460000	0.0	0.0
19.882800	0.000113991	-108.503000	0.0	0.0
19.892600	0.000085994	-108.546000	0.0	0.0
19.902300	0.000108573	-108.589000	0.0	0.0
19.912100	0.000129216	-108.632000	0.0	0.0
19.921900	0.000142641	-108.675000	0.0	0.0
19.931600	0.000128480	-108.718000	0.0	0.0
19.941400	0.000121319	-108.761000	0.0	0.0
19.951200	0.000110033	-108.804000	0.0	0.0
19.960900	0.000098313	-108.847000	0.0	0.0
19.970700	0.000071373	-108.890000	0.0	0.0
19.980500	0.000084391	-108.933000	0.0	0.0
19.990200	0.000077783	-108.976000	0.0	0.0
