# UNCLASSIFIED
#
# Response info for BOSA short period site.
#
# Effective: 20 July 2002
# File name: BOSA_sp_response_20040923.txt
# Inid:  
# Source:  James Neely (CTI)
# System equipment:  GS21 seismometer and AIM24S-1 digitizer.
# 
# This nominal response file is the actual amplitude and phase of the RB calibration.
#
# Displacement response relative to 1.0 at 1.0 Hz. The nominal calib value for
# this configuration is 0.012850 nm/count at 1.0 Hz.
#
# Freq(Hz)    Ampl(norm)   Phase(deg)   Error(amp)  Error(phase)
#
 theoretical  0       system    fap   J.Neely
55				
0.163000	0.004500000	260.00000	0.0	0.0
0.179000	0.006000000	259.00000	0.0	0.0
0.196000	0.008000000	258.00000	0.0	0.0
0.215000	0.010050000	256.90000	0.0	0.0
0.236000	0.014000000	255.30000	0.0	0.0
0.260000	0.018000000	254.00000	0.0	0.0
0.285000	0.023000000	252.00000	0.0	0.0
0.313000	0.032000000	248.10000	0.0	0.0
0.343000	0.043000000	247.10000	0.0	0.0
0.377000	0.055000000	244.30000	0.0	0.0
0.413000	0.075000000	241.30000	0.0	0.0
0.453000	0.100000000	240.00000	0.0	0.0
0.498000	0.139150345	235.00000	0.0	0.0
0.546000	0.180487691	231.00000	0.0	0.0
0.599000	0.230000000	225.00000	0.0	0.0
0.658000	0.329595170	217.00000	0.0	0.0
0.722000	0.438825789	210.40000	0.0	0.0
0.792000	0.563000000	199.30000	0.0	0.0
0.870000	0.739220833	190.60000	0.0	0.0
0.955000	0.917821690	182.30000	0.0	0.0
1.048000	1.086716417	174.90000	0.0	0.0
1.150000	1.288109507	164.10000	0.0	0.0
1.262000	1.469989728	153.70000	0.0	0.0
1.385000	1.648939489	146.30000	0.0	0.0
1.520000	1.818019483	139.60000	0.0	0.0
1.668000	2.004245843	134.10000	0.0	0.0
1.831000	2.169917836	127.30000	0.0	0.0
2.009000	2.361755209	121.50000	0.0	0.0
2.205000	2.556604441	117.10000	0.0	0.0
2.420000	2.783365957	114.00000	0.0	0.0
2.656000	3.002499999	110.50000	0.0	0.0
2.915000	3.268838800	107.20000	0.0	0.0
3.199000	3.529955132	104.20000	0.0	0.0
3.511000	3.856432859	102.00000	0.0	0.0
3.854000	4.155914991	99.30000	0.0	0.0
4.229000	4.528898946	97.50000	0.0	0.0
4.642000	4.925610669	95.50000	0.0	0.0
5.094000	5.355670944	93.60000	0.0	0.0
5.591000	5.824309398	91.80000	0.0	0.0
6.136000	6.340745120	90.10000	0.0	0.0
6.734000	6.902843977	88.50000	0.0	0.0
7.391000	7.506857078	87.20000	0.0	0.0
8.111000	8.143842137	85.60000	0.0	0.0
8.902000	8.866302310	84.00000	0.0	0.0
9.770000	9.719624989	82.60000	0.0	0.0
10.000000	9.902730162	82.10000	0.0	0.0
11.000000	10.780716619	80.60000	0.0	0.0
12.000000	11.652958270	79.20000	0.0	0.0
13.000000	12.551577081	77.80000	0.0	0.0
14.000000	13.393157648	76.50000	0.0	0.0
15.000000	14.218251901	75.40000	0.0	0.0
16.000000	13.270122374	74.10000	0.0	0.0
17.000000	6.850209703	72.60000	0.0	0.0
18.000000	1.347495893	71.60000	0.0	0.0
19.000000	0.046774435	70.20000	0.0	0.0
