# UNCLASSIFIED
#
# Response info for BOSA broad band site.
# 
# Effective: 19 Jul 2002
# Created:  07 Mar 2007
# File name: BOSA_bb_2007054_rsp.txt
# Inid:  
# Source:  James Neely (TTD)
# System equipment:  KS54000-0102 seismometer and AIM24S-3 digitizer.
# 
# The response file was derived from the average of actual RB calibrations.
# Displacement response normalized to 1.0 at 1.0 Hz.
# 
# The calib values for this configuration are as follows:
# 
# BOSAB BHZ is 0.020110 nm/count at 1.0 Hz.
# BOSAB BHN is 0.020600 nm/count at 1.0 Hz.
# BOSAB BHE is 0.020065 nm/count at 1.0 Hz.
# 
# Freq(Hz)     Amp(counts/nm)   Phase(deg)  Error(amp) Error(phase)
# 
 theoretical   0   instrument   fap
2047
0.009800	0.005496161	148.000000	0.0	0.0
0.019500	0.015235894	131.000000	0.0	0.0
0.029300	0.025656709	118.733333	0.0	0.0
0.039100	0.036532278	112.200000	0.0	0.0
0.048800	0.046675232	107.000000	0.0	0.0
0.058600	0.056981116	103.300000	0.0	0.0
0.068400	0.067203120	100.866667	0.0	0.0
0.078100	0.076928500	99.100000	0.0	0.0
0.087900	0.087021000	97.700000	0.0	0.0
0.097700	0.096967250	96.366667	0.0	0.0
0.107400	0.106863000	94.733333	0.0	0.0
0.117200	0.117200000	92.966667	0.0	0.0
0.127000	0.127000000	91.900000	0.0	0.0
0.136700	0.136700000	91.633333	0.0	0.0
0.146500	0.146500000	90.400000	0.0	0.0
0.156300	0.156300000	90.148150	0.0	0.0
0.166000	0.166000000	89.896300	0.0	0.0
0.175800	0.175800000	89.644450	0.0	0.0
0.185500	0.185500000	89.392600	0.0	0.0
0.195300	0.195300000	89.140750	0.0	0.0
0.205100	0.205100000	88.888900	0.0	0.0
0.214800	0.214800000	88.637050	0.0	0.0
0.224600	0.224600000	88.385200	0.0	0.0
0.234400	0.234400000	88.133350	0.0	0.0
0.244100	0.244100000	87.881500	0.0	0.0
0.253900	0.253900000	87.629650	0.0	0.0
0.263700	0.263700000	87.377800	0.0	0.0
0.273400	0.273400000	87.125950	0.0	0.0
0.283200	0.283200000	86.874100	0.0	0.0
0.293000	0.293000000	86.622250	0.0	0.0
0.302700	0.302700000	86.370400	0.0	0.0
0.312500	0.312500000	86.118550	0.0	0.0
0.322300	0.322300000	85.866700	0.0	0.0
0.332000	0.332000000	85.614850	0.0	0.0
0.341800	0.341800000	85.363000	0.0	0.0
0.351600	0.351600000	85.111150	0.0	0.0
0.361300	0.361300000	84.859300	0.0	0.0
0.371100	0.371100000	84.607450	0.0	0.0
0.380900	0.380900000	84.355600	0.0	0.0
0.390600	0.390600000	84.103750	0.0	0.0
0.400400	0.400400000	83.851900	0.0	0.0
0.410200	0.410200000	83.600000	0.0	0.0
0.419900	0.419900000	83.333333	0.0	0.0
0.429700	0.429700000	83.100000	0.0	0.0
0.439500	0.439500000	83.100000	0.0	0.0
0.449200	0.449200000	83.033333	0.0	0.0
0.459000	0.459000000	82.733333	0.0	0.0
0.468800	0.468800000	82.633333	0.0	0.0
0.478500	0.478500000	82.666667	0.0	0.0
0.488300	0.488300000	82.400000	0.0	0.0
0.498000	0.498000000	81.933333	0.0	0.0
0.507800	0.507800000	81.400000	0.0	0.0
0.517600	0.517600000	81.433333	0.0	0.0
0.527300	0.527300000	81.133333	0.0	0.0
0.537100	0.537100000	81.100000	0.0	0.0
0.546900	0.546900000	80.766667	0.0	0.0
0.556600	0.556600000	81.000000	0.0	0.0
0.566400	0.566400000	80.900000	0.0	0.0
0.576200	0.576200000	80.666667	0.0	0.0
0.585900	0.585900000	80.200000	0.0	0.0
0.595700	0.595700000	79.900000	0.0	0.0
0.605500	0.605500000	79.700000	0.0	0.0
0.615200	0.615200000	79.600000	0.0	0.0
0.625000	0.625000000	79.400000	0.0	0.0
0.634800	0.634800000	79.233333	0.0	0.0
0.644500	0.644500000	79.166667	0.0	0.0
0.654300	0.654300000	78.900000	0.0	0.0
0.664100	0.664100000	78.666667	0.0	0.0
0.673800	0.673800000	78.300000	0.0	0.0
0.683600	0.683600000	78.233333	0.0	0.0
0.693400	0.693400000	77.933333	0.0	0.0
0.703100	0.703100000	77.666667	0.0	0.0
0.712900	0.712900000	77.466667	0.0	0.0
0.722700	0.722700000	77.333333	0.0	0.0
0.732400	0.732400000	77.300000	0.0	0.0
0.742200	0.742200000	77.066667	0.0	0.0
0.752000	0.752000000	76.900000	0.0	0.0
0.761700	0.761700000	76.566667	0.0	0.0
0.771500	0.771500000	76.300000	0.0	0.0
0.781300	0.781300000	76.000000	0.0	0.0
0.791000	0.791000000	75.900000	0.0	0.0
0.800800	0.799571670	75.800000	0.0	0.0
0.810500	0.808635902	75.666667	0.0	0.0
0.820300	0.819356138	75.400000	0.0	0.0
0.830100	0.830100000	75.166667	0.0	0.0
0.839800	0.840444818	75.066667	0.0	0.0
0.849600	0.850578701	74.866667	0.0	0.0
0.859400	0.861050618	74.566667	0.0	0.0
0.869100	0.871103482	74.366667	0.0	0.0
0.878900	0.880926074	74.166667	0.0	0.0
0.888700	0.889382364	73.900000	0.0	0.0
0.898400	0.899434917	73.700000	0.0	0.0
0.908200	0.908548602	73.500000	0.0	0.0
0.918000	0.918000000	73.366667	0.0	0.0
0.927700	0.926988237	73.166667	0.0	0.0
0.937500	0.937500000	72.966667	0.0	0.0
0.947300	0.947300000	72.800000	0.0	0.0
0.957000	0.957000000	72.633333	0.0	0.0
0.966800	0.966429048	72.433333	0.0	0.0
0.976600	0.975850719	72.266667	0.0	0.0
0.986300	0.985921566	72.066667	0.0	0.0
0.996100	0.996100000	71.866667	0.0	0.0
1.005900	1.005900000	71.633333	0.0	0.0
1.015600	1.015600000	71.400000	0.0	0.0
1.025400	1.025400000	71.200000	0.0	0.0
1.035200	1.036392504	71.000000	0.0	0.0
1.044900	1.045301072	70.833333	0.0	0.0
1.054700	1.054700000	70.633333	0.0	0.0
1.064500	1.063275154	70.400000	0.0	0.0
1.074200	1.072963993	70.200000	0.0	0.0
1.084000	1.083168318	69.966667	0.0	0.0
1.093800	1.092960800	69.833333	0.0	0.0
1.103500	1.102230280	69.600000	0.0	0.0
1.113300	1.112445839	69.400000	0.0	0.0
1.123000	1.122569116	69.266667	0.0	0.0
1.132800	1.132365355	69.133333	0.0	0.0
1.142600	1.141285290	68.933333	0.0	0.0
1.152300	1.150974129	68.633333	0.0	0.0
1.162100	1.161208397	68.433333	0.0	0.0
1.171900	1.171450353	68.300000	0.0	0.0
1.181600	1.180240416	68.133333	0.0	0.0
1.191400	1.190485918	67.933333	0.0	0.0
1.201200	1.200739111	67.633333	0.0	0.0
1.210900	1.209506702	67.433333	0.0	0.0
1.220700	1.218827594	67.233333	0.0	0.0
1.230500	1.229084150	67.033333	0.0	0.0
1.240200	1.238772989	66.833333	0.0	0.0
1.250000	1.249040958	66.633333	0.0	0.0
1.259800	1.258350436	66.466667	0.0	0.0
1.269500	1.267552740	66.266667	0.0	0.0
1.279300	1.276847606	66.100000	0.0	0.0
1.289100	1.286628820	65.900000	0.0	0.0
1.298800	1.296310225	65.700000	0.0	0.0
1.308600	1.306592766	65.500000	0.0	0.0
1.318400	1.315872652	65.333333	0.0	0.0
1.328100	1.325554057	65.133333	0.0	0.0
1.337900	1.335335271	64.933333	0.0	0.0
1.347700	1.345116485	64.700000	0.0	0.0
1.357400	1.354797890	64.500000	0.0	0.0
1.367200	1.364579103	64.300000	0.0	0.0
1.377000	1.373832988	64.133333	0.0	0.0
1.386700	1.383510679	63.966667	0.0	0.0
1.396500	1.393822936	63.800000	0.0	0.0
1.406300	1.403604149	63.600000	0.0	0.0
1.416000	1.413285555	63.400000	0.0	0.0
1.425800	1.421974943	63.133333	0.0	0.0
1.435500	1.432198442	62.966667	0.0	0.0
1.445300	1.441422630	62.766667	0.0	0.0
1.455100	1.450639528	62.533333	0.0	0.0
1.464800	1.460870316	62.333333	0.0	0.0
1.474600	1.471208514	62.133333	0.0	0.0
1.484400	1.480985975	61.900000	0.0	0.0
1.494100	1.488948463	61.700000	0.0	0.0
1.503900	1.498714673	61.566667	0.0	0.0
1.513700	1.507902094	61.333333	0.0	0.0
1.523400	1.518147439	61.166667	0.0	0.0
1.533200	1.528500120	60.933333	0.0	0.0
1.543000	1.538270079	60.733333	0.0	0.0
1.552700	1.546752713	60.533333	0.0	0.0
1.562500	1.556515176	60.333333	0.0	0.0
1.572300	1.565676673	60.100000	0.0	0.0
1.582000	1.574731370	59.933333	0.0	0.0
1.591800	1.583878391	59.733333	0.0	0.0
1.601600	1.594853247	59.533333	0.0	0.0
1.611300	1.604512385	59.333333	0.0	0.0
1.621100	1.614271103	59.133333	0.0	0.0
1.630900	1.623406695	58.933333	0.0	0.0
1.640600	1.633688959	58.733333	0.0	0.0
1.650400	1.642186767	58.566667	0.0	0.0
1.660200	1.651937998	58.400000	0.0	0.0
1.669900	1.661589725	58.166667	0.0	0.0
1.679700	1.671340956	57.933333	0.0	0.0
1.689500	1.679802395	57.733333	0.0	0.0
1.699200	1.689446718	57.566667	0.0	0.0
1.709000	1.699190466	57.400000	0.0	0.0
1.718800	1.709590169	57.200000	0.0	0.0
1.728500	1.719238193	56.966667	0.0	0.0
1.738300	1.728985682	56.766667	0.0	0.0
1.748000	1.737966609	56.566667	0.0	0.0
1.757800	1.747710358	56.333333	0.0	0.0
1.767600	1.757454107	56.133333	0.0	0.0
1.777300	1.767098429	55.933333	0.0	0.0
1.787100	1.776842178	55.733333	0.0	0.0
1.796900	1.786585927	55.533333	0.0	0.0
1.806600	1.796230250	55.333333	0.0	0.0
1.816400	1.804588394	55.133333	0.0	0.0
1.826200	1.814324667	54.933333	0.0	0.0
1.835900	1.823961590	54.733333	0.0	0.0
1.845700	1.832994291	54.500000	0.0	0.0
1.855500	1.842019791	54.300000	0.0	0.0
1.865200	1.850938860	54.100000	0.0	0.0
1.875000	1.861378123	53.900000	0.0	0.0
1.884800	1.871825128	53.700000	0.0	0.0
1.894500	1.881458354	53.500000	0.0	0.0
1.904300	1.889739905	53.300000	0.0	0.0
1.914100	1.898007642	53.066667	0.0	0.0
1.923800	1.907626091	52.866667	0.0	0.0
1.933600	1.918079649	52.700000	0.0	0.0
1.943400	1.927061308	52.466667	0.0	0.0
1.953100	1.935936672	52.266667	0.0	0.0
1.962900	1.948639530	52.066667	0.0	0.0
1.972700	1.956865806	51.833333	0.0	0.0
1.982400	1.967997862	51.666667	0.0	0.0
1.992200	1.975451034	51.433333	0.0	0.0
2.002000	1.985168642	51.233333	0.0	0.0
2.011700	1.993256624	51.066667	0.0	0.0
2.021500	2.002198257	50.900000	0.0	0.0
2.031300	2.010361083	50.666667	0.0	0.0
2.041000	2.021512067	50.466667	0.0	0.0
2.050800	2.029660074	50.266667	0.0	0.0
2.060500	2.040042831	50.066667	0.0	0.0
2.070300	2.048959066	49.833333	0.0	0.0
2.080100	2.058658046	49.600000	0.0	0.0
2.089800	2.068258057	49.400000	0.0	0.0
2.099600	2.078754636	49.200000	0.0	0.0
2.109400	2.087656018	49.000000	0.0	0.0
2.119100	2.097256029	48.800000	0.0	0.0
2.128900	2.104530683	48.600000	0.0	0.0
2.138700	2.114218504	48.333333	0.0	0.0
2.148400	2.121363752	48.133333	0.0	0.0
2.158200	2.132676687	47.900000	0.0	0.0
2.168000	2.142360790	47.733333	0.0	0.0
2.177700	2.152772074	47.533333	0.0	0.0
2.187500	2.160800782	47.333333	0.0	0.0
2.197300	2.170481170	47.133333	0.0	0.0
2.207000	2.178390160	46.900000	0.0	0.0
2.216800	2.188063120	46.700000	0.0	0.0
2.226600	2.196892830	46.466667	0.0	0.0
2.236300	2.206463413	46.266667	0.0	0.0
2.246100	2.216132662	46.100000	0.0	0.0
2.255900	2.224947892	45.900000	0.0	0.0
2.265600	2.232800407	45.700000	0.0	0.0
2.275400	2.242458530	45.466667	0.0	0.0
2.285200	2.252116654	45.233333	0.0	0.0
2.294900	2.261676225	45.000000	0.0	0.0
2.304700	2.272206172	44.800000	0.0	0.0
2.314500	2.281868002	44.600000	0.0	0.0
2.324200	2.290552042	44.400000	0.0	0.0
2.334000	2.298445366	44.200000	0.0	0.0
2.343800	2.308096079	44.000000	0.0	0.0
2.353500	2.317648316	43.833333	0.0	0.0
2.363300	2.327299029	43.600000	0.0	0.0
2.373000	2.334162414	43.400000	0.0	0.0
2.382800	2.342902728	43.133333	0.0	0.0
2.392600	2.350733691	42.933333	0.0	0.0
2.402300	2.361169917	42.700000	0.0	0.0
2.412100	2.368983170	42.533333	0.0	0.0
2.421900	2.380434343	42.333333	0.0	0.0
2.431600	2.389968268	42.100000	0.0	0.0
2.441400	2.396839428	41.900000	0.0	0.0
2.451200	2.403691612	41.700000	0.0	0.0
2.460900	2.413203610	41.500000	0.0	0.0
2.470700	2.422813669	41.300000	0.0	0.0
2.480500	2.432423729	41.000000	0.0	0.0
2.490200	2.440062190	40.800000	0.0	0.0
2.500000	2.448724964	40.600000	0.0	0.0
2.509800	2.458323965	40.400000	0.0	0.0
2.519500	2.466878137	40.100000	0.0	0.0
2.529300	2.473623951	39.900000	0.0	0.0
2.539100	2.482255446	39.700000	0.0	0.0
2.548800	2.492694709	39.533333	0.0	0.0
2.558600	2.502278987	39.366667	0.0	0.0
2.568400	2.511863265	39.133333	0.0	0.0
2.578100	2.519415279	38.933333	0.0	0.0
2.587900	2.528992204	38.666667	0.0	0.0
2.597700	2.537595104	38.433333	0.0	0.0
2.607400	2.548048330	38.266667	0.0	0.0
2.617200	2.556643918	38.100000	0.0	0.0
2.627000	2.563264402	37.900000	0.0	0.0
2.636700	2.569768803	37.633333	0.0	0.0
2.646500	2.578330375	37.333333	0.0	0.0
2.656300	2.585892435	37.166667	0.0	0.0
2.666000	2.595335328	36.966667	0.0	0.0
2.675800	2.604875570	36.766667	0.0	0.0
2.685500	2.611310350	36.566667	0.0	0.0
2.695300	2.620839615	36.366667	0.0	0.0
2.705100	2.628350772	36.166667	0.0	0.0
2.714800	2.638788041	35.900000	0.0	0.0
2.724600	2.646281774	35.666667	0.0	0.0
2.734400	2.655800074	35.466667	0.0	0.0
2.744100	2.663176401	35.266667	0.0	0.0
2.753900	2.672687399	35.066667	0.0	0.0
2.763700	2.680140523	34.800000	0.0	0.0
2.773400	2.688515293	34.566667	0.0	0.0
2.783200	2.695945338	34.366667	0.0	0.0
2.793000	2.704400053	34.166667	0.0	0.0
2.802700	2.711710234	33.966667	0.0	0.0
2.812500	2.717018097	33.700000	0.0	0.0
2.822300	2.724393544	33.500000	0.0	0.0
2.832000	2.736906214	33.266667	0.0	0.0
2.841800	2.746377147	33.066667	0.0	0.0
2.851600	2.754790687	32.866667	0.0	0.0
2.861300	2.758862535	32.666667	0.0	0.0
2.871100	2.768311685	32.466667	0.0	0.0
2.880900	2.777760835	32.233333	0.0	0.0
2.890600	2.788183364	32.033333	0.0	0.0
2.900400	2.796562715	31.800000	0.0	0.0
2.910200	2.802783183	31.566667	0.0	0.0
2.919900	2.808889436	31.366667	0.0	0.0
2.929700	2.818316854	31.166667	0.0	0.0
2.939500	2.825574730	30.966667	0.0	0.0
2.949200	2.830550398	30.666667	0.0	0.0
2.959000	2.837777222	30.466667	0.0	0.0
2.968800	2.846083307	30.166667	0.0	0.0
2.978500	2.857574781	29.966667	0.0	0.0
2.988300	2.862579311	29.766667	0.0	0.0
2.998000	2.869667826	29.566667	0.0	0.0
3.007800	2.875735608	29.366667	0.0	0.0
3.017600	2.883998329	29.166667	0.0	0.0
3.027300	2.891049056	28.900000	0.0	0.0
3.037100	2.899295124	28.700000	0.0	0.0
3.046900	2.908650460	28.466667	0.0	0.0
3.056600	2.916790759	28.266667	0.0	0.0
3.066400	2.927265670	28.066667	0.0	0.0
3.076200	2.934367932	27.833333	0.0	0.0
3.085900	2.939105543	27.566667	0.0	0.0
3.095700	2.943916813	27.366667	0.0	0.0
3.105500	2.952103187	27.166667	0.0	0.0
3.115200	2.962460721	26.966667	0.0	0.0
3.125000	2.969500174	26.766667	0.0	0.0
3.134800	2.982243986	26.466667	0.0	0.0
3.144500	2.990324133	26.266667	0.0	0.0
3.154300	2.998492701	26.033333	0.0	0.0
3.164100	3.002042715	25.800000	0.0	0.0
3.173800	3.007781075	25.566667	0.0	0.0
3.183600	3.014753648	25.366667	0.0	0.0
3.193400	3.020554348	25.166667	0.0	0.0
3.203100	3.028566848	24.966667	0.0	0.0
3.212900	3.034337436	24.700000	0.0	0.0
3.222700	3.040090734	24.466667	0.0	0.0
3.232400	3.048071134	24.266667	0.0	0.0
3.242200	3.057312285	24.033333	0.0	0.0
3.252000	3.063024968	23.866667	0.0	0.0
3.261700	3.072161297	23.566667	0.0	0.0
3.271500	3.077846273	23.366667	0.0	0.0
3.281300	3.087066170	23.166667	0.0	0.0
3.291000	3.092629415	22.966667	0.0	0.0
3.300800	3.099458868	22.666667	0.0	0.0
3.310500	3.104990379	22.466667	0.0	0.0
3.320300	3.114182014	22.233333	0.0	0.0
3.330100	3.119779801	22.033333	0.0	0.0
3.339800	3.127666658	21.833333	0.0	0.0
3.349600	3.132032654	21.566667	0.0	0.0
3.359400	3.139990865	21.300000	0.0	0.0
3.369100	3.145433938	21.066667	0.0	0.0
3.378900	3.152163038	20.866667	0.0	0.0
3.388700	3.157667927	20.700000	0.0	0.0
3.398400	3.164277004	20.466667	0.0	0.0
3.408200	3.172184257	20.266667	0.0	0.0
3.418000	3.177645107	20.033333	0.0	0.0
3.427700	3.186663000	19.800000	0.0	0.0
3.437500	3.192096707	19.600000	0.0	0.0
3.447300	3.197513691	19.400000	0.0	0.0
3.457000	3.202821335	19.200000	0.0	0.0
3.466800	3.208205073	18.933333	0.0	0.0
3.476600	3.216039636	18.700000	0.0	0.0
3.486300	3.226250533	18.433333	0.0	0.0
3.496100	3.231596877	18.200000	0.0	0.0
3.505900	3.239412033	18.000000	0.0	0.0
3.515600	3.244637046	17.800000	0.0	0.0
3.525400	3.252433309	17.500000	0.0	0.0
3.535200	3.256471802	17.233333	0.0	0.0
3.544900	3.262901687	17.033333	0.0	0.0
3.554700	3.266903360	16.866667	0.0	0.0
3.564500	3.274652994	16.700000	0.0	0.0
3.574200	3.279786071	16.433333	0.0	0.0
3.584000	3.286255563	16.200000	0.0	0.0
3.593800	3.292713197	15.933333	0.0	0.0
3.603500	3.299067436	15.733333	0.0	0.0
3.613300	3.305501468	15.533333	0.0	0.0
3.623000	3.313103480	15.300000	0.0	0.0
3.632800	3.318242761	15.100000	0.0	0.0
3.642600	3.323365828	14.900000	0.0	0.0
3.652300	3.328381581	14.666667	0.0	0.0
3.662100	3.332193396	14.400000	0.0	0.0
3.671900	3.338547133	14.166667	0.0	0.0
3.681600	3.343514939	13.966667	0.0	0.0
3.691400	3.351128705	13.700000	0.0	0.0
3.701200	3.356159200	13.500000	0.0	0.0
3.710900	3.362373220	13.266667	0.0	0.0
3.720700	3.366081712	13.066667	0.0	0.0
3.730500	3.373652742	12.833333	0.0	0.0
3.740200	3.378532953	12.566667	0.0	0.0
3.750000	3.387385320	12.366667	0.0	0.0
3.759800	3.391028269	12.166667	0.0	0.0
3.769500	3.397168441	11.900000	0.0	0.0
3.779300	3.402081402	11.666667	0.0	0.0
3.789100	3.404364610	11.466667	0.0	0.0
3.798800	3.411770130	11.166667	0.0	0.0
3.808600	3.414014514	11.000000	0.0	0.0
3.818400	3.420173109	10.833333	0.0	0.0
3.828100	3.427545859	10.566667	0.0	0.0
3.837900	3.441599431	10.333333	0.0	0.0
3.847700	3.446417366	10.066667	0.0	0.0
3.857400	3.451130190	9.866667	0.0	0.0
3.867200	3.447968581	9.633333	0.0	0.0
3.877000	3.452728803	9.433333	0.0	0.0
3.886700	3.454731928	9.266667	0.0	0.0
3.896500	3.459457614	9.033333	0.0	0.0
3.906300	3.462838683	8.766667	0.0	0.0
3.916000	3.468774089	8.533333	0.0	0.0
3.925800	3.474786861	8.300000	0.0	0.0
3.935500	3.479364409	8.066667	0.0	0.0
3.945300	3.481342077	7.800000	0.0	0.0
3.955100	3.488650544	7.600000	0.0	0.0
3.964800	3.494523387	7.400000	0.0	0.0
3.974600	3.499130138	7.200000	0.0	0.0
3.984400	3.502377316	7.000000	0.0	0.0
3.994100	3.506864083	6.766667	0.0	0.0
4.003900	3.510076288	6.533333	0.0	0.0
4.013700	3.514618913	6.266667	0.0	0.0
4.023400	3.519058973	6.000000	0.0	0.0
4.033200	3.523571526	5.800000	0.0	0.0
4.043000	3.528069036	5.600000	0.0	0.0
4.052700	3.532464367	5.400000	0.0	0.0
4.062500	3.536931976	5.133333	0.0	0.0
4.072300	3.541384626	4.900000	0.0	0.0
4.082000	3.545735485	4.700000	0.0	0.0
4.091800	3.550158405	4.500000	0.0	0.0
4.101600	3.554566453	4.233333	0.0	0.0
4.111300	3.558873093	4.000000	0.0	0.0
4.121100	3.560517732	3.800000	0.0	0.0
4.130900	3.564878083	3.600000	0.0	0.0
4.140600	3.569137487	3.400000	0.0	0.0
4.150400	3.573468469	3.133333	0.0	0.0
4.160200	3.576411997	2.900000	0.0	0.0
4.169900	3.579252251	2.666667	0.0	0.0
4.179700	3.580786640	2.433333	0.0	0.0
4.189500	3.585052567	2.200000	0.0	0.0
4.199200	3.589218463	1.966667	0.0	0.0
4.209000	3.593455401	1.766667	0.0	0.0
4.218800	3.597677836	1.533333	0.0	0.0
4.228500	3.597656278	1.300000	0.0	0.0
4.238300	3.600463071	1.033333	0.0	0.0
4.248000	3.604551001	0.800000	0.0	0.0
4.257800	3.608709512	0.633333	0.0	0.0
4.267600	3.612853680	0.433333	0.0	0.0
4.277300	3.615511204	0.233333	0.0	0.0
4.287100	3.621014639	0.000000	0.0	0.0
4.296900	3.623725121	-0.266667	0.0	0.0
4.306600	3.627726488	-0.466667	0.0	0.0
4.316400	3.629011551	-0.666667	0.0	0.0
4.326200	3.628885452	-0.933333	0.0	0.0
4.335900	3.631443214	-1.166667	0.0	0.0
4.345700	3.632673859	-1.366667	0.0	0.0
4.355500	3.636676622	-1.566667	0.0	0.0
4.365200	3.640581964	-1.766667	0.0	0.0
4.375000	3.644556808	-1.966667	0.0	0.0
4.384800	3.648517685	-2.166667	0.0	0.0
4.394500	3.650980125	-2.400000	0.0	0.0
4.404300	3.654911735	-2.666667	0.0	0.0
4.414100	3.656022286	-2.900000	0.0	0.0
4.423800	3.659840434	-3.133333	0.0	0.0
4.433600	3.660916655	-3.366667	0.0	0.0
4.443400	3.663380905	-3.566667	0.0	0.0
4.453100	3.662934178	-3.766667	0.0	0.0
4.462900	3.665364386	-3.966667	0.0	0.0
4.472700	3.667778520	-4.233333	0.0	0.0
4.482400	3.671503468	-4.466667	0.0	0.0
4.492200	3.675296803	-4.733333	0.0	0.0
4.502000	3.679076548	-4.900000	0.0	0.0
4.511700	3.682761102	-5.133333	0.0	0.0
4.521500	3.682272025	-5.333333	0.0	0.0
4.531300	3.686006947	-5.600000	0.0	0.0
4.541000	3.685401729	-5.733333	0.0	0.0
4.550800	3.689105564	-6.000000	0.0	0.0
4.560500	3.691298164	-6.233333	0.0	0.0
4.570300	3.693556176	-6.433333	0.0	0.0
4.580100	3.695798575	-6.666667	0.0	0.0
4.589800	3.695107647	-6.933333	0.0	0.0
4.599600	3.694480670	-7.133333	0.0	0.0
4.609400	3.698092167	-7.333333	0.0	0.0
4.619100	3.697351140	-7.533333	0.0	0.0
4.628900	3.700932225	-7.733333	0.0	0.0
4.638700	3.704500174	-7.966667	0.0	0.0
4.648400	3.703708735	-8.166667	0.0	0.0
4.658200	3.708669486	-8.433333	0.0	0.0
4.668000	3.709347441	-8.633333	0.0	0.0
4.677700	3.711353869	-8.866667	0.0	0.0
4.687500	3.709151856	-9.033333	0.0	0.0
4.697300	3.712629672	-9.233333	0.0	0.0
4.707000	3.713164574	-9.466667	0.0	0.0
4.716800	3.715187999	-9.666667	0.0	0.0
4.726600	3.717196481	-9.933333	0.0	0.0
4.736300	3.716258108	-10.166667	0.0	0.0
4.746100	3.715382671	-10.400000	0.0	0.0
4.755900	3.717343676	-10.600000	0.0	0.0
4.765600	3.719211880	-10.800000	0.0	0.0
4.775400	3.719715763	-11.000000	0.0	0.0
4.785200	3.720204046	-11.200000	0.0	0.0
4.794900	3.722027300	-11.400000	0.0	0.0
4.804700	3.725343092	-11.600000	0.0	0.0
4.814500	3.725785582	-11.866667	0.0	0.0
4.824200	3.727565679	-12.100000	0.0	0.0
4.834000	3.730840186	-12.300000	0.0	0.0
4.843800	3.729805653	-12.500000	0.0	0.0
4.853500	3.732974592	-12.700000	0.0	0.0
4.863300	3.727615084	-12.933333	0.0	0.0
4.873000	3.726459550	-13.133333	0.0	0.0
4.882800	3.728226330	-13.400000	0.0	0.0
4.892600	3.728547764	-13.600000	0.0	0.0
4.902300	3.731641246	-13.800000	0.0	0.0
4.912100	3.730501333	-14.000000	0.0	0.0
4.921900	3.733642967	-14.200000	0.0	0.0
4.931600	3.732397105	-14.400000	0.0	0.0
4.941400	3.732644914	-14.600000	0.0	0.0
4.951200	3.731445788	-14.833333	0.0	0.0
4.960900	3.728726015	-15.066667	0.0	0.0
4.970700	3.731793060	-15.333333	0.0	0.0
4.980500	3.734848110	-15.533333	0.0	0.0
4.990200	3.737816285	-15.733333	0.0	0.0
5.000000	3.737977398	-15.933333	0.0	0.0
5.009800	3.735256141	-16.133333	0.0	0.0
5.019500	3.735314083	-16.333333	0.0	0.0
5.029300	3.735432350	-16.533333	0.0	0.0
5.039100	3.736970277	-16.766667	0.0	0.0
5.048800	3.736986255	-16.966667	0.0	0.0
5.058600	3.735628439	-17.166667	0.0	0.0
5.068400	3.734257102	-17.366667	0.0	0.0
5.078100	3.732798804	-17.633333	0.0	0.0
5.087900	3.732833052	-17.833333	0.0	0.0
5.097700	3.735719623	-18.033333	0.0	0.0
5.107400	3.735653090	-18.233333	0.0	0.0
5.117200	3.735646086	-18.466667	0.0	0.0
5.127000	3.734192057	-18.600000	0.0	0.0
5.136700	3.734085022	-18.800000	0.0	0.0
5.146500	3.734037230	-19.000000	0.0	0.0
5.156300	3.731111067	-19.266667	0.0	0.0
5.166000	3.730964085	-19.466667	0.0	0.0
5.175800	3.728013585	-19.700000	0.0	0.0
5.185500	3.729271240	-19.900000	0.0	0.0
5.195300	3.727725839	-20.066667	0.0	0.0
5.205100	3.727598064	-20.200000	0.0	0.0
5.214800	3.728816315	-20.466667	0.0	0.0
5.224600	3.730093454	-20.700000	0.0	0.0
5.234400	3.729926214	-20.900000	0.0	0.0
5.244100	3.731106377	-21.033333	0.0	0.0
5.253900	3.729481602	-21.266667	0.0	0.0
5.263700	3.726414225	-21.500000	0.0	0.0
5.273400	3.724694991	-21.700000	0.0	0.0
5.283200	3.723034422	-21.900000	0.0	0.0
5.293000	3.724219136	-22.100000	0.0	0.0
5.302700	3.723891833	-22.300000	0.0	0.0
5.312500	3.725051457	-22.500000	0.0	0.0
5.322300	3.723339897	-22.700000	0.0	0.0
5.332000	3.721546708	-22.900000	0.0	0.0
5.341800	3.719811709	-23.100000	0.0	0.0
5.351600	3.719492138	-23.300000	0.0	0.0
5.361300	3.719090754	-23.500000	0.0	0.0
5.371100	3.718746476	-23.700000	0.0	0.0
5.380900	3.718389852	-23.900000	0.0	0.0
5.390600	3.716525415	-24.100000	0.0	0.0
5.400400	3.714718670	-24.266667	0.0	0.0
5.410200	3.714325729	-24.466667	0.0	0.0
5.419900	3.711002728	-24.666667	0.0	0.0
5.429700	3.712010261	-24.866667	0.0	0.0
5.439500	3.708733676	-25.066667	0.0	0.0
5.449200	3.709648389	-25.266667	0.0	0.0
5.459000	3.706349993	-25.466667	0.0	0.0
5.468800	3.705885877	-25.666667	0.0	0.0
5.478500	3.701078807	-25.866667	0.0	0.0
5.488300	3.702012174	-26.066667	0.0	0.0
5.498000	3.700025656	-26.266667	0.0	0.0
5.507800	3.699515305	-26.466667	0.0	0.0
5.517600	3.697574045	-26.666667	0.0	0.0
5.527300	3.694137336	-26.866667	0.0	0.0
5.537100	3.693592959	-27.066667	0.0	0.0
5.546900	3.694454621	-27.300000	0.0	0.0
5.556600	3.693820619	-27.466667	0.0	0.0
5.566400	3.693241821	-27.633333	0.0	0.0
5.576200	3.688402792	-27.833333	0.0	0.0
5.585900	3.689151495	-28.033333	0.0	0.0
5.595700	3.687124108	-28.233333	0.0	0.0
5.605500	3.683672599	-28.400000	0.0	0.0
5.615200	3.681560113	-28.633333	0.0	0.0
5.625000	3.679503272	-28.800000	0.0	0.0
5.634800	3.677436418	-29.033333	0.0	0.0
5.644500	3.678116470	-29.200000	0.0	0.0
5.654300	3.676028308	-29.433333	0.0	0.0
5.664100	3.673930295	-29.600000	0.0	0.0
5.673800	3.670348954	-29.766667	0.0	0.0
5.683600	3.666824904	-29.933333	0.0	0.0
5.693400	3.666106106	-30.133333	0.0	0.0
5.703100	3.663905975	-30.266667	0.0	0.0
5.712900	3.663166190	-30.466667	0.0	0.0
5.722700	3.661010543	-30.666667	0.0	0.0
5.732400	3.660185987	-30.866667	0.0	0.0
5.742200	3.658010784	-31.033333	0.0	0.0
5.752000	3.655826226	-31.233333	0.0	0.0
5.761700	3.649365049	-31.466667	0.0	0.0
5.771500	3.647164623	-31.666667	0.0	0.0
5.781300	3.644955015	-31.866667	0.0	0.0
5.791000	3.644071572	-32.033333	0.0	0.0
5.800800	3.644639341	-32.200000	0.0	0.0
5.810500	3.643735458	-32.366667	0.0	0.0
5.820300	3.641486496	-32.566667	0.0	0.0
5.830100	3.636436464	-32.766667	0.0	0.0
5.839800	3.634109205	-32.933333	0.0	0.0
5.849600	3.630442002	-33.100000	0.0	0.0
5.859400	3.626768319	-33.266667	0.0	0.0
5.869100	3.624417143	-33.466667	0.0	0.0
5.878900	3.622119210	-33.666667	0.0	0.0
5.888700	3.621202096	-33.866667	0.0	0.0
5.898400	3.617436261	-34.066667	0.0	0.0
5.908200	3.617888584	-34.266667	0.0	0.0
5.918000	3.615554903	-34.366667	0.0	0.0
5.927700	3.613151866	-34.566667	0.0	0.0
5.937500	3.609416140	-34.733333	0.0	0.0
5.947300	3.607058447	-34.933333	0.0	0.0
5.957000	3.601866401	-35.133333	0.0	0.0
5.966800	3.599494224	-35.266667	0.0	0.0
5.976600	3.597113907	-35.466667	0.0	0.0
5.986300	3.594665450	-35.666667	0.0	0.0
5.996100	3.589513027	-35.766667	0.0	0.0
6.005900	3.585734228	-35.933333	0.0	0.0
6.015600	3.581890326	-36.133333	0.0	0.0
6.025400	3.580847973	-36.366667	0.0	0.0
6.035200	3.578422919	-36.533333	0.0	0.0
6.044900	3.575930922	-36.666667	0.0	0.0
6.054700	3.573490480	-36.833333	0.0	0.0
6.064500	3.571042348	-37.033333	0.0	0.0
6.074200	3.568527825	-37.233333	0.0	0.0
6.084000	3.566064593	-37.433333	0.0	0.0
6.093800	3.563593815	-37.633333	0.0	0.0
6.103500	3.559690850	-37.766667	0.0	0.0
6.113300	3.555841344	-37.933333	0.0	0.0
6.123000	3.553292229	-38.100000	0.0	0.0
6.132800	3.553520309	-38.300000	0.0	0.0
6.142600	3.546926879	-38.466667	0.0	0.0
6.152300	3.544357371	-38.666667	0.0	0.0
6.162100	3.540479428	-38.800000	0.0	0.0
6.171900	3.537954262	-39.033333	0.0	0.0
6.181600	3.536721799	-39.233333	0.0	0.0
6.191400	3.531470067	-39.366667	0.0	0.0
6.201200	3.527570795	-39.533333	0.0	0.0
6.210900	3.524962790	-39.666667	0.0	0.0
6.220700	3.522404745	-39.866667	0.0	0.0
6.230500	3.519839822	-40.033333	0.0	0.0
6.240200	3.515862179	-40.233333	0.0	0.0
6.250000	3.513284751	-40.366667	0.0	0.0
6.259800	3.510700581	-40.533333	0.0	0.0
6.269500	3.508053759	-40.700000	0.0	0.0
6.279300	3.504111357	-40.866667	0.0	0.0
6.289100	3.501508355	-41.033333	0.0	0.0
6.298800	3.498843243	-41.233333	0.0	0.0
6.308600	3.494885820	-41.366667	0.0	0.0
6.318400	3.494945838	-41.566667	0.0	0.0
6.328100	3.492260782	-41.666667	0.0	0.0
6.337900	3.488285713	-41.900000	0.0	0.0
6.347700	3.480297690	-42.066667	0.0	0.0
6.357400	3.474931150	-42.266667	0.0	0.0
6.367200	3.472283354	-42.366667	0.0	0.0
6.377000	3.469629356	-42.500000	0.0	0.0
6.386700	3.466914915	-42.700000	0.0	0.0
6.396500	3.462919566	-42.866667	0.0	0.0
6.406300	3.457593547	-43.033333	0.0	0.0
6.416000	3.454864524	-43.200000	0.0	0.0
6.425800	3.450858917	-43.366667	0.0	0.0
6.435500	3.448119389	-43.566667	0.0	0.0
6.445300	3.445427666	-43.700000	0.0	0.0
6.455100	3.442730084	-43.866667	0.0	0.0
6.464800	3.439973475	-44.033333	0.0	0.0
6.474600	3.434627237	-44.200000	0.0	0.0
6.484400	3.431914533	-44.366667	0.0	0.0
6.494100	3.427827605	-44.533333	0.0	0.0
6.503900	3.425104727	-44.666667	0.0	0.0
6.513700	3.418438354	-44.866667	0.0	0.0
6.523400	3.423528986	-45.133333	0.0	0.0
6.533200	3.418161829	-45.233333	0.0	0.0
6.543000	3.416726796	-45.366667	0.0	0.0
6.552700	3.406070388	-45.466667	0.0	0.0
6.562500	3.402013112	-45.633333	0.0	0.0
6.572300	3.397953091	-45.833333	0.0	0.0
6.582000	3.395141491	-45.933333	0.0	0.0
6.591800	3.392376313	-46.133333	0.0	0.0
6.601600	3.389605895	-46.333333	0.0	0.0
6.611300	3.385479574	-46.533333	0.0	0.0
6.621100	3.380104655	-46.666667	0.0	0.0
6.630900	3.376026226	-46.733333	0.0	0.0
6.640600	3.373188837	-46.900000	0.0	0.0
6.650400	3.370397320	-47.033333	0.0	0.0
6.660200	3.367600801	-47.233333	0.0	0.0
6.669900	3.364748871	-47.433333	0.0	0.0
6.679700	3.360652630	-47.533333	0.0	0.0
6.689500	3.357842524	-47.666667	0.0	0.0
6.699200	3.353690214	-47.800000	0.0	0.0
6.709000	3.350871640	-47.966667	0.0	0.0
6.718800	3.348048292	-48.133333	0.0	0.0
6.728500	3.343886978	-48.333333	0.0	0.0
6.738300	3.339773460	-48.466667	0.0	0.0
6.748000	3.336888849	-48.600000	0.0	0.0
6.757800	3.331491180	-48.766667	0.0	0.0
6.767600	3.328649100	-48.933333	0.0	0.0
6.777300	3.328306989	-49.033333	0.0	0.0
6.787100	3.324177825	-49.200000	0.0	0.0
6.796900	3.318772991	-49.333333	0.0	0.0
6.806600	3.312050089	-49.500000	0.0	0.0
6.816400	3.309190238	-49.666667	0.0	0.0
6.826200	3.305057416	-49.833333	0.0	0.0
6.835900	3.299608150	-49.966667	0.0	0.0
6.845700	3.296738726	-50.066667	0.0	0.0
6.855500	3.293865048	-50.266667	0.0	0.0
6.865200	3.290939213	-50.366667	0.0	0.0
6.875000	3.284273901	-50.566667	0.0	0.0
6.884800	3.280132058	-50.733333	0.0	0.0
6.894500	3.274684337	-50.900000	0.0	0.0
6.904300	3.274308939	-51.066667	0.0	0.0
6.914100	3.270159909	-51.166667	0.0	0.0
6.923800	3.265962404	-51.266667	0.0	0.0
6.933600	3.261810929	-51.366667	0.0	0.0
6.943400	3.258908636	-51.566667	0.0	0.0
6.953100	3.257205370	-51.766667	0.0	0.0
6.962900	3.251797488	-51.866667	0.0	0.0
6.972700	3.248884809	-52.066667	0.0	0.0
6.982400	3.243431458	-52.166667	0.0	0.0
6.992200	3.243001693	-52.300000	0.0	0.0
7.002000	3.236349678	-52.466667	0.0	0.0
7.011700	3.229658921	-52.633333	0.0	0.0
7.021500	3.226734507	-52.733333	0.0	0.0
7.031300	3.223806462	-52.900000	0.0	0.0
7.041000	3.223302099	-53.033333	0.0	0.0
7.050800	3.220364737	-53.233333	0.0	0.0
7.060500	3.214909786	-53.366667	0.0	0.0
7.070300	3.211967743	-53.533333	0.0	0.0
7.080100	3.209022226	-53.633333	0.0	0.0
7.089800	3.202339096	-53.766667	0.0	0.0
7.099600	3.199390229	-53.933333	0.0	0.0
7.109400	3.196437987	-54.066667	0.0	0.0
7.119100	3.193437543	-54.166667	0.0	0.0
7.128900	3.188030904	-54.333333	0.0	0.0
7.138700	3.183849017	-54.433333	0.0	0.0
7.148400	3.178402152	-54.600000	0.0	0.0
7.158200	3.177877570	-54.733333	0.0	0.0
7.168000	3.174909351	-54.900000	0.0	0.0
7.177700	3.170676759	-55.033333	0.0	0.0
7.187500	3.165273130	-55.166667	0.0	0.0
7.197300	3.161085715	-55.300000	0.0	0.0
7.207000	3.159278088	-55.466667	0.0	0.0
7.216800	3.153876403	-55.633333	0.0	0.0
7.226600	3.148478148	-55.800000	0.0	0.0
7.236300	3.143039918	-55.900000	0.0	0.0
7.246100	3.140057903	-56.066667	0.0	0.0
7.255900	3.134666111	-56.166667	0.0	0.0
7.265600	3.131637497	-56.300000	0.0	0.0
7.275400	3.128649237	-56.400000	0.0	0.0
7.285200	3.125658157	-56.566667	0.0	0.0
7.294900	3.121423360	-56.700000	0.0	0.0
7.304700	3.116035411	-56.800000	0.0	0.0
7.314500	3.113039593	-56.900000	0.0	0.0
7.324200	3.109998610	-57.066667	0.0	0.0
7.334000	3.105805387	-57.233333	0.0	0.0
7.343800	3.101612280	-57.400000	0.0	0.0
7.353500	3.097377197	-57.500000	0.0	0.0
7.363300	3.094371804	-57.633333	0.0	0.0
7.373000	3.091321924	-57.733333	0.0	0.0
7.382800	3.088311535	-57.800000	0.0	0.0
7.392600	3.085298642	-57.900000	0.0	0.0
7.402300	3.079876832	-58.033333	0.0	0.0
7.412100	3.073321093	-58.233333	0.0	0.0
7.421900	3.071485234	-58.300000	0.0	0.0
7.431600	3.069603816	-58.400000	0.0	0.0
7.441400	3.063053977	-58.533333	0.0	0.0
7.451200	3.058859673	-58.833333	0.0	0.0
7.460900	3.053452856	-59.000000	0.0	0.0
7.470700	3.051602511	-59.133333	0.0	0.0
7.480500	3.047408168	-59.266667	0.0	0.0
7.490200	3.044341824	-59.366667	0.0	0.0
7.500000	3.040147092	-59.466667	0.0	0.0
7.509800	3.037118271	-59.566667	0.0	0.0
7.519500	3.032882815	-59.700000	0.0	0.0
7.529300	3.028688452	-59.833333	0.0	0.0
7.539100	3.023334296	-59.966667	0.0	0.0
7.548800	3.020261773	-60.100000	0.0	0.0
7.558600	3.013755596	-60.266667	0.0	0.0
7.568400	3.010722608	-60.400000	0.0	0.0
7.578100	3.007647940	-60.500000	0.0	0.0
7.587900	3.003458246	-60.566667	0.0	0.0
7.597700	2.998118594	-60.700000	0.0	0.0
7.607400	2.995042013	-60.833333	0.0	0.0
7.617200	2.992003005	-60.966667	0.0	0.0
7.627000	2.988962133	-61.066667	0.0	0.0
7.636700	2.983589454	-61.166667	0.0	0.0
7.646500	2.979403746	-61.333333	0.0	0.0
7.656300	2.975219024	-61.466667	0.0	0.0
7.666000	2.970996555	-61.566667	0.0	0.0
7.675800	2.967952756	-61.700000	0.0	0.0
7.685500	2.963731073	-61.833333	0.0	0.0
7.695300	2.960685127	-61.966667	0.0	0.0
7.705100	2.956502697	-62.066667	0.0	0.0
7.714800	2.951150369	-62.166667	0.0	0.0
7.724600	2.946971934	-62.333333	0.0	0.0
7.734400	2.942794679	-62.466667	0.0	0.0
7.744100	2.939708619	-62.566667	0.0	0.0
7.753900	2.935532294	-62.666667	0.0	0.0
7.763700	2.930232485	-62.833333	0.0	0.0
7.773400	2.927145762	-62.933333	0.0	0.0
7.783200	2.924095307	-63.066667	0.0	0.0
7.793000	2.921043400	-63.166667	0.0	0.0
7.802700	2.916833076	-63.333333	0.0	0.0
7.812500	2.912661601	-63.433333	0.0	0.0
7.822300	2.908491516	-63.566667	0.0	0.0
7.832000	2.903171413	-63.666667	0.0	0.0
7.841800	2.899005872	-63.766667	0.0	0.0
7.851600	2.894841787	-63.866667	0.0	0.0
7.861300	2.890642409	-64.000000	0.0	0.0
7.871100	2.886481400	-64.166667	0.0	0.0
7.880900	2.883428257	-64.266667	0.0	0.0
7.890600	2.880337386	-64.400000	0.0	0.0
7.900400	2.876177914	-64.533333	0.0	0.0
7.910200	2.873122419	-64.633333	0.0	0.0
7.919900	2.870029526	-64.766667	0.0	0.0
7.929700	2.864772180	-64.900000	0.0	0.0
7.939500	2.860617688	-65.033333	0.0	0.0
7.949200	2.855332951	-65.133333	0.0	0.0
7.959000	2.854467952	-65.233333	0.0	0.0
7.968800	2.851409510	-65.400000	0.0	0.0
7.978500	2.848314338	-65.533333	0.0	0.0
7.988300	2.841980103	-65.600000	0.0	0.0
7.998000	2.838886741	-65.700000	0.0	0.0
8.007800	2.833652245	-65.800000	0.0	0.0
8.017600	2.829508820	-65.900000	0.0	0.0
8.027300	2.825332036	-66.000000	0.0	0.0
8.037100	2.821192401	-66.133333	0.0	0.0
8.046900	2.817054642	-66.266667	0.0	0.0
8.056600	2.816124183	-66.400000	0.0	0.0
8.066400	2.813064915	-66.500000	0.0	0.0
8.076200	2.810004823	-66.600000	0.0	0.0
8.085900	2.803679499	-66.700000	0.0	0.0
8.095700	2.797398942	-66.800000	0.0	0.0
8.105500	2.794343620	-66.933333	0.0	0.0
8.115200	2.791253159	-67.033333	0.0	0.0
8.125000	2.784988266	-67.200000	0.0	0.0
8.134800	2.780866967	-67.300000	0.0	0.0
8.144500	2.779912295	-67.400000	0.0	0.0
8.154300	2.776855955	-67.500000	0.0	0.0
8.164100	2.772734688	-67.600000	0.0	0.0
8.173800	2.767519398	-67.700000	0.0	0.0
8.183600	2.766587394	-67.800000	0.0	0.0
8.193400	2.762469494	-67.933333	0.0	0.0
8.203100	2.758320153	-68.100000	0.0	0.0
8.212900	2.751037655	-68.200000	0.0	0.0
8.222700	2.747985556	-68.300000	0.0	0.0
8.232400	2.743846408	-68.400000	0.0	0.0
8.242200	2.740794550	-68.500000	0.0	0.0
8.252000	2.737742215	-68.600000	0.0	0.0
8.261700	2.734656322	-68.700000	0.0	0.0
8.271500	2.730555076	-68.800000	0.0	0.0
8.281300	2.725410038	-68.933333	0.0	0.0
8.291000	2.720238075	-69.100000	0.0	0.0
8.300800	2.717189640	-69.200000	0.0	0.0
8.310500	2.714108179	-69.300000	0.0	0.0
8.320300	2.711059103	-69.400000	0.0	0.0
8.330100	2.705932019	-69.500000	0.0	0.0
8.339800	2.701815170	-69.566667	0.0	0.0
8.349600	2.697733244	-69.666667	0.0	0.0
8.359400	2.693653775	-69.800000	0.0	0.0
8.369100	2.690576990	-69.900000	0.0	0.0
8.378900	2.687532185	-70.000000	0.0	0.0
8.388700	2.685517561	-70.100000	0.0	0.0
8.398400	2.682439210	-70.200000	0.0	0.0
8.408200	2.679392681	-70.300000	0.0	0.0
8.418000	2.673266492	-70.400000	0.0	0.0
8.427700	2.670191450	-70.500000	0.0	0.0
8.437500	2.665101697	-70.666667	0.0	0.0
8.447300	2.662060480	-70.733333	0.0	0.0
8.457000	2.658987714	-70.866667	0.0	0.0
8.466800	2.655946369	-70.966667	0.0	0.0
8.476600	2.650869550	-71.066667	0.0	0.0
8.486300	2.647799203	-71.166667	0.0	0.0
8.496100	2.643745317	-71.266667	0.0	0.0
8.505900	2.639694126	-71.366667	0.0	0.0
8.515600	2.635614693	-71.500000	0.0	0.0
8.525400	2.632579113	-71.566667	0.0	0.0
8.535200	2.628534624	-71.666667	0.0	0.0
8.544900	2.625469543	-71.766667	0.0	0.0
8.554700	2.621429108	-71.900000	0.0	0.0
8.564500	2.623425166	-71.966667	0.0	0.0
8.574200	2.618345441	-72.066667	0.0	0.0
8.584000	2.617317299	-72.066667	0.0	0.0
8.593800	2.607265406	-72.266667	0.0	0.0
8.603500	2.604204968	-72.366667	0.0	0.0
8.613300	2.598182025	-72.466667	0.0	0.0
8.623000	2.595125625	-72.566667	0.0	0.0
8.632800	2.592099567	-72.666667	0.0	0.0
8.642600	2.589073701	-72.766667	0.0	0.0
8.652300	2.586018154	-72.833333	0.0	0.0
8.662100	2.580020716	-72.933333	0.0	0.0
8.671900	2.577988216	-73.066667	0.0	0.0
8.681600	2.575924356	-73.200000	0.0	0.0
8.691400	2.572900972	-73.266667	0.0	0.0
8.701200	2.567906172	-73.366667	0.0	0.0
8.710900	2.564856241	-73.466667	0.0	0.0
8.720700	2.561836132	-73.566667	0.0	0.0
8.730500	2.558816348	-73.666667	0.0	0.0
8.740200	2.553806790	-73.766667	0.0	0.0
8.750000	2.550790082	-73.866667	0.0	0.0
8.759800	2.547773742	-73.966667	0.0	0.0
8.769500	2.543752377	-74.066667	0.0	0.0
8.779300	2.539763182	-74.166667	0.0	0.0
8.789100	2.535777082	-74.266667	0.0	0.0
8.798800	2.532737104	-74.400000	0.0	0.0
8.808600	2.529726416	-74.533333	0.0	0.0
8.818400	2.524777596	-74.566667	0.0	0.0
8.828100	2.521741568	-74.633333	0.0	0.0
8.837900	2.519701435	-74.766667	0.0	0.0
8.847700	2.517659856	-74.866667	0.0	0.0
8.857400	2.512693933	-74.966667	0.0	0.0
8.867200	2.507763079	-75.066667	0.0	0.0
8.877000	2.502838844	-75.133333	0.0	0.0
8.886700	2.502690736	-75.166667	0.0	0.0
8.896500	2.497770410	-75.300000	0.0	0.0
8.906300	2.493813585	-75.433333	0.0	0.0
8.916000	2.489832089	-75.533333	0.0	0.0
8.925800	2.487790574	-75.600000	0.0	0.0
8.935500	2.483812790	-75.700000	0.0	0.0
8.945300	2.480818033	-75.800000	0.0	0.0
8.955100	2.476873195	-75.866667	0.0	0.0
8.964800	2.471955254	-76.000000	0.0	0.0
8.974600	2.469913636	-76.066667	0.0	0.0
8.984400	2.466923862	-76.166667	0.0	0.0
8.994100	2.462962003	-76.266667	0.0	0.0
9.003900	2.459974827	-76.400000	0.0	0.0
9.013700	2.455103278	-76.466667	0.0	0.0
9.023400	2.451151810	-76.566667	0.0	0.0
9.033200	2.448170305	-76.633333	0.0	0.0
9.043000	2.445189549	-76.733333	0.0	0.0
9.052700	2.442182576	-76.800000	0.0	0.0
9.062500	2.439203416	-76.900000	0.0	0.0
9.072300	2.434355887	-77.000000	0.0	0.0
9.082000	2.431353823	-77.133333	0.0	0.0
9.091800	2.427447655	-77.166667	0.0	0.0
9.101600	2.424475194	-77.266667	0.0	0.0
9.111300	2.421476990	-77.333333	0.0	0.0
9.121100	2.418506267	-77.433333	0.0	0.0
9.130900	2.412757012	-77.533333	0.0	0.0
9.140600	2.409765067	-77.633333	0.0	0.0
9.150400	2.406800423	-77.700000	0.0	0.0
9.160200	2.403836670	-77.800000	0.0	0.0
9.169900	2.400847637	-77.900000	0.0	0.0
9.179700	2.397885758	-78.000000	0.0	0.0
9.189500	2.394924805	-78.100000	0.0	0.0
9.199200	2.391938785	-78.166667	0.0	0.0
9.209000	2.388063146	-78.266667	0.0	0.0
9.218800	2.385106228	-78.333333	0.0	0.0
9.228500	2.380296821	-78.400000	0.0	0.0
9.238300	2.377344180	-78.500000	0.0	0.0
9.248000	2.374366855	-78.600000	0.0	0.0
9.257800	2.372326504	-78.700000	0.0	0.0
9.267600	2.368466688	-78.800000	0.0	0.0
9.277300	2.365492637	-78.900000	0.0	0.0
9.287100	2.360732552	-78.900000	0.0	0.0
9.296900	2.356883736	-79.033333	0.0	0.0
9.306600	2.352110469	-79.166667	0.0	0.0
9.316400	2.349171879	-79.266667	0.0	0.0
9.326200	2.346234364	-79.366667	0.0	0.0
9.335900	2.343272835	-79.400000	0.0	0.0
9.345700	2.340337560	-79.500000	0.0	0.0
9.355500	2.340095976	-79.566667	0.0	0.0
9.365200	2.337134590	-79.666667	0.0	0.0
9.375000	2.333303736	-79.766667	0.0	0.0
9.384800	2.328582817	-79.833333	0.0	0.0
9.394500	2.325628481	-79.900000	0.0	0.0
9.404300	2.320918061	-80.000000	0.0	0.0
9.414100	2.317103717	-80.100000	0.0	0.0
9.423800	2.314156508	-80.200000	0.0	0.0
9.433600	2.311235099	-80.266667	0.0	0.0
9.443400	2.308314887	-80.400000	0.0	0.0
9.453100	2.305371494	-80.466667	0.0	0.0
9.462900	2.302453762	-80.533333	0.0	0.0
9.472700	2.299537255	-80.600000	0.0	0.0
9.482400	2.296597766	-80.700000	0.0	0.0
9.492200	2.291044617	-80.800000	0.0	0.0
9.502000	2.288135255	-80.866667	0.0	0.0
9.511700	2.285203133	-80.933333	0.0	0.0
9.521500	2.279670285	-81.000000	0.0	0.0
9.531300	2.276768143	-81.100000	0.0	0.0
9.541000	2.273843458	-81.200000	0.0	0.0
9.550800	2.270943961	-81.200000	0.0	0.0
9.560500	2.268022050	-81.300000	0.0	0.0
9.570300	2.265125235	-81.400000	0.0	0.0
9.580100	2.263966740	-81.500000	0.0	0.0
9.589800	2.260179248	-81.600000	0.0	0.0
9.599600	2.256419289	-81.700000	0.0	0.0
9.609400	2.253527895	-81.800000	0.0	0.0
9.619100	2.250614468	-81.800000	0.0	0.0
9.628900	2.246001333	-81.900000	0.0	0.0
9.638700	2.243977321	-82.000000	0.0	0.0
9.648400	2.240209493	-82.100000	0.0	0.0
9.658200	2.237327330	-82.166667	0.0	0.0
9.668000	2.234446574	-82.200000	0.0	0.0
9.677700	2.231544176	-82.300000	0.0	0.0
9.687500	2.229521761	-82.400000	0.0	0.0
9.697300	2.225789886	-82.500000	0.0	0.0
9.707000	2.222039098	-82.566667	0.0	0.0
9.716800	2.217464098	-82.600000	0.0	0.0
9.726600	2.214595380	-82.700000	0.0	0.0
9.736300	2.212554347	-82.800000	0.0	0.0
9.746100	2.209687522	-82.900000	0.0	0.0
9.755900	2.206822179	-83.000000	0.0	0.0
9.765600	2.203090130	-83.000000	0.0	0.0
9.775400	2.198540839	-83.100000	0.0	0.0
9.785200	2.195683340	-83.200000	0.0	0.0
9.794900	2.194488654	-83.300000	0.0	0.0
9.804700	2.191632052	-83.300000	0.0	0.0
9.814500	2.187097677	-83.400000	0.0	0.0
9.824200	2.183386037	-83.500000	0.0	0.0
9.834000	2.181374359	-83.600000	0.0	0.0
9.843800	2.179362371	-83.633333	0.0	0.0
9.853500	2.176492563	-83.700000	0.0	0.0
9.863300	2.173646466	-83.800000	0.0	0.0
9.873000	2.171613188	-83.900000	0.0	0.0
9.882800	2.167937078	-84.000000	0.0	0.0
9.892600	2.165095791	-84.000000	0.0	0.0
9.902300	2.159746338	-84.100000	0.0	0.0
9.912100	2.156911577	-84.200000	0.0	0.0
9.921900	2.152425750	-84.300000	0.0	0.0
9.931600	2.149574756	-84.400000	0.0	0.0
9.941400	2.147571087	-84.400000	0.0	0.0
9.951200	2.145567201	-84.500000	0.0	0.0
9.960900	2.142719129	-84.600000	0.0	0.0
9.970700	2.139894271	-84.666667	0.0	0.0
9.980500	2.136251098	-84.700000	0.0	0.0
9.990200	2.134228177	-84.866667	0.0	0.0
10.000000	2.131408369	-84.900000	0.0	0.0
10.009800	2.129407275	-85.000000	0.0	0.0
10.019500	2.125752587	-85.100000	0.0	0.0
10.029300	2.122123342	-85.166667	0.0	0.0
10.039100	2.119311429	-85.200000	0.0	0.0
10.048800	2.116480164	-85.300000	0.0	0.0
10.058600	2.113671726	-85.366667	0.0	0.0
10.068400	2.110865010	-85.466667	0.0	0.0
10.078100	2.106421748	-85.500000	0.0	0.0
10.087900	2.103620697	-85.600000	0.0	0.0
10.097700	2.100821389	-85.666667	0.0	0.0
10.107400	2.098003073	-85.733333	0.0	0.0
10.117200	2.095207317	-85.800000	0.0	0.0
10.127000	2.094019926	-85.866667	0.0	0.0
10.136700	2.091204927	-85.966667	0.0	0.0
10.146500	2.086810083	-86.066667	0.0	0.0
10.156300	2.084021463	-86.100000	0.0	0.0
10.166000	2.082013009	-86.166667	0.0	0.0
10.175800	2.078429171	-86.266667	0.0	0.0
10.185500	2.075625606	-86.333333	0.0	0.0
10.195300	2.072844274	-86.400000	0.0	0.0
10.205100	2.070064756	-86.466667	0.0	0.0
10.214800	2.067266821	-86.500000	0.0	0.0
10.224600	2.064490998	-86.566667	0.0	0.0
10.234400	2.061717008	-86.666667	0.0	0.0
10.244100	2.058134768	-86.766667	0.0	0.0
10.253900	2.055365572	-86.833333	0.0	0.0
10.263700	2.052598227	-86.900000	0.0	0.0
10.273400	2.050599582	-86.966667	0.0	0.0
10.283200	2.047834943	-87.033333	0.0	0.0
10.293000	2.044287498	-87.133333	0.0	0.0
10.302700	2.040724542	-87.166667	0.0	0.0
10.312500	2.039532491	-87.266667	0.0	0.0
10.322300	2.037557204	-87.333333	0.0	0.0
10.332000	2.033220115	-87.400000	0.0	0.0
10.341800	2.029688860	-87.500000	0.0	0.0
10.351600	2.027717652	-87.566667	0.0	0.0
10.361300	2.026504543	-87.600000	0.0	0.0
10.371100	2.022979531	-87.666667	0.0	0.0
10.380900	2.019458847	-87.733333	0.0	0.0
10.390600	2.015923092	-87.800000	0.0	0.0
10.400400	2.013183563	-87.900000	0.0	0.0
10.410200	2.010445972	-87.966667	0.0	0.0
10.419900	2.010003827	-88.000000	0.0	0.0
10.429700	2.006496854	-88.066667	0.0	0.0
10.439500	2.004532177	-88.166667	0.0	0.0
10.449200	2.001012071	-88.200000	0.0	0.0
10.459000	1.999049261	-88.300000	0.0	0.0
10.468800	1.996320361	-88.366667	0.0	0.0
10.478500	1.993574413	-88.433333	0.0	0.0
10.488300	1.990849519	-88.533333	0.0	0.0
10.498000	1.987344856	-88.566667	0.0	0.0
10.507800	1.984625032	-88.666667	0.0	0.0
10.517600	1.981907205	-88.700000	0.0	0.0
10.527300	1.979932264	-88.766667	0.0	0.0
10.537100	1.977976382	-88.866667	0.0	0.0
10.546900	1.975262543	-88.900000	0.0	0.0
10.556600	1.971775197	-88.966667	0.0	0.0
10.566400	1.969066487	-89.066667	0.0	0.0
10.576200	1.967114569	-89.166667	0.0	0.0
10.585900	1.965144335	-89.233333	0.0	0.0
10.595700	1.962439696	-89.266667	0.0	0.0
10.605500	1.959737103	-89.333333	0.0	0.0
10.615200	1.957018124	-89.400000	0.0	0.0
10.625000	1.953569826	-89.466667	0.0	0.0
10.634800	1.950125945	-89.566667	0.0	0.0
10.644500	1.943682240	-89.300000	0.0	0.0
10.654300	1.940997256	-89.333333	0.0	0.0
10.664100	1.938314341	-89.400000	0.0	0.0
10.673800	1.938588926	-89.766667	0.0	0.0
10.683600	1.938136168	-89.866667	0.0	0.0
10.693400	1.935452330	-89.966667	0.0	0.0
10.703100	1.932010948	-90.000000	0.0	0.0
10.712900	1.927852121	-90.066667	0.0	0.0
10.722700	1.925177699	-90.066667	0.0	0.0
10.732400	1.924702087	-90.166667	0.0	0.0
10.742200	1.922028843	-90.266667	0.0	0.0
10.752000	1.919357714	-90.266667	0.0	0.0
10.761700	1.916670894	-90.366667	0.0	0.0
10.771500	1.914004050	-90.466667	0.0	0.0
10.781300	1.911339335	-90.566667	0.0	0.0
10.791000	1.908659065	-90.566667	0.0	0.0
10.800800	1.907462129	-90.666667	0.0	0.0
10.810500	1.904784205	-90.700000	0.0	0.0
10.820300	1.900666712	-90.766667	0.0	0.0
10.830100	1.898741314	-90.866667	0.0	0.0
10.839800	1.896071030	-90.900000	0.0	0.0
10.849600	1.893420437	-90.966667	0.0	0.0
10.859400	1.892223784	-91.066667	0.0	0.0
10.869100	1.889558104	-91.166667	0.0	0.0
10.878900	1.886912021	-91.166667	0.0	0.0
10.888700	1.883545139	-91.266667	0.0	0.0
10.898400	1.879444088	-91.266667	0.0	0.0
10.908200	1.877528013	-91.366667	0.0	0.0
10.918000	1.874173344	-91.366667	0.0	0.0
10.927700	1.872242489	-91.466667	0.0	0.0
10.937500	1.870329251	-91.500000	0.0	0.0
10.947300	1.867699574	-91.566667	0.0	0.0
10.957000	1.865770956	-91.666667	0.0	0.0
10.966800	1.863859865	-91.766667	0.0	0.0
10.976600	1.861234832	-91.800000	0.0	0.0
10.986300	1.858595098	-91.866667	0.0	0.0
10.996100	1.855974539	-91.900000	0.0	0.0
11.005900	1.853356203	-91.966667	0.0	0.0
11.015600	1.850723292	-92.066667	0.0	0.0
11.025400	1.848818825	-92.066667	0.0	0.0
11.035200	1.846206215	-92.166667	0.0	0.0
11.044900	1.843579151	-92.200000	0.0	0.0
11.054700	1.840971059	-92.266667	0.0	0.0
11.064500	1.838365212	-92.366667	0.0	0.0
11.074200	1.835745036	-92.433333	0.0	0.0
11.084000	1.833143727	-92.466667	0.0	0.0
11.093800	1.830544674	-92.500000	0.0	0.0
11.103500	1.827931416	-92.566667	0.0	0.0
11.113300	1.826738456	-92.666667	0.0	0.0
11.123000	1.824127835	-92.766667	0.0	0.0
11.132800	1.822235097	-92.766667	0.0	0.0
11.142600	1.819644463	-92.866667	0.0	0.0
11.152300	1.817039814	-92.900000	0.0	0.0
11.162100	1.814453777	-92.966667	0.0	0.0
11.171900	1.811174825	-93.066667	0.0	0.0
11.181600	1.808578174	-93.066667	0.0	0.0
11.191400	1.806693235	-93.166667	0.0	0.0
11.201200	1.804116389	-93.200000	0.0	0.0
11.210900	1.797382375	-93.366667	0.0	0.0
11.220700	1.795504995	-93.433333	0.0	0.0
11.230500	1.792940010	-93.466667	0.0	0.0
11.240200	1.795177400	-93.466667	0.0	0.0
11.250000	1.791922362	-93.533333	0.0	0.0
11.259800	1.789358428	-93.600000	0.0	0.0
11.269500	1.787466788	-93.633333	0.0	0.0
11.279300	1.784906542	-93.666667	0.0	0.0
11.289100	1.782348617	-93.700000	0.0	0.0
11.298800	1.779777264	-93.766667	0.0	0.0
11.308600	1.777224027	-93.833333	0.0	0.0
11.318400	1.775354307	-93.966667	0.0	0.0
11.328100	1.773469569	-94.000000	0.0	0.0
11.337900	1.770921412	-94.066667	0.0	0.0
11.347700	1.769054364	-94.100000	0.0	0.0
11.357400	1.766494359	-94.166667	0.0	0.0
11.367200	1.763952290	-94.166667	0.0	0.0
11.377000	1.762088667	-94.266667	0.0	0.0
11.386700	1.759534873	-94.366667	0.0	0.0
11.396500	1.757673324	-94.366667	0.0	0.0
11.406300	1.755812446	-94.466667	0.0	0.0
11.416000	1.753263911	-94.566667	0.0	0.0
11.425800	1.749389912	-94.600000	0.0	0.0
11.435500	1.747518672	-94.633333	0.0	0.0
11.445300	1.744993636	-94.666667	0.0	0.0
11.455100	1.743808880	-94.733333	0.0	0.0
11.464800	1.740603355	-94.766667	0.0	0.0
11.474600	1.738084507	-94.833333	0.0	0.0
11.484400	1.734236452	-94.900000	0.0	0.0
11.494100	1.732373923	-94.933333	0.0	0.0
11.503900	1.731855944	-95.033333	0.0	0.0
11.513700	1.729344735	-95.066667	0.0	0.0
11.523400	1.726820931	-95.100000	0.0	0.0
11.533200	1.724314539	-95.200000	0.0	0.0
11.543000	1.723132587	-95.266667	0.0	0.0
11.552700	1.721274609	-95.366667	0.0	0.0
11.562500	1.718772563	-95.366667	0.0	0.0
11.572300	1.716272921	-95.466667	0.0	0.0
11.582000	1.713760889	-95.533333	0.0	0.0
11.591800	1.711266096	-95.566667	0.0	0.0
11.601600	1.710742144	-95.633333	0.0	0.0
11.611300	1.707579161	-95.666667	0.0	0.0
11.621100	1.707053917	-95.733333	0.0	0.0
11.630900	1.704564038	-95.766667	0.0	0.0
11.640600	1.702061962	-95.833333	0.0	0.0
11.650400	1.698272993	-95.866667	0.0	0.0
11.660200	1.695792329	-95.933333	0.0	0.0
11.669900	1.693949535	-96.033333	0.0	0.0
11.679700	1.691472811	-96.066667	0.0	0.0
11.689500	1.688998518	-96.133333	0.0	0.0
11.699200	1.687159592	-96.166667	0.0	0.0
11.709000	1.684042856	-96.233333	0.0	0.0
11.718800	1.681575905	-96.266667	0.0	0.0
11.728500	1.680386326	-96.333333	0.0	0.0
11.738300	1.677922398	-96.366667	0.0	0.0
11.748000	1.676089754	-96.466667	0.0	0.0
11.757800	1.674272209	-96.500000	0.0	0.0
11.767600	1.671813768	-96.566667	0.0	0.0
11.777300	1.668703094	-96.566667	0.0	0.0
11.787100	1.667529919	-96.666667	0.0	0.0
11.796900	1.665077931	-96.733333	0.0	0.0
11.806600	1.663252494	-96.766667	0.0	0.0
11.816400	1.660804517	-96.833333	0.0	0.0
11.826200	1.658995543	-96.866667	0.0	0.0
11.835900	1.656537559	-96.933333	0.0	0.0
11.845700	1.655366122	-96.966667	0.0	0.0
11.855500	1.654194382	-97.033333	0.0	0.0
11.865200	1.652374166	-97.066667	0.0	0.0
11.875000	1.649935442	-97.133333	0.0	0.0
11.884800	1.647499195	-97.166667	0.0	0.0
11.894500	1.644420406	-97.233333	0.0	0.0
11.904300	1.642620340	-97.300000	0.0	0.0
11.914100	1.640191566	-97.366667	0.0	0.0
11.923800	1.638380170	-97.400000	0.0	0.0
11.933600	1.635955464	-97.466667	0.0	0.0
11.943400	1.633533246	-97.533333	0.0	0.0
11.953100	1.632352265	-97.600000	0.0	0.0
11.962900	1.629933199	-97.633333	0.0	0.0
11.972700	1.628141329	-97.666667	0.0	0.0
11.982400	1.625712755	-97.733333	0.0	0.0
11.992200	1.623300277	-97.766667	0.0	0.0
12.002000	1.620890297	-97.833333	0.0	0.0
12.011700	1.619712039	-97.866667	0.0	0.0
12.021500	1.617926025	-97.933333	0.0	0.0
12.031300	1.616761242	-97.966667	0.0	0.0
12.041000	1.614343278	-98.033333	0.0	0.0
12.050800	1.611322774	-98.066667	0.0	0.0
12.060500	1.609528408	-98.133333	0.0	0.0
12.070300	1.607748320	-98.233333	0.0	0.0
12.080100	1.606585573	-98.333333	0.0	0.0
12.089800	1.604177607	-98.333333	0.0	0.0
12.099600	1.601785458	-98.433333	0.0	0.0
12.109400	1.598782154	-98.433333	0.0	0.0
12.119100	1.597608524	-98.433333	0.0	0.0
12.128900	1.595223047	-98.533333	0.0	0.0
12.138700	1.593451484	-98.533333	0.0	0.0
12.148400	1.591057041	-98.633333	0.0	0.0
12.158200	1.588678250	-98.633333	0.0	0.0
12.168000	1.586910868	-98.733333	0.0	0.0
12.177700	1.585131407	-98.733333	0.0	0.0
12.187500	1.582758406	-98.833333	0.0	0.0
12.197300	1.580994548	-98.833333	0.0	0.0
12.207000	1.578612768	-98.933333	0.0	0.0
12.216800	1.577456762	-98.933333	0.0	0.0
12.226600	1.575091197	-99.033333	0.0	0.0
12.236300	1.573318983	-99.033333	0.0	0.0
12.246100	1.570957616	-99.133333	0.0	0.0
12.255900	1.569803195	-99.133333	0.0	0.0
12.265600	1.567432320	-99.233333	0.0	0.0
12.275400	1.565677532	-99.233333	0.0	0.0
12.285200	1.563923712	-99.333333	0.0	0.0
12.294900	1.561558771	-99.366667	0.0	0.0
12.304700	1.559209108	-99.433333	0.0	0.0
12.314500	1.557459575	-99.466667	0.0	0.0
12.324200	1.555698397	-99.533333	0.0	0.0
12.334000	1.553354610	-99.533333	0.0	0.0
12.343800	1.551013376	-99.633333	0.0	0.0
12.353500	1.549256593	-99.666667	0.0	0.0
12.363300	1.546326058	-99.733333	0.0	0.0
12.373000	1.544572671	-99.766667	0.0	0.0
12.382800	1.543424981	-99.833333	0.0	0.0
12.392600	1.541685421	-99.866667	0.0	0.0
12.402300	1.539343583	-99.933333	0.0	0.0
12.412100	1.537606711	-99.933333	0.0	0.0
12.421900	1.535870841	-100.033333	0.0	0.0
12.431600	1.535301572	-100.033333	0.0	0.0
12.441400	1.531801839	-100.133333	0.0	0.0
12.451200	1.530656978	-100.133333	0.0	0.0
12.460900	1.528326268	-100.133333	0.0	0.0
12.470700	1.526010418	-100.233333	0.0	0.0
12.480500	1.525452368	-100.333333	0.0	0.0
12.490200	1.522542389	-100.333333	0.0	0.0
12.500000	1.520816024	-100.366667	0.0	0.0
12.509800	1.518507821	-100.433333	0.0	0.0
12.519500	1.517936665	-100.500000	0.0	0.0
12.529300	1.515630983	-100.533333	0.0	0.0
12.539100	1.513327878	-100.633333	0.0	0.0
12.548800	1.511015309	-100.633333	0.0	0.0
12.558600	1.510455360	-100.733333	0.0	0.0
12.568400	1.508157370	-100.833333	0.0	0.0
12.578100	1.505849988	-100.833333	0.0	0.0
12.587900	1.503557187	-100.833333	0.0	0.0
12.597700	1.501266966	-100.833333	0.0	0.0
12.607400	1.499542798	-100.933333	0.0	0.0
12.617200	1.497256891	-100.933333	0.0	0.0
12.627000	1.496121442	-101.033333	0.0	0.0
12.636700	1.494400515	-101.033333	0.0	0.0
12.646500	1.492692492	-101.133333	0.0	0.0
12.656300	1.490985525	-101.133333	0.0	0.0
12.666000	1.489267860	-101.233333	0.0	0.0
12.675800	1.487563036	-101.233333	0.0	0.0
12.685500	1.485847563	-101.333333	0.0	0.0
12.695300	1.483006205	-101.333333	0.0	0.0
12.705100	1.481305906	-101.400000	0.0	0.0
12.714800	1.479027333	-101.433333	0.0	0.0
12.724600	1.477329848	-101.433333	0.0	0.0
12.734400	1.476199840	-101.533333	0.0	0.0
12.744100	1.473926534	-101.566667	0.0	0.0
12.753900	1.472232297	-101.633333	0.0	0.0
12.763700	1.471103588	-101.666667	0.0	0.0
12.773400	1.468271985	-101.700000	0.0	0.0
12.783200	1.466018949	-101.766667	0.0	0.0
12.793000	1.463768510	-101.833333	0.0	0.0
12.802700	1.462070235	-101.833333	0.0	0.0
12.812500	1.460384490	-101.833333	0.0	0.0
12.822300	1.458699835	-101.866667	0.0	0.0
12.832000	1.458123640	-101.933333	0.0	0.0
12.841800	1.455322471	-102.100000	0.0	0.0
12.851600	1.453083373	-102.100000	0.0	0.0
12.861300	1.451392480	-102.200000	0.0	0.0
12.871100	1.450827118	-102.233333	0.0	0.0
12.880900	1.449704683	-102.233333	0.0	0.0
12.890600	1.448015239	-102.300000	0.0	0.0
12.900400	1.445228475	-102.333333	0.0	0.0
12.910200	1.442999909	-102.333333	0.0	0.0
12.919900	1.441315816	-102.433333	0.0	0.0
12.929700	1.439091634	-102.433333	0.0	0.0
12.939500	1.438525269	-102.533333	0.0	0.0
12.949200	1.436292652	-102.566667	0.0	0.0
12.959000	1.434073762	-102.600000	0.0	0.0
12.968800	1.432956894	-102.633333	0.0	0.0
12.978500	1.431279666	-102.700000	0.0	0.0
12.988300	1.430163351	-102.733333	0.0	0.0
12.998000	1.428487790	-102.733333	0.0	0.0
13.007800	1.426276908	-102.833333	0.0	0.0
13.017600	1.424068639	-102.833333	0.0	0.0
13.027300	1.421852070	-102.933333	0.0	0.0
13.037100	1.420739091	-102.933333	0.0	0.0
13.046900	1.419081485	-103.000000	0.0	0.0
13.056600	1.416870308	-103.033333	0.0	0.0
13.066400	1.415758841	-103.033333	0.0	0.0
13.076200	1.414104663	-103.100000	0.0	0.0
13.085900	1.411898891	-103.133333	0.0	0.0
13.095700	1.409706550	-103.200000	0.0	0.0
13.105500	1.410220190	-103.233333	0.0	0.0
13.115200	1.408558594	-103.266667	0.0	0.0
13.125000	1.406908906	-103.333333	0.0	0.0
13.134800	1.403104867	-103.400000	0.0	0.0
13.144500	1.401987272	-103.400000	0.0	0.0
13.154300	1.399805650	-103.433333	0.0	0.0
13.164100	1.397626648	-103.500000	0.0	0.0
13.173800	1.396511123	-103.533333	0.0	0.0
13.183600	1.395406316	-103.600000	0.0	0.0
13.193400	1.394301613	-103.633333	0.0	0.0
13.203100	1.392117563	-103.700000	0.0	0.0
13.212900	1.389946704	-103.733333	0.0	0.0
13.222700	1.388311149	-103.800000	0.0	0.0
13.232400	1.386134227	-103.833333	0.0	0.0
13.242200	1.385033069	-103.866667	0.0	0.0
13.252000	1.383401027	-103.900000	0.0	0.0
13.261700	1.381759734	-103.933333	0.0	0.0
13.271500	1.380130048	-104.000000	0.0	0.0
13.281300	1.377972615	-104.033333	0.0	0.0
13.291000	1.376335541	-104.066667	0.0	0.0
13.300800	1.375237680	-104.100000	0.0	0.0
13.310500	1.373602386	-104.133333	0.0	0.0
13.320300	1.371452191	-104.166667	0.0	0.0
13.330100	1.370356006	-104.233333	0.0	0.0
13.339800	1.369249691	-104.266667	0.0	0.0
13.349600	1.367628848	-104.333333	0.0	0.0
13.359400	1.364961138	-104.333333	0.0	0.0
13.369100	1.363333705	-104.400000	0.0	0.0
13.378900	1.362763232	-104.433333	0.0	0.0
13.388700	1.361669606	-104.433333	0.0	0.0
13.398400	1.359522102	-104.533333	0.0	0.0
13.408200	1.356866581	-104.600000	0.0	0.0
13.418000	1.356295917	-104.700000	0.0	0.0
13.427700	1.354674523	-104.700000	0.0	0.0
13.437500	1.352545272	-104.733333	0.0	0.0
13.447300	1.350418650	-104.733333	0.0	0.0
13.457000	1.349319880	-104.766667	0.0	0.0
13.466800	1.347714012	-104.833333	0.0	0.0
13.476600	1.346626030	-104.866667	0.0	0.0
13.486300	1.344495902	-104.933333	0.0	0.0
13.496100	1.342893652	-104.966667	0.0	0.0
13.505900	1.340777963	-105.033333	0.0	0.0
13.515600	1.340197068	-105.033333	0.0	0.0
13.525400	1.338084226	-105.100000	0.0	0.0
13.535200	1.336999805	-105.133333	0.0	0.0
13.544900	1.335905700	-105.166667	0.0	0.0
13.554700	1.333285768	-105.200000	0.0	0.0
13.564500	1.331181040	-105.266667	0.0	0.0
13.574200	1.329069149	-105.300000	0.0	0.0
13.584000	1.327988578	-105.333333	0.0	0.0
13.593800	1.327417512	-105.366667	0.0	0.0
13.603500	1.325309551	-105.433333	0.0	0.0
13.613300	1.323721884	-105.500000	0.0	0.0
13.623000	1.323140887	-105.533333	0.0	0.0
13.632800	1.321047388	-105.566667	0.0	0.0
13.642600	1.319969245	-105.566667	0.0	0.0
13.652300	1.317869751	-105.633333	0.0	0.0
13.662100	1.316792850	-105.633333	0.0	0.0
13.671900	1.315211325	-105.700000	0.0	0.0
13.681600	1.313621423	-105.733333	0.0	0.0
13.691400	1.312042366	-105.766667	0.0	0.0
13.701200	1.309961723	-105.800000	0.0	0.0
13.710900	1.308878388	-105.800000	0.0	0.0
13.720700	1.306801433	-105.900000	0.0	0.0
13.730500	1.305728908	-105.933333	0.0	0.0
13.740200	1.304146522	-105.966667	0.0	0.0
13.750000	1.303074856	-106.033333	0.0	0.0
13.759800	1.301004468	-106.033333	0.0	0.0
13.769500	1.298927277	-106.100000	0.0	0.0
13.779300	1.298356099	-106.100000	0.0	0.0
13.789100	1.296788810	-106.166667	0.0	0.0
13.798800	1.295213374	-106.200000	0.0	0.0
13.808600	1.294145131	-106.266667	0.0	0.0
13.818400	1.292580977	-106.266667	0.0	0.0
13.828100	1.291504266	-106.333333	0.0	0.0
13.837900	1.289447074	-106.433333	0.0	0.0
13.847700	1.286898554	-106.466667	0.0	0.0
13.857400	1.284838140	-106.500000	0.0	0.0
13.867200	1.283774601	-106.533333	0.0	0.0
13.877000	1.282711303	-106.600000	0.0	0.0
13.886700	1.281639017	-106.633333	0.0	0.0
13.896500	1.280576217	-106.600000	0.0	0.0
13.906300	1.278531976	-106.633333	0.0	0.0
13.916000	1.276971153	-106.666667	0.0	0.0
13.925800	1.275420775	-106.733333	0.0	0.0
13.935500	1.273862508	-106.766667	0.0	0.0
13.945300	1.272314651	-106.800000	0.0	0.0
13.955100	1.271255816	-106.833333	0.0	0.0
13.964800	1.270675687	-106.866667	0.0	0.0
13.974600	1.268642878	-106.900000	0.0	0.0
13.984400	1.266612698	-106.900000	0.0	0.0
13.994100	1.265061502	-107.000000	0.0	0.0
14.003900	1.264005608	-107.000000	0.0	0.0
14.013700	1.261980999	-107.066667	0.0	0.0
14.023400	1.259950032	-107.066667	0.0	0.0
14.033200	1.257930696	-107.133333	0.0	0.0
14.043000	1.257360740	-107.166667	0.0	0.0
14.052700	1.258229244	-107.200000	0.0	0.0
14.062500	1.256693018	-107.233333	0.0	0.0
14.072300	1.255639835	-107.266667	0.0	0.0
14.082000	1.252173014	-107.300000	0.0	0.0
14.091800	1.250162509	-107.333333	0.0	0.0
14.101600	1.248154628	-107.366667	0.0	0.0
14.111300	1.247576038	-107.400000	0.0	0.0
14.121100	1.247005958	-107.466667	0.0	0.0
14.130900	1.245001352	-107.533333	0.0	0.0
14.140600	1.243944977	-107.566667	0.0	0.0
14.150400	1.242420809	-107.600000	0.0	0.0
14.160200	1.240421792	-107.633333	0.0	0.0
14.169900	1.238892010	-107.666667	0.0	0.0
14.179700	1.237847211	-107.700000	0.0	0.0
14.189500	1.236328153	-107.766667	0.0	0.0
14.199200	1.235275638	-107.800000	0.0	0.0
14.209000	1.233285184	-107.866667	0.0	0.0
14.218800	1.232242771	-107.866667	0.0	0.0
14.228500	1.230719603	-107.900000	0.0	0.0
14.238300	1.228734746	-107.900000	0.0	0.0
14.248000	1.227685820	-107.966667	0.0	0.0
14.257800	1.226175173	-108.000000	0.0	0.0
14.267600	1.224665805	-108.033333	0.0	0.0
14.277300	1.223618643	-108.066667	0.0	0.0
14.287100	1.221642363	-108.100000	0.0	0.0
14.296900	1.220136857	-108.133333	0.0	0.0
14.306600	1.219091869	-108.200000	0.0	0.0
14.316400	1.217588369	-108.200000	0.0	0.0
14.326200	1.216086152	-108.266667	0.0	0.0
14.335900	1.214110727	-108.300000	0.0	0.0
14.345700	1.212611673	-108.300000	0.0	0.0
14.355500	1.211578776	-108.366667	0.0	0.0
14.365200	1.210537767	-108.366667	0.0	0.0
14.375000	1.209505516	-108.400000	0.0	0.0
14.384800	1.208473583	-108.466667	0.0	0.0
14.394500	1.206970301	-108.500000	0.0	0.0
14.404300	1.205476711	-108.533333	0.0	0.0
14.414100	1.203984412	-108.566667	0.0	0.0
14.423800	1.202485067	-108.600000	0.0	0.0
14.433600	1.201456355	-108.633333	0.0	0.0
14.443400	1.200888739	-108.666667	0.0	0.0
14.453100	1.199391613	-108.666667	0.0	0.0
14.462900	1.198363897	-108.733333	0.0	0.0
14.472700	1.195958821	-108.766667	0.0	0.0
14.482400	1.194466219	-108.833333	0.0	0.0
14.492200	1.192983175	-108.866667	0.0	0.0
14.502000	1.191501429	-108.900000	0.0	0.0
14.511700	1.190469551	-108.900000	0.0	0.0
14.521500	1.188077613	-108.966667	0.0	0.0
14.531300	1.187511440	-108.966667	0.0	0.0
14.541000	1.186026177	-109.000000	0.0	0.0
14.550800	1.185005060	-109.066667	0.0	0.0
14.560500	1.183521873	-109.100000	0.0	0.0
14.570300	1.182048131	-109.166667	0.0	0.0
14.580100	1.180575690	-109.200000	0.0	0.0
14.589800	1.180001806	-109.233333	0.0	0.0
14.599600	1.178983219	-109.266667	0.0	0.0
14.609400	1.177513008	-109.300000	0.0	0.0
14.619100	1.176487463	-109.266667	0.0	0.0
14.628900	1.175019312	-109.366667	0.0	0.0
14.638700	1.173102186	-109.366667	0.0	0.0
14.648400	1.171629210	-109.400000	0.0	0.0
14.658200	1.170614708	-109.466667	0.0	0.0
14.668000	1.168703204	-109.466667	0.0	0.0
14.677700	1.167682236	-109.533333	0.0	0.0
14.687500	1.166221955	-109.566667	0.0	0.0
14.697300	1.165657312	-109.600000	0.0	0.0
14.707000	1.164637471	-109.633333	0.0	0.0
14.716800	1.163179451	-109.633333	0.0	0.0
14.726600	1.161276999	-109.700000	0.0	0.0
14.736300	1.160259468	-109.733333	0.0	0.0
14.746100	1.159695151	-109.800000	0.0	0.0
14.755900	1.157796867	-109.800000	0.0	0.0
14.765600	1.156780873	-109.833333	0.0	0.0
14.775400	1.155773095	-109.900000	0.0	0.0
14.785200	1.153879711	-109.900000	0.0	0.0
14.794900	1.153308167	-109.933333	0.0	0.0
14.804700	1.151417815	-109.966667	0.0	0.0
14.814500	1.150854265	-110.000000	0.0	0.0
14.824200	1.148959179	-110.066667	0.0	0.0
14.834000	1.147955204	-110.066667	0.0	0.0
14.843800	1.146511532	-110.066667	0.0	0.0
14.853500	1.144622119	-110.166667	0.0	0.0
14.863300	1.142743019	-110.200000	0.0	0.0
14.873000	1.141296743	-110.233333	0.0	0.0
14.882800	1.139859471	-110.233333	0.0	0.0
14.892600	1.139734929	-110.333333	0.0	0.0
14.902300	1.138727919	-110.333333	0.0	0.0
14.912100	1.137728946	-110.366667	0.0	0.0
14.921900	1.136730358	-110.366667	0.0	0.0
14.931600	1.135288784	-110.433333	0.0	0.0
14.941400	1.134291365	-110.466667	0.0	0.0
14.951200	1.132424833	-110.500000	0.0	0.0
14.960900	1.130987279	-110.533333	0.0	0.0
14.970700	1.129992188	-110.566667	0.0	0.0
14.980500	1.128131283	-110.600000	0.0	0.0
14.990200	1.127562855	-110.600000	0.0	0.0
15.000000	1.126137081	-110.666667	0.0	0.0
15.009800	1.125144337	-110.666667	0.0	0.0
15.019500	1.123282023	-110.733333	0.0	0.0
15.029300	1.121860232	-110.733333	0.0	0.0
15.039100	1.120869832	-110.766667	0.0	0.0
15.048800	1.119013185	-110.833333	0.0	0.0
15.058600	1.118024354	-110.833333	0.0	0.0
15.068400	1.116607328	-110.866667	0.0	0.0
15.078100	1.115184230	-110.933333	0.0	0.0
15.087900	1.113769866	-110.966667	0.0	0.0
15.097700	1.112356827	-110.933333	0.0	0.0
15.107400	1.110511503	-110.966667	0.0	0.0
15.117200	1.109527384	-111.033333	0.0	0.0
15.127000	1.108118334	-111.066667	0.0	0.0
15.136700	1.106278665	-111.133333	0.0	0.0
15.146500	1.104872818	-111.133333	0.0	0.0
15.156300	1.103891848	-111.166667	0.0	0.0
15.166000	1.102057831	-111.233333	0.0	0.0
15.175800	1.101078446	-111.233333	0.0	0.0
15.185500	1.099248199	-111.233333	0.0	0.0
15.195300	1.097849004	-111.300000	0.0	0.0
15.205100	1.096451133	-111.333333	0.0	0.0
15.214800	1.094627231	-111.333333	0.0	0.0
15.224600	1.093232560	-111.400000	0.0	0.0
15.234400	1.091839213	-111.433333	0.0	0.0
15.244100	1.090440038	-111.466667	0.0	0.0
15.253900	1.089049354	-111.500000	0.0	0.0
15.263700	1.087659995	-111.533333	0.0	0.0
15.273400	1.085431429	-111.533333	0.0	0.0
15.283200	1.083629858	-111.533333	0.0	0.0
15.293000	1.081830833	-111.633333	0.0	0.0
15.302700	1.081271437	-111.633333	0.0	0.0
15.312500	1.079475446	-111.733333	0.0	0.0
15.322300	1.077681997	-111.733333	0.0	0.0
15.332000	1.075884070	-111.733333	0.0	0.0
15.341800	1.074507992	-111.766667	0.0	0.0
15.351600	1.073133237	-111.800000	0.0	0.0
15.361300	1.071341605	-111.866667	0.0	0.0
15.371100	1.069149116	-111.833333	0.0	0.0
15.380900	1.066960681	-111.933333	0.0	0.0
15.390600	1.065178073	-111.933333	0.0	0.0
15.400400	1.063404926	-112.000000	0.0	0.0
15.410200	1.062449448	-112.033333	0.0	0.0
15.419900	1.060266136	-112.033333	0.0	0.0
15.429700	1.058093749	-112.033333	0.0	0.0
15.439500	1.055115246	-112.066667	0.0	0.0
15.449200	1.053754225	-112.133333	0.0	0.0
15.459000	1.051593914	-112.133333	0.0	0.0
15.468800	1.049840424	-112.200000	0.0	0.0
15.478500	1.048082666	-112.233333	0.0	0.0
15.488300	1.046334195	-112.233333	0.0	0.0
15.498000	1.044180688	-112.266667	0.0	0.0
15.507800	1.041638103	-112.333333	0.0	0.0
15.517600	1.039899141	-112.333333	0.0	0.0
15.527300	1.038155982	-112.366667	0.0	0.0
15.537100	1.036422011	-112.400000	0.0	0.0
15.546900	1.033499978	-112.433333	0.0	0.0
15.556600	1.031370452	-112.500000	0.0	0.0
15.566400	1.028856611	-112.533333	0.0	0.0
15.576200	1.026742443	-112.533333	0.0	0.0
15.585900	1.024625639	-112.533333	0.0	0.0
15.595700	1.022519359	-112.566667	0.0	0.0
15.605500	1.019634108	-112.633333	0.0	0.0
15.615200	1.017140353	-112.633333	0.0	0.0
15.625000	1.014658799	-112.633333	0.0	0.0
15.634800	1.012571416	-112.733333	0.0	0.0
15.644500	1.010481471	-112.733333	0.0	0.0
15.654300	1.007628213	-112.766667	0.0	0.0
15.664100	1.004782618	-112.766667	0.0	0.0
15.673800	1.001938275	-112.833333	0.0	0.0
15.683600	1.000258899	-112.866667	0.0	0.0
15.693400	0.997815803	-112.966667	0.0	0.0
15.703100	0.995371946	-112.966667	0.0	0.0
15.712900	0.993321144	-112.933333	0.0	0.0
15.722700	0.990513642	-113.000000	0.0	0.0
15.732400	0.988086532	-113.033333	0.0	0.0
15.742200	0.984537114	-113.066667	0.0	0.0
15.752000	0.981753300	-113.066667	0.0	0.0
15.761700	0.978970768	-113.066667	0.0	0.0
15.771500	0.975827382	-113.133333	0.0	0.0
15.781300	0.972693714	-113.133333	0.0	0.0
15.791000	0.969191582	-113.166667	0.0	0.0
15.800800	0.967191362	-113.166667	0.0	0.0
15.810500	0.964078219	-113.266667	0.0	0.0
15.820300	0.961349670	-113.266667	0.0	0.0
15.830100	0.957525448	-113.266667	0.0	0.0
15.839800	0.954808684	-113.266667	0.0	0.0
15.849600	0.951739965	-113.333333	0.0	0.0
15.859400	0.949409164	-113.333333	0.0	0.0
15.869100	0.946351112	-113.400000	0.0	0.0
15.878900	0.942946560	-113.400000	0.0	0.0
15.888700	0.938472818	-113.433333	0.0	0.0
15.898400	0.935448938	-113.466667	0.0	0.0
15.908200	0.932798221	-113.533333	0.0	0.0
15.918000	0.929084398	-113.533333	0.0	0.0
15.927700	0.925379201	-113.566667	0.0	0.0
15.937500	0.921340576	-113.600000	0.0	0.0
15.947300	0.918023568	-113.633333	0.0	0.0
15.957000	0.915063526	-113.733333	0.0	0.0
15.966800	0.911768433	-113.733333	0.0	0.0
15.976600	0.907787842	-113.766667	0.0	0.0
15.986300	0.903818636	-113.766667	0.0	0.0
15.996100	0.900908692	-113.833333	0.0	0.0
16.005900	0.897318798	-113.833333	0.0	0.0
16.015600	0.893394374	-113.833333	0.0	0.0
16.025400	0.889492339	-113.833333	0.0	0.0
16.035200	0.885607014	-113.833333	0.0	0.0
16.044900	0.882071279	-113.933333	0.0	0.0
16.054700	0.877880754	-114.033333	0.0	0.0
16.064500	0.874045175	-114.033333	0.0	0.0
16.074200	0.869886720	-114.033333	0.0	0.0
16.084000	0.866417863	-114.033333	0.0	0.0
16.093800	0.862962519	-114.033333	0.0	0.0
16.103500	0.858855849	-114.033333	0.0	0.0
16.113300	0.854445748	-114.033333	0.0	0.0
16.123000	0.849726548	-114.133333	0.0	0.0
16.132800	0.845687185	-114.200000	0.0	0.0
16.142600	0.841989777	-114.233333	0.0	0.0
16.152300	0.838624808	-114.333333	0.0	0.0
16.162100	0.833676941	-114.333333	0.0	0.0
16.171900	0.829394302	-114.333333	0.0	0.0
16.181600	0.825128260	-114.333333	0.0	0.0
16.191400	0.820888935	-114.333333	0.0	0.0
16.201200	0.816671093	-114.333333	0.0	0.0
16.210900	0.809979064	-114.300000	0.0	0.0
16.220700	0.806125994	-114.333333	0.0	0.0
16.230500	0.801367820	-114.333333	0.0	0.0
16.240200	0.799695600	-114.433333	0.0	0.0
16.250000	0.794669782	-114.500000	0.0	0.0
16.259800	0.790584932	-114.533333	0.0	0.0
16.269500	0.784707023	-114.600000	0.0	0.0
16.279300	0.779774556	-114.633333	0.0	0.0
16.289100	0.775170237	-114.633333	0.0	0.0
16.298800	0.771771904	-114.633333	0.0	0.0
16.308600	0.767214286	-114.666667	0.0	0.0
16.318400	0.762683307	-114.733333	0.0	0.0
16.328100	0.757592474	-114.733333	0.0	0.0
16.337900	0.752828815	-114.733333	0.0	0.0
16.347700	0.747807803	-114.866667	0.0	0.0
16.357400	0.743385822	-114.900000	0.0	0.0
16.367200	0.737860717	-115.033333	0.0	0.0
16.377000	0.733501516	-115.033333	0.0	0.0
16.386700	0.728324361	-115.033333	0.0	0.0
16.396500	0.725133251	-114.866667	0.0	0.0
16.406300	0.720295412	-114.933333	0.0	0.0
16.416000	0.715210711	-114.933333	0.0	0.0
16.425800	0.709621117	-115.033333	0.0	0.0
16.435500	0.705152290	-115.033333	0.0	0.0
16.445300	0.700178010	-115.133333	0.0	0.0
16.455100	0.695238573	-115.133333	0.0	0.0
16.464800	0.690329543	-115.133333	0.0	0.0
16.474600	0.684933191	-115.233333	0.0	0.0
16.484400	0.679578782	-115.266667	0.0	0.0
16.494100	0.674520712	-115.300000	0.0	0.0
16.503900	0.670532630	-115.166667	0.0	0.0
16.513700	0.665800920	-115.233333	0.0	0.0
16.523400	0.659831052	-115.233333	0.0	0.0
16.533200	0.654420536	-115.333333	0.0	0.0
16.543000	0.649552517	-115.433333	0.0	0.0
16.552700	0.645459272	-115.500000	0.0	0.0
16.562500	0.640657465	-115.533333	0.0	0.0
16.572300	0.634672167	-115.433333	0.0	0.0
16.582000	0.629463053	-115.433333	0.0	0.0
16.591800	0.625019409	-115.533333	0.0	0.0
16.601600	0.619892829	-115.566667	0.0	0.0
16.611300	0.614332684	-115.600000	0.0	0.0
16.621100	0.608358755	-115.566667	0.0	0.0
16.630900	0.603136695	-115.633333	0.0	0.0
16.640600	0.598185178	-115.666667	0.0	0.0
16.650400	0.593050038	-115.700000	0.0	0.0
16.660200	0.588410225	-115.633333	0.0	0.0
16.669900	0.583355094	-115.633333	0.0	0.0
16.679700	0.577681201	-115.700000	0.0	0.0
16.689500	0.572721288	-115.733333	0.0	0.0
16.699200	0.567800363	-115.766667	0.0	0.0
16.709000	0.562493005	-115.833333	0.0	0.0
16.718800	0.556166854	-115.800000	0.0	0.0
16.728500	0.550753164	-115.833333	0.0	0.0
16.738300	0.545814012	-115.900000	0.0	0.0
16.748000	0.541331067	-115.966667	0.0	0.0
16.757800	0.536681967	-115.966667	0.0	0.0
16.767600	0.530645198	-116.033333	0.0	0.0
16.777300	0.525479047	-116.033333	0.0	0.0
16.787100	0.520166458	-115.866667	0.0	0.0
16.796900	0.515302762	-115.833333	0.0	0.0
16.806600	0.510285464	-115.900000	0.0	0.0
16.816400	0.505319854	-116.100000	0.0	0.0
16.826200	0.500594469	-116.133333	0.0	0.0
16.835900	0.495529679	-116.133333	0.0	0.0
16.845700	0.490330674	-116.200000	0.0	0.0
16.855500	0.484627781	-116.266667	0.0	0.0
16.865200	0.479355994	-116.266667	0.0	0.0
16.875000	0.474690399	-116.233333	0.0	0.0
16.884800	0.467551284	-116.133333	0.0	0.0
16.894500	0.462287350	-116.200000	0.0	0.0
16.904300	0.456734542	-116.233333	0.0	0.0
16.914100	0.453505154	-116.433333	0.0	0.0
16.923800	0.448743204	-116.433333	0.0	0.0
16.933600	0.443352638	-116.433333	0.0	0.0
16.943400	0.439204954	-116.433333	0.0	0.0
16.953100	0.434092675	-116.500000	0.0	0.0
16.962900	0.429866336	-116.466667	0.0	0.0
16.972700	0.424376117	-116.466667	0.0	0.0
16.982400	0.418953413	-116.466667	0.0	0.0
16.992200	0.413602299	-116.533333	0.0	0.0
17.002000	0.409103641	-116.533333	0.0	0.0
17.011700	0.404651401	-116.566667	0.0	0.0
17.021500	0.400096264	-116.566667	0.0	0.0
17.031300	0.395288760	-116.666667	0.0	0.0
17.041000	0.390087239	-116.600000	0.0	0.0
17.050800	0.383628998	-116.533333	0.0	0.0
17.060500	0.378145052	-116.433333	0.0	0.0
17.070300	0.373457472	-116.533333	0.0	0.0
17.080100	0.370388143	-116.800000	0.0	0.0
17.089800	0.366356285	-116.933333	0.0	0.0
17.099600	0.361536890	-116.933333	0.0	0.0
17.109400	0.356370254	-116.933333	0.0	0.0
17.119100	0.351545003	-116.866667	0.0	0.0
17.128900	0.347319745	-116.933333	0.0	0.0
17.138700	0.342618816	-116.866667	0.0	0.0
17.148400	0.338109161	-117.066667	0.0	0.0
17.158200	0.333148907	-117.133333	0.0	0.0
17.168000	0.329018035	-117.166667	0.0	0.0
17.177700	0.324687085	-117.033333	0.0	0.0
17.187500	0.320907138	-117.066667	0.0	0.0
17.197300	0.316563083	-117.033333	0.0	0.0
17.207000	0.311916603	-117.133333	0.0	0.0
17.216800	0.307340010	-117.100000	0.0	0.0
17.226600	0.302482023	-117.200000	0.0	0.0
17.236300	0.298270781	-117.166667	0.0	0.0
17.246100	0.293894122	-117.166667	0.0	0.0
17.255900	0.289803938	-117.166667	0.0	0.0
17.265600	0.285768930	-117.300000	0.0	0.0
17.275400	0.281575445	-117.433333	0.0	0.0
17.285200	0.277443407	-117.466667	0.0	0.0
17.294900	0.272427778	-117.433333	0.0	0.0
17.304700	0.268635915	-117.300000	0.0	0.0
17.314500	0.264693507	-117.300000	0.0	0.0
17.324200	0.261208029	-117.333333	0.0	0.0
17.334000	0.257078323	-117.433333	0.0	0.0
17.343800	0.253597085	-117.366667	0.0	0.0
17.353500	0.249490347	-117.433333	0.0	0.0
17.363300	0.245639913	-117.533333	0.0	0.0
17.373000	0.241383818	-117.666667	0.0	0.0
17.382800	0.237658344	-117.500000	0.0	0.0
17.392600	0.233721057	-117.533333	0.0	0.0
17.402300	0.229847606	-117.533333	0.0	0.0
17.412100	0.226560652	-117.700000	0.0	0.0
17.421900	0.222892531	-117.666667	0.0	0.0
17.431600	0.219030159	-117.666667	0.0	0.0
17.441400	0.215401146	-117.633333	0.0	0.0
17.451200	0.211994843	-117.666667	0.0	0.0
17.460900	0.208081415	-117.700000	0.0	0.0
17.470700	0.204555097	-117.700000	0.0	0.0
17.480500	0.201011321	-117.766667	0.0	0.0
17.490200	0.197983095	-117.766667	0.0	0.0
17.500000	0.194478404	-117.766667	0.0	0.0
17.509800	0.191255758	-117.766667	0.0	0.0
17.519500	0.188013214	-117.833333	0.0	0.0
17.529300	0.184826642	-117.933333	0.0	0.0
17.539100	0.181554620	-117.966667	0.0	0.0
17.548800	0.177861011	-117.900000	0.0	0.0
17.558600	0.174846343	-117.833333	0.0	0.0
17.568400	0.171882717	-117.866667	0.0	0.0
17.578100	0.168838673	-118.066667	0.0	0.0
17.587900	0.165849432	-118.100000	0.0	0.0
17.597700	0.162351352	-118.066667	0.0	0.0
17.607400	0.159353607	-117.966667	0.0	0.0
17.617200	0.156292049	-117.966667	0.0	0.0
17.627000	0.153760602	-118.166667	0.0	0.0
17.636700	0.151385401	-118.266667	0.0	0.0
17.646500	0.148476794	-118.266667	0.0	0.0
17.656300	0.145400656	-118.166667	0.0	0.0
17.666000	0.142059918	-118.266667	0.0	0.0
17.675800	0.139597962	-118.266667	0.0	0.0
17.685500	0.136967441	-118.166667	0.0	0.0
17.695300	0.134593658	-117.966667	0.0	0.0
17.705100	0.131451350	-118.000000	0.0	0.0
17.714800	0.128825821	-118.166667	0.0	0.0
17.724600	0.126204966	-118.433333	0.0	0.0
17.734400	0.124446637	-118.600000	0.0	0.0
17.744100	0.121680404	-118.600000	0.0	0.0
17.753900	0.119113349	-118.666667	0.0	0.0
17.763700	0.116332242	-118.633333	0.0	0.0
17.773400	0.114359044	-118.566667	0.0	0.0
17.783200	0.111989313	-118.466667	0.0	0.0
17.793000	0.109248591	-118.466667	0.0	0.0
17.802700	0.106860993	-118.433333	0.0	0.0
17.812500	0.104646541	-118.433333	0.0	0.0
17.822300	0.102595997	-118.466667	0.0	0.0
17.832000	0.100469303	-118.466667	0.0	0.0
17.841800	0.098274008	-118.566667	0.0	0.0
17.851600	0.096311278	-118.466667	0.0	0.0
17.861300	0.093953522	-118.533333	0.0	0.0
17.871100	0.091935791	-118.566667	0.0	0.0
17.880900	0.090030440	-118.666667	0.0	0.0
17.890600	0.088096416	-118.900000	0.0	0.0
17.900400	0.086039142	-118.833333	0.0	0.0
17.910200	0.084223594	-118.900000	0.0	0.0
17.919900	0.082256252	-118.833333	0.0	0.0
17.929700	0.080489585	-118.933333	0.0	0.0
17.939500	0.078459162	-118.866667	0.0	0.0
17.949200	0.076714672	-118.933333	0.0	0.0
17.959000	0.074923056	-119.000000	0.0	0.0
17.968800	0.073313802	-118.966667	0.0	0.0
17.978500	0.071546236	-118.866667	0.0	0.0
17.988300	0.069714554	-118.866667	0.0	0.0
17.998000	0.068059838	-118.900000	0.0	0.0
18.007800	0.066777065	-118.925000	0.0	0.0
18.017600	0.065117383	-118.950000	0.0	0.0
18.027300	0.062699492	-118.975000	0.0	0.0
18.037100	0.060930309	-119.000000	0.0	0.0
18.046900	0.059484335	-119.025000	0.0	0.0
18.056600	0.058835030	-119.050000	0.0	0.0
18.066400	0.057328638	-119.075000	0.0	0.0
18.076200	0.055968088	-119.100000	0.0	0.0
18.085900	0.054513842	-119.125000	0.0	0.0
18.095700	0.053118042	-119.150000	0.0	0.0
18.105500	0.051797706	-119.175000	0.0	0.0
18.115200	0.050471142	-119.200000	0.0	0.0
18.125000	0.049178810	-119.225000	0.0	0.0
18.134800	0.047919554	-119.250000	0.0	0.0
18.144500	0.046781952	-119.275000	0.0	0.0
18.154300	0.045636554	-119.300000	0.0	0.0
18.164100	0.044297636	-119.325000	0.0	0.0
18.173800	0.043080336	-119.350000	0.0	0.0
18.183600	0.041880630	-119.375000	0.0	0.0
18.193400	0.040980810	-119.400000	0.0	0.0
18.203100	0.039824044	-119.425000	0.0	0.0
18.212900	0.038700131	-119.450000	0.0	0.0
18.222700	0.037607927	-119.475000	0.0	0.0
18.232400	0.036856196	-119.500000	0.0	0.0
18.242200	0.035871033	-119.525000	0.0	0.0
18.252000	0.034831897	-119.550000	0.0	0.0
18.261700	0.033654350	-119.575000	0.0	0.0
18.271500	0.032616764	-119.600000	0.0	0.0
18.281300	0.031659720	-119.625000	0.0	0.0
18.291000	0.030718791	-119.650000	0.0	0.0
18.300800	0.029966550	-119.675000	0.0	0.0
18.310500	0.029031326	-119.700000	0.0	0.0
18.320300	0.028276951	-119.725000	0.0	0.0
18.330100	0.027394592	-119.750000	0.0	0.0
18.339800	0.026662115	-119.775000	0.0	0.0
18.349600	0.025830131	-119.800000	0.0	0.0
18.359400	0.025052928	-119.825000	0.0	0.0
18.369100	0.024326962	-119.850000	0.0	0.0
18.378900	0.023667525	-119.875000	0.0	0.0
18.388700	0.022990638	-119.900000	0.0	0.0
18.398400	0.022307285	-119.925000	0.0	0.0
18.408200	0.021536642	-119.950000	0.0	0.0
18.418000	0.020928710	-119.975000	0.0	0.0
18.427700	0.020291047	-120.000000	0.0	0.0
18.437500	0.019650278	-120.025000	0.0	0.0
18.447300	0.019037042	-120.050000	0.0	0.0
18.457000	0.018414550	-120.075000	0.0	0.0
18.466800	0.017915337	-120.100000	0.0	0.0
18.476600	0.017283116	-120.125000	0.0	0.0
18.486300	0.016724379	-120.150000	0.0	0.0
18.496100	0.016227321	-120.175000	0.0	0.0
18.505900	0.015720881	-120.200000	0.0	0.0
18.515600	0.015236006	-120.225000	0.0	0.0
18.525400	0.014749170	-120.250000	0.0	0.0
18.535200	0.014327286	-120.275000	0.0	0.0
18.544900	0.013832197	-120.300000	0.0	0.0
18.554700	0.013272537	-120.325000	0.0	0.0
18.564500	0.012804126	-120.350000	0.0	0.0
18.574200	0.012404429	-120.375000	0.0	0.0
18.584000	0.012003444	-120.400000	0.0	0.0
18.593800	0.011610961	-120.425000	0.0	0.0
18.603500	0.011196819	-120.450000	0.0	0.0
18.613300	0.010822395	-120.475000	0.0	0.0
18.623000	0.010424366	-120.500000	0.0	0.0
18.632800	0.010021778	-120.525000	0.0	0.0
18.642600	0.009638434	-120.550000	0.0	0.0
18.652300	0.009287505	-120.575000	0.0	0.0
18.662100	0.008990707	-120.600000	0.0	0.0
18.671900	0.008733504	-120.625000	0.0	0.0
18.681600	0.008438153	-120.650000	0.0	0.0
18.691400	0.008171626	-120.675000	0.0	0.0
18.701200	0.007843974	-120.700000	0.0	0.0
18.710900	0.007540984	-120.725000	0.0	0.0
18.720700	0.007230285	-120.750000	0.0	0.0
18.730500	0.006945700	-120.775000	0.0	0.0
18.740200	0.006705650	-120.800000	0.0	0.0
18.750000	0.006444184	-120.825000	0.0	0.0
18.759800	0.006207188	-120.850000	0.0	0.0
18.769500	0.005974286	-120.875000	0.0	0.0
18.779300	0.005747947	-120.900000	0.0	0.0
18.789100	0.005532303	-120.925000	0.0	0.0
18.798800	0.005294157	-120.950000	0.0	0.0
18.808600	0.005095535	-120.975000	0.0	0.0
18.818400	0.004894962	-121.000000	0.0	0.0
18.828100	0.004716717	-121.025000	0.0	0.0
18.837900	0.004499862	-121.050000	0.0	0.0
18.847700	0.004311136	-121.075000	0.0	0.0
18.857400	0.004131887	-121.100000	0.0	0.0
18.867200	0.003972289	-121.125000	0.0	0.0
18.877000	0.003817388	-121.150000	0.0	0.0
18.886700	0.003653054	-121.175000	0.0	0.0
18.896500	0.003518693	-121.200000	0.0	0.0
18.906300	0.003384074	-121.225000	0.0	0.0
18.916000	0.003316367	-121.250000	0.0	0.0
18.925800	0.003165101	-121.275000	0.0	0.0
18.935500	0.003003379	-121.300000	0.0	0.0
18.945300	0.002792553	-121.325000	0.0	0.0
18.955100	0.002669271	-121.350000	0.0	0.0
18.964800	0.002565163	-121.375000	0.0	0.0
18.974600	0.002406242	-121.400000	0.0	0.0
18.984400	0.002320404	-121.425000	0.0	0.0
18.994100	0.002227334	-121.450000	0.0	0.0
19.003900	0.002185292	-121.475000	0.0	0.0
19.013700	0.002080016	-121.500000	0.0	0.0
19.023400	0.001971461	-121.525000	0.0	0.0
19.033200	0.001891669	-121.550000	0.0	0.0
19.043000	0.001796396	-121.575000	0.0	0.0
19.052700	0.001711157	-121.600000	0.0	0.0
19.062500	0.001618750	-121.625000	0.0	0.0
19.072300	0.001541948	-121.650000	0.0	0.0
19.082000	0.001459791	-121.675000	0.0	0.0
19.091800	0.001395876	-121.700000	0.0	0.0
19.101600	0.001320494	-121.725000	0.0	0.0
19.111300	0.001267526	-121.750000	0.0	0.0
19.121100	0.001190820	-121.775000	0.0	0.0
19.130900	0.001136498	-121.800000	0.0	0.0
19.140600	0.001080494	-121.825000	0.0	0.0
19.150400	0.001035169	-121.850000	0.0	0.0
19.160200	0.000986431	-121.875000	0.0	0.0
19.169900	0.000977882	-121.900000	0.0	0.0
19.179700	0.000936142	-121.925000	0.0	0.0
19.189500	0.000891040	-121.950000	0.0	0.0
19.199200	0.000809934	-121.975000	0.0	0.0
19.209000	0.000742742	-122.000000	0.0	0.0
19.218800	0.000703709	-122.025000	0.0	0.0
19.228500	0.000663405	-122.050000	0.0	0.0
19.238300	0.000652880	-122.075000	0.0	0.0
19.248000	0.000623571	-122.100000	0.0	0.0
19.257800	0.000588536	-122.125000	0.0	0.0
19.267600	0.000544287	-122.150000	0.0	0.0
19.277300	0.000499896	-122.175000	0.0	0.0
19.287100	0.000502651	-122.200000	0.0	0.0
19.296900	0.000479168	-122.225000	0.0	0.0
19.306600	0.000467777	-122.250000	0.0	0.0
19.316400	0.000400337	-122.275000	0.0	0.0
19.326200	0.000378425	-122.300000	0.0	0.0
19.335900	0.000344904	-122.325000	0.0	0.0
19.345700	0.000344021	-122.350000	0.0	0.0
19.355500	0.000322333	-122.375000	0.0	0.0
19.365200	0.000299012	-122.400000	0.0	0.0
19.375000	0.000273259	-122.425000	0.0	0.0
19.384800	0.000251552	-122.450000	0.0	0.0
19.394500	0.000236962	-122.475000	0.0	0.0
19.404300	0.000214568	-122.500000	0.0	0.0
19.414100	0.000218751	-122.525000	0.0	0.0
19.423800	0.000207970	-122.550000	0.0	0.0
19.433600	0.000213249	-122.575000	0.0	0.0
19.443400	0.000190227	-122.600000	0.0	0.0
19.453100	0.000182946	-122.625000	0.0	0.0
19.462900	0.000165339	-122.650000	0.0	0.0
19.472700	0.000141610	-122.675000	0.0	0.0
19.482400	0.000132427	-122.700000	0.0	0.0
19.492200	0.000128784	-122.725000	0.0	0.0
19.502000	0.000125433	-122.750000	0.0	0.0
19.511700	0.000110780	-122.775000	0.0	0.0
19.521500	0.000095575	-122.800000	0.0	0.0
19.531300	0.000161584	-122.825000	0.0	0.0
19.541000	0.000154625	-122.850000	0.0	0.0
19.550800	0.000153992	-122.875000	0.0	0.0
19.560500	0.000085779	-122.900000	0.0	0.0
19.570300	0.000094066	-122.925000	0.0	0.0
19.580100	0.000085536	-122.950000	0.0	0.0
19.589800	0.000060399	-122.975000	0.0	0.0
19.599600	0.000046585	-123.000000	0.0	0.0
19.609400	0.000042475	-123.025000	0.0	0.0
19.619100	0.000058615	-123.050000	0.0	0.0
19.628900	0.000052468	-123.075000	0.0	0.0
19.638700	0.000055159	-123.100000	0.0	0.0
19.648400	0.000056147	-123.125000	0.0	0.0
19.658200	0.000074167	-123.150000	0.0	0.0
19.668000	0.000061366	-123.175000	0.0	0.0
19.677700	0.000075679	-123.200000	0.0	0.0
19.687500	0.000053030	-123.225000	0.0	0.0
19.697300	0.000078056	-123.250000	0.0	0.0
19.707000	0.000049941	-123.275000	0.0	0.0
19.716800	0.000052481	-123.300000	0.0	0.0
19.726600	0.000038390	-123.325000	0.0	0.0
19.736300	0.000055369	-123.350000	0.0	0.0
19.746100	0.000064291	-123.375000	0.0	0.0
19.755900	0.000056563	-123.400000	0.0	0.0
19.765600	0.000049725	-123.425000	0.0	0.0
19.775400	0.000043547	-123.450000	0.0	0.0
19.785200	0.000063632	-123.475000	0.0	0.0
19.794900	0.000061196	-123.500000	0.0	0.0
19.804700	0.000058045	-123.525000	0.0	0.0
19.814500	0.000039932	-123.550000	0.0	0.0
19.824200	0.000032963	-123.575000	0.0	0.0
19.834000	0.000037160	-123.600000	0.0	0.0
19.843800	0.000035683	-123.625000	0.0	0.0
19.853500	0.000051900	-123.650000	0.0	0.0
19.863300	0.000049570	-123.675000	0.0	0.0
19.873000	0.000055539	-123.700000	0.0	0.0
19.882800	0.000045462	-123.725000	0.0	0.0
19.892600	0.000052990	-123.750000	0.0	0.0
19.902300	0.000048649	-123.775000	0.0	0.0
19.912100	0.000073867	-123.800000	0.0	0.0
19.921900	0.000064367	-123.825000	0.0	0.0
19.931600	0.000078021	-123.850000	0.0	0.0
19.941400	0.000049708	-123.875000	0.0	0.0
19.951200	0.000052942	-123.900000	0.0	0.0
19.960900	0.000036617	-123.925000	0.0	0.0
19.970700	0.000036146	-123.950000	0.0	0.0
19.980500	0.000030851	-123.975000	0.0	0.0
19.990200	0.000036195	-124.000000	0.0	0.0

