# Response info for BOSA broadband site.
#
# Effective: 20 July 2002
# File name: BOSA_bb_response_20040923.txt
# Inid:  
# Source:  James Neely (CTI)
# System equipment:  KS54000 IRIS seismometer and AIM24S-3 digitizer.
# 
# This nominal response file is the average amplitude and phase of the RB calibrations.
#
# Displacement response relative to 1.0 at 1.0 Hz. The nominal calib value for
# this configuration is 0.021443 nm/count at 1.0 Hz.
#
# Freq(Hz)     Ampl(norm)   Phase(deg)  Error(amp)  Error(phase)
#
 theoretical  0       system    fap   J.Neely
80				
0.010000	0.005000000	181.00000	0.0	0.0
0.014000	0.009500000	160.50000	0.0	0.0
0.017000	0.013470000	150.20000	0.0	0.0
0.021000	0.019000000	140.10000	0.0	0.0
0.023000	0.021500000	136.20000	0.0	0.0
0.025000	0.023600000	132.80000	0.0	0.0
0.028000	0.027500000	125.00000	0.0	0.0
0.031000	0.030500000	122.00000	0.0	0.0
0.034000	0.033000000	119.40000	0.0	0.0
0.037000	0.035500000	117.00000	0.0	0.0
0.040000	0.039000000	114.60000	0.0	0.0
0.044000	0.044000000	112.00000	0.0	0.0
0.049000	0.049000000	110.30000	0.0	0.0
0.053000	0.053000000	108.00000	0.0	0.0
0.059000	0.059000000	106.50000	0.0	0.0
0.064000	0.064000000	104.60000	0.0	0.0
0.071000	0.069000000	103.30000	0.0	0.0
0.077000	0.077000000	101.80000	0.0	0.0
0.085000	0.084000000	100.50000	0.0	0.0
0.093000	0.093000000	99.30000	0.0	0.0
0.102000	0.102000000	98.10000	0.0	0.0
0.112000	0.112000000	97.00000	0.0	0.0
0.123000	0.122000000	96.00000	0.0	0.0
0.135000	0.133000000	95.00000	0.0	0.0
0.149000	0.147000000	94.00000	0.0	0.0
0.163000	0.161000000	93.10000	0.0	0.0
0.179000	0.175000000	92.20000	0.0	0.0
0.196000	0.190000000	91.30000	0.0	0.0
0.215000	0.210000000	90.50000	0.0	0.0
0.236000	0.230000000	89.58000	0.0	0.0
0.260000	0.257000000	88.70000	0.0	0.0
0.285000	0.280000000	88.50000	0.0	0.0
0.313000	0.311000000	87.50000	0.0	0.0
0.343000	0.343000000	86.50000	0.0	0.0
0.377000	0.377000000	85.50000	0.0	0.0
0.413000	0.413000000	85.26667	0.0	0.0
0.453000	0.453000000	83.93333	0.0	0.0
0.498000	0.498000000	82.40000	0.0	0.0
0.546000	0.542432196	81.06667	0.0	0.0
0.599000	0.598751074	80.00000	0.0	0.0
0.658000	0.655962043	78.46667	0.0	0.0
0.722000	0.718108412	77.16667	0.0	0.0
0.792000	0.791670869	75.56667	0.0	0.0
0.870000	0.872312446	73.73333	0.0	0.0
0.955000	0.955702792	72.10000	0.0	0.0
1.048000	1.047966578	70.63333	0.0	0.0
1.150000	1.151729940	68.30000	0.0	0.0
1.262000	1.260991535	65.96667	0.0	0.0
1.385000	1.382300897	63.63333	0.0	0.0
1.520000	1.517620104	61.23333	0.0	0.0
1.668000	1.661558090	58.36667	0.0	0.0
1.831000	1.821829908	54.73333	0.0	0.0
2.009000	1.995872311	50.63333	0.0	0.0
2.205000	2.178017727	46.53333	0.0	0.0
2.420000	2.379403973	42.30000	0.0	0.0
2.656000	2.550000000	37.26667	0.0	0.0
2.915000	2.811629182	31.20000	0.0	0.0
3.199000	3.031566201	24.96667	0.0	0.0
3.511000	3.247757885	17.93333	0.0	0.0
3.854000	3.430819423	9.66667		0.0	0.0
4.229000	3.591069703	0.66667		0.0	0.0
4.642000	3.708440248	-8.10000	0.0	0.0
5.094000	3.721446304	-18.36667	0.0	0.0
5.591000	3.662764323	-28.90000	0.0	0.0
6.136000	3.521314654	-39.10000	0.0	0.0
6.734000	3.323476369	-48.80000	0.0	0.0
7.391000	3.063298738	-58.50000	0.0	0.0
8.111000	2.789719583	-67.20000	0.0	0.0
8.902000	2.498275945	-75.43333	0.0	0.0
9.770000	2.190520794	-83.43333	0.0	0.0
10.000000	2.136253643	-84.86667	0.0	0.0
11.000000	1.853014573	-92.10000	0.0	0.0
12.000000	1.613122674	-98.03333	0.0	0.0
13.000000	1.430856790	-102.90000	0.0	0.0
14.000000	1.263128455	-107.10000	0.0	0.0
15.000000	1.129130336	-110.70000	0.0	0.0
16.000000	0.894209884	-113.96667	0.0	0.0
17.000000	0.393491242	-116.60000	0.0	0.0
18.000000	0.066797261	-119.46667	0.0	0.0
19.000000	0.001977302	-122.26667	0.0	0.0
