# UNCLASSIFIED								
#									
# Response info for BRTR broadband site BR131 bhe, bhn, bhz.	
#						
# Effective: 10	Feb. 2003					
# File name: br131_041_bb.txt						
#							
# Source: James Neely (CTI)					
# System equipment: KS54000 seismometer and AIM24S-3 digitizer.	
#									
# This nominal response file is the average amplitude and phase of actual RB calibrations.
#
# Displacement response relative to 1.0 at 1.0 Hz. The nominal calib value for
# this configuration is 0.0067296 nm/count at 1.0 Hz.
#									
# Freq(Hz)      Amp(cnts/nm)    Phase(deg)   Error(amp) Error(phase)	
#				
	theoretical	0	instrument	fap
208				
0.010000	0.000018000	213.86667	0.0	0.0
0.020000	0.000359500	203.33333	0.0	0.0
0.030000	0.000841108	196.00000	0.0	0.0
0.040000	0.001560582	191.90000	0.0	0.0
0.050000	0.002462862	189.56667	0.0	0.0
0.060000	0.003564258	187.46667	0.0	0.0
0.070000	0.004856940	186.00000	0.0	0.0
0.080000	0.006365707	184.83333	0.0	0.0
0.090000	0.008093785	183.86667	0.0	0.0
0.100000	0.009969346	183.03333	0.0	0.0
0.200000	0.039953975	177.96667	0.0	0.0
0.300000	0.090034545	174.43333	0.0	0.0
0.400000	0.160307306	171.60000	0.0	0.0
0.500000	0.250576310	168.76667	0.0	0.0
0.600000	0.361106939	166.23333	0.0	0.0
0.700000	0.490564458	163.53333	0.0	0.0
0.800000	0.640983191	161.03333	0.0	0.0
0.900000	0.810933084	158.40000	0.0	0.0
1.000000	1.000000000	155.86667	0.0	0.0
1.100000	1.207680453	153.26667	0.0	0.0
1.200000	1.436688092	150.76667	0.0	0.0
1.300000	1.684819465	148.10000	0.0	0.0
1.400000	1.952492637	145.60000	0.0	0.0
1.500000	2.237085167	142.93333	0.0	0.0
1.600000	2.543352945	140.40000	0.0	0.0
1.700000	2.867903339	137.76667	0.0	0.0
1.800000	3.206601640	135.13333	0.0	0.0
1.900000	3.564570446	132.43333	0.0	0.0
2.000000	3.943604239	129.83333	0.0	0.0
2.100000	4.334495831	127.13333	0.0	0.0
2.200000	4.748014411	124.46667	0.0	0.0
2.300000	5.169584900	121.66667	0.0	0.0
2.400000	5.609478445	119.03333	0.0	0.0
2.500000	6.065687297	116.33333	0.0	0.0
2.600000	6.527998251	113.53333	0.0	0.0
2.700000	7.002087418	110.73333	0.0	0.0
2.800000	7.487141877	107.90000	0.0	0.0
2.900000	7.976199279	105.13333	0.0	0.0
3.000000	8.496547889	102.16667	0.0	0.0
3.100000	8.992698945	99.33333	0.0	0.0
3.200000	9.494380298	96.43333	0.0	0.0
3.300000	10.012162274	93.66667	0.0	0.0
3.400000	10.514561548	90.76667	0.0	0.0
3.500000	11.031538597	87.90000	0.0	0.0
3.600000	11.537321680	84.90000	0.0	0.0
3.700000	12.047680683	82.03333	0.0	0.0
3.800000	12.547788603	79.10000	0.0	0.0
3.900000	13.040549166	76.23333	0.0	0.0
4.000000	13.514085102	73.26667	0.0	0.0
4.100000	13.987315798	70.33333	0.0	0.0
4.200000	14.443260610	67.43333	0.0	0.0
4.300000	14.857198004	64.60000	0.0	0.0
4.400000	15.272331882	61.66667	0.0	0.0
4.500000	15.676834049	58.83333	0.0	0.0
4.600000	16.057662666	55.93333	0.0	0.0
4.700000	16.425895265	53.16667	0.0	0.0
4.800000	16.742326545	50.33333	0.0	0.0
4.900000	17.056588037	47.63333	0.0	0.0
5.000000	17.362276790	45.00000	0.0	0.0
5.100000	17.625455619	42.16667	0.0	0.0
5.200000	17.892595919	39.60000	0.0	0.0
5.300000	18.108608212	36.90000	0.0	0.0
5.400000	18.335278872	34.36667	0.0	0.0
5.500000	18.495186393	31.76667	0.0	0.0
5.600000	18.679964827	29.26667	0.0	0.0
5.700000	18.803977007	26.73333	0.0	0.0
5.800000	18.946223402	24.40000	0.0	0.0
5.900000	19.027016294	21.93333	0.0	0.0
6.000000	19.133855988	19.60000	0.0	0.0
6.100000	19.186378311	17.30000	0.0	0.0
6.200000	19.228705403	15.10000	0.0	0.0
6.300000	19.253710275	12.80000	0.0	0.0
6.400000	19.291231295	10.63333	0.0	0.0
6.500000	19.274955323	8.53333	0.0	0.0
6.600000	19.279149506	6.43333	0.0	0.0
6.700000	19.230161823	4.33333	0.0	0.0
6.800000	19.239088492	2.33333	0.0	0.0
6.900000	19.173358010	0.30000	0.0	0.0
7.000000	19.136510447	-1.60000	0.0	0.0
7.100000	19.077290702	-3.50000	0.0	0.0
7.200000	19.032609029	-5.33333	0.0	0.0
7.300000	18.922523520	-7.23333	0.0	0.0
7.400000	18.856602215	-9.03333	0.0	0.0
7.500000	18.784048183	-10.63333	0.0	0.0
7.600000	18.669263469	-12.43333	0.0	0.0
7.700000	18.577251065	-14.10000	0.0	0.0
7.800000	18.444032219	-15.83333	0.0	0.0
7.900000	18.347948652	-17.36667	0.0	0.0
8.000000	18.232517572	-19.00000	0.0	0.0
8.100000	18.112151320	-20.56667	0.0	0.0
8.200000	17.966398914	-22.16667	0.0	0.0
8.300000	17.857590163	-23.60000	0.0	0.0
8.400000	17.710272312	-25.13333	0.0	0.0
8.500000	17.606425156	-26.53333	0.0	0.0
8.600000	17.458097018	-28.00000	0.0	0.0
8.700000	17.339577269	-29.36667	0.0	0.0
8.800000	17.177713080	-30.76667	0.0	0.0
8.900000	17.052184126	-32.10000	0.0	0.0
9.000000	16.903826209	-33.46667	0.0	0.0
9.100000	16.784797965	-34.73333	0.0	0.0
9.200000	16.624259960	-36.03333	0.0	0.0
9.300000	16.492983731	-37.26667	0.0	0.0
9.400000	16.340137522	-38.53333	0.0	0.0
9.500000	16.216129754	-39.70000	0.0	0.0
9.600000	16.058653704	-41.03333	0.0	0.0
9.700000	15.917571231	-42.10000	0.0	0.0
9.800000	15.774374657	-43.23333	0.0	0.0
9.900000	15.647215216	-44.43333	0.0	0.0
10.000000	15.511959665	-45.53333	0.0	0.0
10.100000	15.368898687	-46.63333	0.0	0.0
10.200000	15.230015441	-47.70000	0.0	0.0
10.300000	15.077908942	-48.80000	0.0	0.0
10.400000	14.953172570	-49.76667	0.0	0.0
10.500000	14.803983701	-50.86667	0.0	0.0
10.600000	14.681769360	-51.86667	0.0	0.0
10.700000	14.535642135	-52.93333	0.0	0.0
10.800000	14.427159874	-54.03333	0.0	0.0
10.900000	14.267668033	-54.93333	0.0	0.0
11.000000	14.140085553	-55.80000	0.0	0.0
11.100000	13.995205861	-56.80000	0.0	0.0
11.200000	13.876162554	-57.70000	0.0	0.0
11.300000	13.729568465	-58.73333	0.0	0.0
11.400000	13.613706065	-59.56667	0.0	0.0
11.500000	13.465702465	-60.50000	0.0	0.0
11.600000	13.347993257	-61.33333	0.0	0.0
11.700000	13.214124378	-62.23333	0.0	0.0
11.800000	13.094754120	-63.10000	0.0	0.0
11.900000	12.969620134	-63.96667	0.0	0.0
12.000000	12.848797726	-64.80000	0.0	0.0
12.100000	12.727333007	-65.66667	0.0	0.0
12.200000	12.614973082	-66.46667	0.0	0.0
12.300000	12.482748572	-67.30000	0.0	0.0
12.400000	12.378747484	-68.06667	0.0	0.0
12.500000	12.264599178	-68.80000	0.0	0.0
12.600000	12.135968030	-69.60000	0.0	0.0
12.700000	12.016392587	-70.43333	0.0	0.0
12.800000	11.905654432	-71.13333	0.0	0.0
12.900000	11.803552990	-71.83333	0.0	0.0
13.000000	11.682972957	-72.63333	0.0	0.0
13.100000	11.580018631	-73.33333	0.0	0.0
13.200000	11.463428571	-74.06667	0.0	0.0
13.300000	11.364141048	-74.83333	0.0	0.0
13.400000	11.247161472	-75.53333	0.0	0.0
13.500000	11.155803873	-76.16667	0.0	0.0
13.600000	11.038527660	-76.86667	0.0	0.0
13.700000	10.950681166	-77.56667	0.0	0.0
13.800000	10.833235218	-78.23333	0.0	0.0
13.900000	10.744748817	-78.93333	0.0	0.0
14.000000	10.639537219	-79.56667	0.0	0.0
14.100000	10.542369298	-80.26667	0.0	0.0
14.200000	10.421015029	-81.03333	0.0	0.0
14.300000	10.339639772	-81.46667	0.0	0.0
14.400000	10.257896615	-82.10000	0.0	0.0
14.500000	10.152414435	-82.73333	0.0	0.0
14.600000	10.050917581	-83.36667	0.0	0.0
14.700000	9.964786610	-83.93333	0.0	0.0
14.800000	9.867112903	-84.56667	0.0	0.0
14.900000	9.788268419	-85.13333	0.0	0.0
15.000000	9.698007558	-85.73333	0.0	0.0
15.100000	9.600353573	-86.33333	0.0	0.0
15.200000	9.491915049	-86.86667	0.0	0.0
15.300000	9.362306650	-87.50000	0.0	0.0
15.400000	9.237223288	-88.03333	0.0	0.0
15.500000	9.067691367	-88.60000	0.0	0.0
15.600000	8.900529901	-89.06667	0.0	0.0
15.700000	8.685589603	-89.66667	0.0	0.0
15.800000	8.449172446	-90.16667	0.0	0.0
15.900000	8.180771243	-90.76667	0.0	0.0
16.000000	7.895990772	-91.26667	0.0	0.0
16.100000	7.539081164	-91.86667	0.0	0.0
16.200000	7.192226610	-92.30000	0.0	0.0
16.300000	6.790084969	-92.86667	0.0	0.0
16.400000	6.382943932	-93.36667	0.0	0.0
16.500000	5.926540027	-93.76667	0.0	0.0
16.600000	5.487604997	-94.40000	0.0	0.0
16.700000	5.014946171	-94.86667	0.0	0.0
16.800000	4.551122901	-95.30000	0.0	0.0
16.900000	4.088902385	-95.80000	0.0	0.0
17.000000	3.648081310	-96.30000	0.0	0.0
17.100000	3.207442560	-96.86667	0.0	0.0
17.200000	2.806878155	-97.26667	0.0	0.0
17.300000	2.408567784	-97.70000	0.0	0.0
17.400000	2.062679869	-98.16667	0.0	0.0
17.500000	1.750153325	-98.90000	0.0	0.0
17.600000	1.451639139	-98.96667	0.0	0.0
17.700000	1.199811995	-99.76667	0.0	0.0
17.800000	0.964583891	-100.20000	0.0	0.0
17.900000	0.776317534	-100.46667	0.0	0.0
18.000000	0.609132367	-100.90000	0.0	0.0
18.100000	0.473722286	-101.30000	0.0	0.0
18.200000	0.360143938	-101.73333	0.0	0.0
18.300000	0.271062130	-102.20000	0.0	0.0
18.400000	0.198747792	-102.73333	0.0	0.0
18.500000	0.145103133	-103.06667	0.0	0.0
18.600000	0.101787056	-103.30000	0.0	0.0
18.700000	0.070851636	-103.23333	0.0	0.0
18.800000	0.047222506	-104.03333	0.0	0.0
18.900000	0.031327346	-104.50000	0.0	0.0
19.000000	0.019633928	-105.23333	0.0	0.0
19.100000	0.012262153	-105.40000	0.0	0.0
19.200000	0.007094729	-106.00000	0.0	0.0
19.300000	0.004032874	-105.86667	0.0	0.0
19.400000	0.002115616	-106.16667	0.0	0.0
19.500000	0.001107225	-106.46667	0.0	0.0
19.600000	0.000514650	-107.00000	0.0	0.0
19.700000	0.000209700	-107.50000	0.0	0.0
19.800000	0.000224387	-107.90000	0.0	0.0
19.900000	0.000096503	-108.30000	0.0	0.0
