# UNCLASSIFIED								
#									
# Response info for BRTR broadband site BR231 bhe, bhn, bhz.	
#						
# Effective: 10	Feb. 2003					
# File name: brL31_041_bb.txt						
#							
# Source: James Neely (CTI)					
# System equipment: KS54000 seismometer and AIM24S-3 digitizer.	
#									
# This nominal response file is the average amplitude and phase of actual RB calibrations.
#
# Displacement response relative to 1.0 at 1.0 Hz. The nominal calib value for
# this configuration is 0.006692 nm/count at 1.0 Hz.
#									
# Freq(Hz)      Amp(cnts/nm)    Phase(deg)   Error(amp) Error(phase)	
#				
	theoretical	0	instrument	fap
208				
0.010000	0.000018000	213.66667	0.0	0.0
0.020000	0.000359500	203.16667	0.0	0.0
0.030000	0.000841108	195.86667	0.0	0.0
0.040000	0.001567184	191.80000	0.0	0.0
0.050000	0.002473280	189.43333	0.0	0.0
0.060000	0.003580710	187.43333	0.0	0.0
0.070000	0.004877487	185.93333	0.0	0.0
0.080000	0.006392636	184.76667	0.0	0.0
0.090000	0.008128025	183.83333	0.0	0.0
0.100000	0.010011520	183.00000	0.0	0.0
0.200000	0.039953975	177.86667	0.0	0.0
0.300000	0.090450126	174.63333	0.0	0.0
0.400000	0.160861945	171.53333	0.0	0.0
0.500000	0.250864962	168.70000	0.0	0.0
0.600000	0.361800504	166.20000	0.0	0.0
0.700000	0.492072861	163.46667	0.0	0.0
0.800000	0.641721575	160.93333	0.0	0.0
0.900000	0.811555737	158.30000	0.0	0.0
1.000000	1.000000000	155.80000	0.0	0.0
1.100000	1.207680453	153.16667	0.0	0.0
1.200000	1.433933989	150.70000	0.0	0.0
1.300000	1.682235156	148.06667	0.0	0.0
1.400000	1.945760599	145.56667	0.0	0.0
1.500000	2.229371877	142.93333	0.0	0.0
1.600000	2.529724919	140.46667	0.0	0.0
1.700000	2.847068019	137.90000	0.0	0.0
1.800000	3.182084272	135.33333	0.0	0.0
1.900000	3.534602135	132.66667	0.0	0.0
2.000000	3.905949807	130.03333	0.0	0.0
2.100000	4.286523967	127.36667	0.0	0.0
2.200000	4.691863425	124.80000	0.0	0.0
2.300000	5.106488273	122.06667	0.0	0.0
2.400000	5.530390743	119.53333	0.0	0.0
2.500000	5.973286573	116.86667	0.0	0.0
2.600000	6.431022506	114.20000	0.0	0.0
2.700000	6.884845441	111.50000	0.0	0.0
2.800000	7.350486137	108.83333	0.0	0.0
2.900000	7.824609321	106.10000	0.0	0.0
3.000000	8.341468414	103.33333	0.0	0.0
3.100000	8.808258559	100.56667	0.0	0.0
3.200000	9.296082233	97.86667	0.0	0.0
3.300000	9.810576906	95.13333	0.0	0.0
3.400000	10.306815477	92.40000	0.0	0.0
3.500000	10.813578124	89.63333	0.0	0.0
3.600000	11.296355077	86.83333	0.0	0.0
3.700000	11.800582577	84.10000	0.0	0.0
3.800000	12.295150810	81.33333	0.0	0.0
3.900000	12.792709784	78.56667	0.0	0.0
4.000000	13.282708736	75.76667	0.0	0.0
4.100000	13.737289382	73.06667	0.0	0.0
4.200000	14.195975712	70.20000	0.0	0.0
4.300000	14.630873139	67.56667	0.0	0.0
4.400000	15.045455938	64.73333	0.0	0.0
4.500000	15.491436615	62.06667	0.0	0.0
4.600000	15.886040432	59.23333	0.0	0.0
4.700000	16.275301753	56.70000	0.0	0.0
4.800000	16.633455281	53.96667	0.0	0.0
4.900000	16.971705753	51.30000	0.0	0.0
5.000000	17.302413053	48.80000	0.0	0.0
5.100000	17.618692899	46.06667	0.0	0.0
5.200000	17.954501604	43.53333	0.0	0.0
5.300000	18.199176604	40.96667	0.0	0.0
5.400000	18.462372955	38.46667	0.0	0.0
5.500000	18.666320248	36.00000	0.0	0.0
5.600000	18.889018307	33.50000	0.0	0.0
5.700000	19.036322112	31.00000	0.0	0.0
5.800000	19.268858490	28.66667	0.0	0.0
5.900000	19.410528344	26.26667	0.0	0.0
6.000000	19.549508101	23.96667	0.0	0.0
6.100000	19.655903147	21.56667	0.0	0.0
6.200000	19.782600430	19.36667	0.0	0.0
6.300000	19.823534871	17.16667	0.0	0.0
6.400000	19.900314875	14.96667	0.0	0.0
6.500000	19.937010923	12.86667	0.0	0.0
6.600000	19.964320715	10.76667	0.0	0.0
6.700000	19.967158815	8.60000	0.0	0.0
6.800000	20.014795585	6.60000	0.0	0.0
6.900000	19.977057286	4.46667	0.0	0.0
7.000000	19.976960622	2.60000	0.0	0.0
7.100000	19.945734369	0.70000	0.0	0.0
7.200000	19.914297604	-1.23333	0.0	0.0
7.300000	19.859991293	-3.20000	0.0	0.0
7.400000	19.805999921	-4.90000	0.0	0.0
7.500000	19.775274788	-6.73333	0.0	0.0
7.600000	19.699741078	-8.43333	0.0	0.0
7.700000	19.595128562	-10.10000	0.0	0.0
7.800000	19.506942578	-12.00000	0.0	0.0
7.900000	19.405321816	-13.63333	0.0	0.0
8.000000	19.320275166	-15.40000	0.0	0.0
8.100000	19.214836996	-16.93333	0.0	0.0
8.200000	19.089492013	-18.56667	0.0	0.0
8.300000	18.981164439	-19.93333	0.0	0.0
8.400000	18.860733227	-21.70000	0.0	0.0
8.500000	18.714196485	-23.06667	0.0	0.0
8.600000	18.620738565	-24.63333	0.0	0.0
8.700000	18.501424683	-26.00000	0.0	0.0
8.800000	18.356871922	-27.56667	0.0	0.0
8.900000	18.250720471	-28.80000	0.0	0.0
9.000000	18.105826416	-30.30000	0.0	0.0
9.100000	17.992138470	-31.70000	0.0	0.0
9.200000	17.785892165	-33.06667	0.0	0.0
9.300000	17.631904732	-34.30000	0.0	0.0
9.400000	17.455101319	-35.50000	0.0	0.0
9.500000	17.355902861	-36.83333	0.0	0.0
9.600000	17.246824056	-38.40000	0.0	0.0
9.700000	17.069080845	-39.40000	0.0	0.0
9.800000	16.935011071	-40.56667	0.0	0.0
9.900000	16.817846698	-41.90000	0.0	0.0
10.000000	16.659680447	-42.90000	0.0	0.0
10.100000	16.493370482	-44.03333	0.0	0.0
10.200000	16.356875336	-45.33333	0.0	0.0
10.300000	16.212168775	-46.30000	0.0	0.0
10.400000	16.115112640	-47.30000	0.0	0.0
10.500000	15.960454888	-48.46667	0.0	0.0
10.600000	15.774117228	-49.60000	0.0	0.0
10.700000	15.695225347	-50.60000	0.0	0.0
10.800000	15.258582066	-52.73333	0.0	0.0
10.900000	15.388147107	-52.86667	0.0	0.0
11.000000	15.186302175	-53.63333	0.0	0.0
11.100000	15.071134920	-54.90000	0.0	0.0
11.200000	15.006153302	-55.66667	0.0	0.0
11.300000	14.717144493	-56.60000	0.0	0.0
11.400000	14.671562550	-57.56667	0.0	0.0
11.500000	14.545512042	-58.76667	0.0	0.0
11.600000	14.346610641	-59.30000	0.0	0.0
11.700000	14.235467156	-60.36667	0.0	0.0
11.800000	14.074425659	-61.13333	0.0	0.0
11.900000	13.972064751	-62.10000	0.0	0.0
12.000000	13.836592760	-63.06667	0.0	0.0
12.100000	13.747933017	-63.80000	0.0	0.0
12.200000	13.637025781	-64.86667	0.0	0.0
12.300000	13.411485665	-65.43333	0.0	0.0
12.400000	13.330405807	-66.36667	0.0	0.0
12.500000	13.177105596	-66.50000	0.0	0.0
12.600000	13.033901174	-68.16667	0.0	0.0
12.700000	12.965047396	-68.83333	0.0	0.0
12.800000	12.855429948	-68.63333	0.0	0.0
12.900000	12.662304529	-70.60000	0.0	0.0
13.000000	12.561843296	-71.06667	0.0	0.0
13.100000	12.446366680	-71.76667	0.0	0.0
13.200000	12.245631770	-72.60000	0.0	0.0
13.300000	12.209651895	-73.53333	0.0	0.0
13.400000	12.074697615	-74.13333	0.0	0.0
13.500000	11.981215247	-74.76667	0.0	0.0
13.600000	11.923703009	-75.33333	0.0	0.0
13.700000	11.801606625	-76.20000	0.0	0.0
13.800000	11.697458318	-76.76667	0.0	0.0
13.900000	11.557474237	-77.20000	0.0	0.0
14.000000	11.413602364	-78.13333	0.0	0.0
14.100000	11.197082862	-78.60000	0.0	0.0
14.200000	10.928905959	-80.83333	0.0	0.0
14.300000	11.160202506	-80.13333	0.0	0.0
14.400000	11.088981298	-80.93333	0.0	0.0
14.500000	10.966532701	-81.46667	0.0	0.0
14.600000	10.773886062	-82.30000	0.0	0.0
14.700000	10.747348612	-82.76667	0.0	0.0
14.800000	10.576860205	-83.06667	0.0	0.0
14.900000	10.508463103	-83.76667	0.0	0.0
15.000000	10.435562215	-84.86667	0.0	0.0
15.100000	10.212229389	-85.26667	0.0	0.0
15.200000	10.131813246	-86.40000	0.0	0.0
15.300000	10.109186184	-86.33333	0.0	0.0
15.400000	9.882680956	-87.13333	0.0	0.0
15.500000	9.697580570	-87.83333	0.0	0.0
15.600000	9.551740832	-88.10000	0.0	0.0
15.700000	9.253356727	-88.60000	0.0	0.0
15.800000	9.130211558	-88.80000	0.0	0.0
15.900000	8.846963771	-89.53333	0.0	0.0
16.000000	8.480210490	-90.36667	0.0	0.0
16.100000	8.075171456	-90.90000	0.0	0.0
16.200000	7.742181755	-91.40000	0.0	0.0
16.300000	7.272915509	-91.76667	0.0	0.0
16.400000	6.844699133	-92.60000	0.0	0.0
16.500000	6.426401992	-92.33333	0.0	0.0
16.600000	5.868802702	-93.70000	0.0	0.0
16.700000	5.363310525	-94.03333	0.0	0.0
16.800000	4.901005956	-94.30000	0.0	0.0
16.900000	4.381337843	-94.93333	0.0	0.0
17.000000	3.908989552	-95.63333	0.0	0.0
17.100000	3.430248273	-95.90000	0.0	0.0
17.200000	3.018030057	-96.66667	0.0	0.0
17.300000	2.583799876	-96.83333	0.0	0.0
17.400000	2.222960932	-97.30000	0.0	0.0
17.500000	1.872446557	-98.43333	0.0	0.0
17.600000	1.548906976	-97.73333	0.0	0.0
17.700000	1.284142441	-98.70000	0.0	0.0
17.800000	1.033570261	-99.50000	0.0	0.0
17.900000	0.833436908	-99.50000	0.0	0.0
18.000000	0.650696310	-100.06667	0.0	0.0
18.100000	0.506435122	-100.66667	0.0	0.0
18.200000	0.386790777	-100.83333	0.0	0.0
18.300000	0.288116975	-100.80000	0.0	0.0
18.400000	0.212798704	-102.00000	0.0	0.0
18.500000	0.155182755	-102.26667	0.0	0.0
18.600000	0.108649039	-102.80000	0.0	0.0
18.700000	0.075686173	-102.26667	0.0	0.0
18.800000	0.050444718	-103.23333	0.0	0.0
18.900000	0.033503507	-103.53333	0.0	0.0
19.000000	0.021102822	-104.36667	0.0	0.0
19.100000	0.012953886	-104.50000	0.0	0.0
19.200000	0.007690167	-104.73333	0.0	0.0
19.300000	0.004314674	-105.00000	0.0	0.0
19.400000	0.002290534	-105.30000	0.0	0.0
19.500000	0.001200612	-105.53333	0.0	0.0
19.600000	0.000553366	-106.00000	0.0	0.0
19.700000	0.000240030	-106.70000	0.0	0.0
19.800000	0.000225163	-107.40000	0.0	0.0
19.900000	0.000112126	-108.00000	0.0	0.0
