# UNCLASSIFIED
# 
# Response info for BR131 broad band site.
# 
# Effective: 23 Aug. 2011
# Created: 23 Aug. 2011
# File name: brtr_BR131_bb_rsp_20110823
# 
# Source:  James Neely (TTD)
# System equipment:  KS54000 Seismometer and AIM24S-3 Digitizer.
# 
# This response file was adjusted after the amplitude response of the 
# instrument drifted slightly over time from the initial calibrations
# that were done in 2007 up to current.
# When compared to this file the Amplitude responses of the BR131 channels are 
# within +/- 5% and the Phase responses are within
# +/- 5 degrees over the required frequency range from 2007241 to current.
# There were no changes made to the nominal calib values over the same time 
# range.
# The response file was derived using the average of actual RB calibrations.
# Displacement response normalized to 1.0 at 1.0 Hz. The nominal calib values 
# for this configuration are as follows:
# 
# BR131 BHZ is 0.006200 nm/count at 1.0 Hz.
# BR131 BHN is 0.006360 nm/count at 1.0 Hz.
# BR131 BHE is 0.006390 nm/count at 1.0 Hz.
# 
# Freq(Hz)     Amp(counts/nm)   Phase(deg)  Error(amp)  Error(phase)
# 
 theoretical   0   instrument   fap
2047
0.009800 0.000066597 225.000000 0.0 0.0
0.019500 0.000318104 208.000000 0.0 0.0
0.029300 0.000785058 199.600000 0.0 0.0
0.039100 0.001461123 195.033333 0.0 0.0
0.048800 0.002312986 191.200000 0.0 0.0
0.058600 0.003369990 188.433333 0.0 0.0
0.068400 0.004632110 186.633333 0.0 0.0
0.078100 0.006066927 185.366667 0.0 0.0
0.087900 0.007702725 184.366667 0.0 0.0
0.097700 0.009526992 183.466667 0.0 0.0
0.107400 0.011517067 182.766667 0.0 0.0
0.117200 0.013693734 181.966667 0.0 0.0
0.127000 0.016079558 181.300000 0.0 0.0
0.136700 0.018636758 180.766667 0.0 0.0
0.146500 0.021437555 180.333333 0.0 0.0
0.156300 0.024410947 179.833333 0.0 0.0
0.166000 0.027534858 179.300000 0.0 0.0
0.175800 0.030881928 178.833333 0.0 0.0
0.185500 0.034397047 178.500000 0.0 0.0
0.195300 0.038142090 178.133333 0.0 0.0
0.205100 0.042066010 177.766667 0.0 0.0
0.214800 0.046121337 177.400000 0.0 0.0
0.224600 0.050445160 177.066667 0.0 0.0
0.234400 0.054922279 176.700000 0.0 0.0
0.244100 0.059607681 176.366667 0.0 0.0
0.253900 0.064539471 176.066667 0.0 0.0
0.263700 0.069591083 175.666667 0.0 0.0
0.273400 0.074776251 175.333333 0.0 0.0
0.283200 0.080233025 175.000000 0.0 0.0
0.293000 0.085881952 174.666667 0.0 0.0
0.302700 0.091697644 174.400000 0.0 0.0
0.312500 0.097731233 174.100000 0.0 0.0
0.322300 0.103957049 173.800000 0.0 0.0
0.332000 0.110308633 173.466667 0.0 0.0
0.341800 0.116737606 173.266667 0.0 0.0
0.351600 0.123575127 172.966667 0.0 0.0
0.361300 0.130637920 172.733333 0.0 0.0
0.371100 0.137820951 172.433333 0.0 0.0
0.380900 0.145307694 172.133333 0.0 0.0
0.390600 0.152685505 171.900000 0.0 0.0
0.400400 0.160566450 171.600000 0.0 0.0
0.410200 0.168522533 171.300000 0.0 0.0
0.419900 0.176586873 171.000000 0.0 0.0
0.429700 0.184925744 170.766667 0.0 0.0
0.439500 0.193234392 170.500000 0.0 0.0
0.449200 0.201935572 170.300000 0.0 0.0
0.459000 0.210681000 169.966667 0.0 0.0
0.468800 0.219942187 169.700000 0.0 0.0
0.478500 0.229138052 169.400000 0.0 0.0
0.488300 0.238711559 169.200000 0.0 0.0
0.498000 0.248194423 168.900000 0.0 0.0
0.507800 0.257959817 168.700000 0.0 0.0
0.517600 0.267909760 168.366667 0.0 0.0
0.527300 0.278045290 168.100000 0.0 0.0
0.537100 0.288476410 167.833333 0.0 0.0
0.546900 0.299099610 167.566667 0.0 0.0
0.556600 0.309803560 167.300000 0.0 0.0
0.566400 0.320808960 167.066667 0.0 0.0
0.576200 0.332261362 166.766667 0.0 0.0
0.585900 0.343674252 166.566667 0.0 0.0
0.595700 0.355403636 166.266667 0.0 0.0
0.605500 0.367052592 166.000000 0.0 0.0
0.615200 0.379052461 165.733333 0.0 0.0
0.625000 0.391525484 165.566667 0.0 0.0
0.634800 0.403899984 165.366667 0.0 0.0
0.644500 0.416337800 165.066667 0.0 0.0
0.654300 0.428766165 164.733333 0.0 0.0
0.664100 0.441875878 164.433333 0.0 0.0
0.673800 0.454703901 164.200000 0.0 0.0
0.683600 0.467847279 163.966667 0.0 0.0
0.693400 0.481357424 163.766667 0.0 0.0
0.703100 0.494349610 163.466667 0.0 0.0
0.712900 0.508226410 163.266667 0.0 0.0
0.722700 0.522295290 162.966667 0.0 0.0
0.732400 0.537027680 162.733333 0.0 0.0
0.742200 0.551495407 162.466667 0.0 0.0
0.752000 0.566372747 162.233333 0.0 0.0
0.761700 0.580855240 161.966667 0.0 0.0
0.771500 0.595897908 161.733333 0.0 0.0
0.781300 0.611132878 161.400000 0.0 0.0
0.791000 0.626401757 161.133333 0.0 0.0
0.800800 0.642019367 160.933333 0.0 0.0
0.810500 0.657414641 160.666667 0.0 0.0
0.820300 0.673408752 160.433333 0.0 0.0
0.830100 0.689595091 160.166667 0.0 0.0
0.839800 0.706076473 159.933333 0.0 0.0
0.849600 0.722374390 159.633333 0.0 0.0
0.859400 0.739135450 159.433333 0.0 0.0
0.869100 0.755914773 159.166667 0.0 0.0
0.878900 0.773058327 158.933333 0.0 0.0
0.888700 0.790394107 158.633333 0.0 0.0
0.898400 0.807742287 158.400000 0.0 0.0
0.908200 0.825143840 158.133333 0.0 0.0
0.918000 0.842724000 157.933333 0.0 0.0
0.927700 0.860627290 157.666667 0.0 0.0
0.937500 0.879581094 157.433333 0.0 0.0
0.947300 0.898066317 157.200000 0.0 0.0
0.957000 0.916552210 156.966667 0.0 0.0
0.966800 0.935061014 156.733333 0.0 0.0
0.976600 0.954479869 156.433333 0.0 0.0
0.986300 0.973161083 156.200000 0.0 0.0
0.996100 0.992215210 155.933333 0.0 0.0
1.005900 1.011834810 155.733333 0.0 0.0
1.015600 1.031443360 155.433333 0.0 0.0
1.025400 1.051445160 155.200000 0.0 0.0
1.035200 1.072050376 154.900000 0.0 0.0
1.044900 1.091816010 154.700000 0.0 0.0
1.054700 1.112392090 154.466667 0.0 0.0
1.064500 1.132290851 154.166667 0.0 0.0
1.074200 1.153020324 153.900000 0.0 0.0
1.084000 1.173703945 153.666667 0.0 0.0
1.093800 1.195480523 153.400000 0.0 0.0
1.103500 1.216777980 153.133333 0.0 0.0
1.113300 1.238961330 152.900000 0.0 0.0
1.123000 1.261129000 152.700000 0.0 0.0
1.132800 1.282251298 152.466667 0.0 0.0
1.142600 1.304533109 152.200000 0.0 0.0
1.152300 1.326267489 151.900000 0.0 0.0
1.162100 1.349958245 151.666667 0.0 0.0
1.171900 1.372822669 151.500000 0.0 0.0
1.181600 1.395642859 151.233333 0.0 0.0
1.191400 1.418344922 151.000000 0.0 0.0
1.201200 1.441774412 150.600000 0.0 0.0
1.210900 1.464591666 150.366667 0.0 0.0
1.220700 1.488393926 150.100000 0.0 0.0
1.230500 1.512388046 149.866667 0.0 0.0
1.240200 1.536326260 149.633333 0.0 0.0
1.250000 1.560702141 149.333333 0.0 0.0
1.259800 1.585269880 149.133333 0.0 0.0
1.269500 1.609158204 148.900000 0.0 0.0
1.279300 1.633471142 148.666667 0.0 0.0
1.289100 1.658593211 148.400000 0.0 0.0
1.298800 1.683647720 148.133333 0.0 0.0
1.308600 1.709151256 147.900000 0.0 0.0
1.318400 1.734180860 147.633333 0.0 0.0
1.328100 1.759792868 147.366667 0.0 0.0
1.337900 1.786545059 147.100000 0.0 0.0
1.347700 1.813509313 146.833333 0.0 0.0
1.357400 1.839708534 146.600000 0.0 0.0
1.367200 1.865652550 146.333333 0.0 0.0
1.377000 1.891768024 146.066667 0.0 0.0
1.386700 1.919250656 145.866667 0.0 0.0
1.396500 1.946473730 145.666667 0.0 0.0
1.406300 1.973131153 145.400000 0.0 0.0
1.416000 2.000444499 145.133333 0.0 0.0
1.425800 2.027451874 144.833333 0.0 0.0
1.435500 2.054343491 144.566667 0.0 0.0
1.445300 2.081689757 144.333333 0.0 0.0
1.455100 2.110015674 144.066667 0.0 0.0
1.464800 2.138241049 143.800000 0.0 0.0
1.474600 2.167779604 143.533333 0.0 0.0
1.484400 2.195846064 143.233333 0.0 0.0
1.494100 2.224637898 143.033333 0.0 0.0
1.503900 2.253052191 142.800000 0.0 0.0
1.513700 2.283387514 142.533333 0.0 0.0
1.523400 2.312745808 142.266667 0.0 0.0
1.533200 2.342597207 142.033333 0.0 0.0
1.543000 2.372640023 141.800000 0.0 0.0
1.552700 2.401642937 141.533333 0.0 0.0
1.562500 2.430189007 141.266667 0.0 0.0
1.572300 2.459824723 141.000000 0.0 0.0
1.582000 2.490269168 140.733333 0.0 0.0
1.591800 2.521217623 140.500000 0.0 0.0
1.601600 2.552357201 140.233333 0.0 0.0
1.611300 2.583367238 140.000000 0.0 0.0
1.621100 2.615890807 139.766667 0.0 0.0
1.630900 2.646598115 139.500000 0.0 0.0
1.640600 2.678173742 139.200000 0.0 0.0
1.650400 2.709225138 138.966667 0.0 0.0
1.660200 2.740443288 138.700000 0.0 0.0
1.669900 2.771496042 138.466667 0.0 0.0
1.679700 2.804121180 138.133333 0.0 0.0
1.689500 2.834760628 137.900000 0.0 0.0
1.699200 2.867404740 137.700000 0.0 0.0
1.709000 2.898349754 137.433333 0.0 0.0
1.718800 2.935062520 137.200000 0.0 0.0
1.728500 2.968283886 136.900000 0.0 0.0
1.738300 3.002037597 136.633333 0.0 0.0
1.748000 3.035634803 136.400000 0.0 0.0
1.757800 3.068590388 136.100000 0.0 0.0
1.767600 3.101710921 135.866667 0.0 0.0
1.777300 3.135846640 135.600000 0.0 0.0
1.787100 3.170523985 135.300000 0.0 0.0
1.796900 3.205392015 135.066667 0.0 0.0
1.806600 3.240092024 134.800000 0.0 0.0
1.816400 3.272826526 134.566667 0.0 0.0
1.826200 3.308237475 134.300000 0.0 0.0
1.835900 3.342191859 134.000000 0.0 0.0
1.845700 3.379264799 133.800000 0.0 0.0
1.855500 3.412625126 133.500000 0.0 0.0
1.865200 3.448398760 133.233333 0.0 0.0
1.875000 3.484730614 133.000000 0.0 0.0
1.884800 3.523956560 132.700000 0.0 0.0
1.894500 3.557589920 132.500000 0.0 0.0
1.904300 3.593111836 132.200000 0.0 0.0
1.914100 3.627403880 131.900000 0.0 0.0
1.923800 3.664261904 131.700000 0.0 0.0
1.933600 3.701689111 131.466667 0.0 0.0
1.943400 3.739306491 131.200000 0.0 0.0
1.953100 3.772381677 130.900000 0.0 0.0
1.962900 3.817652110 130.600000 0.0 0.0
1.972700 3.854387928 130.366667 0.0 0.0
1.982400 3.893880131 130.100000 0.0 0.0
1.992200 3.926442165 129.800000 0.0 0.0
2.002000 3.965166968 129.600000 0.0 0.0
2.011700 4.000611986 129.300000 0.0 0.0
2.021500 4.036585520 129.100000 0.0 0.0
2.031300 4.074254342 128.800000 0.0 0.0
2.041000 4.114837377 128.600000 0.0 0.0
2.050800 4.152853564 128.300000 0.0 0.0
2.060500 4.192231315 128.000000 0.0 0.0
2.070300 4.230579860 127.700000 0.0 0.0
2.080100 4.270726515 127.433333 0.0 0.0
2.089800 4.310650208 127.200000 0.0 0.0
2.099600 4.354515040 127.000000 0.0 0.0
2.109400 4.395259791 126.700000 0.0 0.0
2.119100 4.435775620 126.400000 0.0 0.0
2.128900 4.470030886 126.100000 0.0 0.0
2.138700 4.509548605 125.866667 0.0 0.0
2.148400 4.545311176 125.600000 0.0 0.0
2.158200 4.588633553 125.300000 0.0 0.0
2.168000 4.630400494 125.066667 0.0 0.0
2.177700 4.673720844 124.800000 0.0 0.0
2.187500 4.714071045 124.600000 0.0 0.0
2.197300 4.754578747 124.300000 0.0 0.0
2.207000 4.794809233 124.000000 0.0 0.0
2.216800 4.833774195 123.700000 0.0 0.0
2.226600 4.876606832 123.400000 0.0 0.0
2.236300 4.919188457 123.200000 0.0 0.0
2.246100 4.962397039 122.933333 0.0 0.0
2.255900 5.001953943 122.700000 0.0 0.0
2.265600 5.039256585 122.400000 0.0 0.0
2.275400 5.082946136 122.100000 0.0 0.0
2.285200 5.126824261 121.866667 0.0 0.0
2.294900 5.172424958 121.566667 0.0 0.0
2.304700 5.218697658 121.300000 0.0 0.0
2.314500 5.263173704 121.066667 0.0 0.0
2.324200 5.303309750 120.800000 0.0 0.0
2.334000 5.341973182 120.500000 0.0 0.0
2.343800 5.386927118 120.300000 0.0 0.0
2.353500 5.431607825 120.000000 0.0 0.0
2.363300 5.474835104 119.733333 0.0 0.0
2.373000 5.511402680 119.433333 0.0 0.0
2.382800 5.557018588 119.133333 0.0 0.0
2.392600 5.598523817 118.900000 0.0 0.0
2.402300 5.644010537 118.600000 0.0 0.0
2.412100 5.690153086 118.366667 0.0 0.0
2.421900 5.740888091 118.100000 0.0 0.0
2.431600 5.784745667 117.833333 0.0 0.0
2.441400 5.829230302 117.600000 0.0 0.0
2.451200 5.867109080 117.266667 0.0 0.0
2.460900 5.909098996 117.033333 0.0 0.0
2.470700 5.951686273 116.766667 0.0 0.0
2.480500 5.998994486 116.466667 0.0 0.0
2.490200 6.046004381 116.166667 0.0 0.0
2.500000 6.091347146 115.866667 0.0 0.0
2.509800 6.139196910 115.633333 0.0 0.0
2.519500 6.181996081 115.266667 0.0 0.0
2.529300 6.223012711 115.033333 0.0 0.0
2.539100 6.266517800 114.766667 0.0 0.0
2.548800 6.316912340 114.566667 0.0 0.0
2.558600 6.365582109 114.266667 0.0 0.0
2.568400 6.414438651 114.033333 0.0 0.0
2.578100 6.455544082 113.733333 0.0 0.0
2.587900 6.507212378 113.400000 0.0 0.0
2.597700 6.551558985 113.100000 0.0 0.0
2.607400 6.605646403 112.866667 0.0 0.0
2.617200 6.647736906 112.633333 0.0 0.0
2.627000 6.692475843 112.333333 0.0 0.0
2.636700 6.731648618 112.066667 0.0 0.0
2.646500 6.779179447 111.700000 0.0 0.0
2.656300 6.826858655 111.500000 0.0 0.0
2.666000 6.874170348 111.200000 0.0 0.0
2.675800 6.919488079 110.966667 0.0 0.0
2.685500 6.964399036 110.633333 0.0 0.0
2.695300 7.012629419 110.400000 0.0 0.0
2.705100 7.061007110 110.133333 0.0 0.0
2.714800 7.109008187 109.833333 0.0 0.0
2.724600 7.160425622 109.533333 0.0 0.0
2.734400 7.209261144 109.300000 0.0 0.0
2.744100 7.254929574 109.000000 0.0 0.0
2.753900 7.306841142 108.700000 0.0 0.0
2.763700 7.353291744 108.400000 0.0 0.0
2.773400 7.399317944 108.133333 0.0 0.0
2.783200 7.445985134 107.833333 0.0 0.0
2.793000 7.492760853 107.600000 0.0 0.0
2.802700 7.539106767 107.333333 0.0 0.0
2.812500 7.574460915 107.033333 0.0 0.0
2.822300 7.624411918 106.733333 0.0 0.0
2.832000 7.685754323 106.466667 0.0 0.0
2.841800 7.742009261 106.233333 0.0 0.0
2.851600 7.786528522 105.966667 0.0 0.0
2.861300 7.821561355 105.700000 0.0 0.0
2.871100 7.875231062 105.400000 0.0 0.0
2.880900 7.929084275 105.166667 0.0 0.0
2.890600 7.988697872 104.866667 0.0 0.0
2.900400 8.030620928 104.566667 0.0 0.0
2.910200 8.081878915 104.266667 0.0 0.0
2.919900 8.120247931 103.966667 0.0 0.0
2.929700 8.177984859 103.733333 0.0 0.0
2.939500 8.223315048 103.500000 0.0 0.0
2.949200 8.264979559 103.166667 0.0 0.0
2.959000 8.310425559 102.800000 0.0 0.0
2.968800 8.365563806 102.533333 0.0 0.0
2.978500 8.423550985 102.233333 0.0 0.0
2.988300 8.459571972 102.000000 0.0 0.0
2.998000 8.514580524 101.700000 0.0 0.0
3.007800 8.553908033 101.433333 0.0 0.0
3.017600 8.606435971 101.166667 0.0 0.0
3.027300 8.655209579 100.866667 0.0 0.0
3.037100 8.711337710 100.600000 0.0 0.0
3.046900 8.764283183 100.300000 0.0 0.0
3.056600 8.816791098 100.000000 0.0 0.0
3.066400 8.873418113 99.700000 0.0 0.0
3.076200 8.923374821 99.433333 0.0 0.0
3.085900 8.959085823 99.166667 0.0 0.0
3.095700 9.005705367 98.866667 0.0 0.0
3.105500 9.059336690 98.600000 0.0 0.0
3.115200 9.119517653 98.300000 0.0 0.0
3.125000 9.166426139 98.000000 0.0 0.0
3.134800 9.245271646 97.700000 0.0 0.0
3.144500 9.302575386 97.400000 0.0 0.0
3.154300 9.349879029 97.133333 0.0 0.0
3.164100 9.372031396 96.833333 0.0 0.0
3.173800 9.418732114 96.533333 0.0 0.0
3.183600 9.466083377 96.300000 0.0 0.0
3.193400 9.517144031 96.000000 0.0 0.0
3.203100 9.571374918 95.766667 0.0 0.0
3.212900 9.611571857 95.433333 0.0 0.0
3.222700 9.659168854 95.166667 0.0 0.0
3.232400 9.709947077 94.866667 0.0 0.0
3.242200 9.772663301 94.566667 0.0 0.0
3.252000 9.820518253 94.300000 0.0 0.0
3.261700 9.867823220 94.000000 0.0 0.0
3.271500 9.919592904 93.733333 0.0 0.0
3.281300 9.979111543 93.433333 0.0 0.0
3.291000 10.026647906 93.233333 0.0 0.0
3.300800 10.086451887 92.833333 0.0 0.0
3.310500 10.126371385 92.533333 0.0 0.0
3.320300 10.178598510 92.233333 0.0 0.0
3.330100 10.219144740 91.966667 0.0 0.0
3.339800 10.274820750 91.700000 0.0 0.0
3.349600 10.319355223 91.366667 0.0 0.0
3.359400 10.371862940 91.033333 0.0 0.0
3.369100 10.419842074 90.733333 0.0 0.0
3.378900 10.472507442 90.533333 0.0 0.0
3.388700 10.521223476 90.333333 0.0 0.0
3.398400 10.565311925 90.033333 0.0 0.0
3.408200 10.618181491 89.733333 0.0 0.0
3.418000 10.671139159 89.400000 0.0 0.0
3.427700 10.723558919 89.133333 0.0 0.0
3.437500 10.776690582 88.866667 0.0 0.0
3.447300 10.821600375 88.566667 0.0 0.0
3.457000 10.870063783 88.366667 0.0 0.0
3.466800 10.915012627 87.966667 0.0 0.0
3.476600 10.972597578 87.733333 0.0 0.0
3.486300 11.033911895 87.366667 0.0 0.0
3.496100 11.083264374 87.066667 0.0 0.0
3.505900 11.136935783 86.800000 0.0 0.0
3.515600 11.181470224 86.500000 0.0 0.0
3.525400 11.235268795 86.166667 0.0 0.0
3.535200 11.284820197 85.866667 0.0 0.0
3.544900 11.333776484 85.566667 0.0 0.0
3.554700 11.370317059 85.333333 0.0 0.0
3.564500 11.419942172 85.100000 0.0 0.0
3.574200 11.468968703 84.800000 0.0 0.0
3.584000 11.518678815 84.466667 0.0 0.0
3.593800 11.581757713 84.200000 0.0 0.0
3.603500 11.626501522 83.900000 0.0 0.0
3.613300 11.680857042 83.633333 0.0 0.0
3.623000 11.730143761 83.333333 0.0 0.0
3.632800 11.780118100 83.033333 0.0 0.0
3.642600 11.830133163 82.766667 0.0 0.0
3.652300 11.874979992 82.533333 0.0 0.0
3.662100 11.915905909 82.166667 0.0 0.0
3.671900 11.970575322 81.900000 0.0 0.0
3.681600 12.015445263 81.633333 0.0 0.0
3.691400 12.070230094 81.266667 0.0 0.0
3.701200 12.115791017 81.000000 0.0 0.0
3.710900 12.170035244 80.733333 0.0 0.0
3.720700 12.210945940 80.433333 0.0 0.0
3.730500 12.261231398 80.133333 0.0 0.0
3.740200 12.306172122 79.866667 0.0 0.0
3.750000 12.375493758 79.566667 0.0 0.0
3.759800 12.425946719 79.266667 0.0 0.0
3.769500 12.475773897 78.966667 0.0 0.0
3.779300 12.516687274 78.666667 0.0 0.0
3.789100 12.557565946 78.400000 0.0 0.0
3.798800 12.607419157 78.066667 0.0 0.0
3.808600 12.653113182 77.800000 0.0 0.0
3.818400 12.703678942 77.600000 0.0 0.0
3.828100 12.753612428 77.266667 0.0 0.0
3.837900 12.843615903 77.000000 0.0 0.0
3.847700 12.899387027 76.666667 0.0 0.0
3.857400 12.944621383 76.400000 0.0 0.0
3.867200 12.950700685 76.033333 0.0 0.0
3.877000 12.991469219 75.700000 0.0 0.0
3.886700 13.046540717 75.400000 0.0 0.0
3.896500 13.092302398 75.100000 0.0 0.0
3.906300 13.133017428 74.833333 0.0 0.0
3.916000 13.173020457 74.633333 0.0 0.0
3.925800 13.228877900 74.333333 0.0 0.0
3.935500 13.263755271 74.066667 0.0 0.0
3.945300 13.314557319 73.666667 0.0 0.0
3.955100 13.360260839 73.433333 0.0 0.0
3.964800 13.405280404 73.266667 0.0 0.0
3.974600 13.445806482 73.000000 0.0 0.0
3.984400 13.491467645 72.700000 0.0 0.0
3.994100 13.541638049 72.333333 0.0 0.0
4.003900 13.592513645 72.066667 0.0 0.0
4.013700 13.627718382 71.733333 0.0 0.0
4.023400 13.683160563 71.400000 0.0 0.0
4.033200 13.723540986 71.133333 0.0 0.0
4.043000 13.774446270 70.866667 0.0 0.0
4.052700 13.824695661 70.600000 0.0 0.0
4.062500 13.859686749 70.266667 0.0 0.0
4.072300 13.905273285 70.000000 0.0 0.0
4.082000 13.950164669 69.666667 0.0 0.0
4.091800 14.001099093 69.400000 0.0 0.0
4.101600 14.046666634 69.100000 0.0 0.0
4.111300 14.091536065 68.800000 0.0 0.0
4.121100 14.131653251 68.500000 0.0 0.0
4.130900 14.171724366 68.200000 0.0 0.0
4.140600 14.221974281 68.000000 0.0 0.0
4.150400 14.267457104 67.700000 0.0 0.0
4.160200 14.307434049 67.400000 0.0 0.0
4.169900 14.352182458 67.100000 0.0 0.0
4.179700 14.386557607 66.800000 0.0 0.0
4.189500 14.437468716 66.500000 0.0 0.0
4.199200 14.471041407 66.200000 0.0 0.0
4.209000 14.516364061 65.933333 0.0 0.0
4.218800 14.556083605 65.666667 0.0 0.0
4.228500 14.589463994 65.333333 0.0 0.0
4.238300 14.623457087 65.033333 0.0 0.0
4.248000 14.667936331 64.700000 0.0 0.0
4.257800 14.718735985 64.500000 0.0 0.0
4.267600 14.763888146 64.233333 0.0 0.0
4.277300 14.796968757 63.933333 0.0 0.0
4.287100 14.853446209 63.666667 0.0 0.0
4.296900 14.898543956 63.366667 0.0 0.0
4.306600 14.942929201 63.100000 0.0 0.0
4.316400 14.976489778 62.766667 0.0 0.0
4.326200 15.009970981 62.466667 0.0 0.0
4.335900 15.042678771 62.166667 0.0 0.0
4.345700 15.076000763 61.866667 0.0 0.0
4.355500 15.120844115 61.600000 0.0 0.0
4.365200 15.170793365 61.366667 0.0 0.0
4.375000 15.203938868 61.133333 0.0 0.0
4.384800 15.254556231 60.833333 0.0 0.0
4.394500 15.292750541 60.566667 0.0 0.0
4.404300 15.331587294 60.266667 0.0 0.0
4.414100 15.364473008 59.933333 0.0 0.0
4.423800 15.408403232 59.700000 0.0 0.0
4.433600 15.435226858 59.366667 0.0 0.0
4.443400 15.473818128 59.133333 0.0 0.0
4.453100 15.493810112 58.866667 0.0 0.0
4.462900 15.538209694 58.533333 0.0 0.0
4.472700 15.576607342 58.266667 0.0 0.0
4.482400 15.632240173 57.933333 0.0 0.0
4.492200 15.670571441 57.666667 0.0 0.0
4.502000 15.714876825 57.400000 0.0 0.0
4.511700 15.752413184 57.066667 0.0 0.0
4.521500 15.784532986 56.800000 0.0 0.0
4.531300 15.816569676 56.466667 0.0 0.0
4.541000 15.853908127 56.266667 0.0 0.0
4.550800 15.891888116 55.966667 0.0 0.0
4.560500 15.923000917 55.666667 0.0 0.0
4.570300 15.966978870 55.400000 0.0 0.0
4.580100 15.998646922 55.100000 0.0 0.0
4.589800 16.023382127 54.800000 0.0 0.0
4.599600 16.054870146 54.500000 0.0 0.0
4.609400 16.086273993 54.233333 0.0 0.0
4.619100 16.123081984 54.000000 0.0 0.0
4.628900 16.154329265 53.700000 0.0 0.0
4.638700 16.191704613 53.433333 0.0 0.0
4.648400 16.228323322 53.166667 0.0 0.0
4.658200 16.271824897 52.866667 0.0 0.0
4.668000 16.309038630 52.566667 0.0 0.0
4.677700 16.339222892 52.300000 0.0 0.0
4.687500 16.363739661 52.066667 0.0 0.0
4.697300 16.400733153 51.800000 0.0 0.0
4.707000 16.443277898 51.466667 0.0 0.0
4.716800 16.467522178 51.233333 0.0 0.0
4.726600 16.497989946 50.933333 0.0 0.0
4.736300 16.514993462 50.633333 0.0 0.0
4.746100 16.538918321 50.333333 0.0 0.0
4.755900 16.581816140 50.066667 0.0 0.0
4.765600 16.611231886 49.833333 0.0 0.0
4.775400 16.647646428 49.566667 0.0 0.0
4.785200 16.671199737 49.266667 0.0 0.0
4.794900 16.700357767 49.033333 0.0 0.0
4.804700 16.755827679 48.666667 0.0 0.0
4.814500 16.798443723 48.366667 0.0 0.0
4.824200 16.814499398 48.066667 0.0 0.0
4.834000 16.837591112 47.900000 0.0 0.0
4.843800 16.879998579 47.600000 0.0 0.0
4.853500 16.902206419 47.400000 0.0 0.0
4.863300 16.918510335 47.100000 0.0 0.0
4.873000 16.927500011 46.833333 0.0 0.0
4.882800 16.963073289 46.500000 0.0 0.0
4.892600 16.992062179 46.233333 0.0 0.0
4.902300 17.020269643 45.966667 0.0 0.0
4.912100 17.055628682 45.733333 0.0 0.0
4.921900 17.084367496 45.433333 0.0 0.0
4.931600 17.118893410 45.233333 0.0 0.0
4.941400 17.140889496 44.966667 0.0 0.0
4.951200 17.156193638 44.666667 0.0 0.0
4.960900 17.183868697 44.333333 0.0 0.0
4.970700 17.218756005 44.033333 0.0 0.0
4.980500 17.266827707 43.766667 0.0 0.0
4.990200 17.294283358 43.533333 0.0 0.0
5.000000 17.315698236 43.300000 0.0 0.0
5.009800 17.330354381 43.033333 0.0 0.0
5.019500 17.357516382 42.800000 0.0 0.0
5.029300 17.385282463 42.533333 0.0 0.0
5.039100 17.412960728 42.233333 0.0 0.0
5.048800 17.433168760 41.966667 0.0 0.0
5.058600 17.460660952 41.733333 0.0 0.0
5.068400 17.481355224 41.466667 0.0 0.0
5.078100 17.494538799 41.100000 0.0 0.0
5.087900 17.521736051 40.866667 0.0 0.0
5.097700 17.548845370 40.600000 0.0 0.0
5.107400 17.581924507 40.366667 0.0 0.0
5.117200 17.608868454 40.066667 0.0 0.0
5.127000 17.628957667 39.866667 0.0 0.0
5.136700 17.655027750 39.566667 0.0 0.0
5.146500 17.674913113 39.300000 0.0 0.0
5.156300 17.681116584 39.000000 0.0 0.0
5.166000 17.706883789 38.766667 0.0 0.0
5.175800 17.712844330 38.433333 0.0 0.0
5.185500 17.752026759 38.233333 0.0 0.0
5.195300 17.764565712 38.033333 0.0 0.0
5.205100 17.790636591 37.800000 0.0 0.0
5.214800 17.822774558 37.500000 0.0 0.0
5.224600 17.855530538 37.200000 0.0 0.0
5.234400 17.874496394 36.933333 0.0 0.0
5.244100 17.899542438 36.733333 0.0 0.0
5.253900 17.925183275 36.466667 0.0 0.0
5.263700 17.943848403 36.200000 0.0 0.0
5.273400 17.954835466 35.933333 0.0 0.0
5.283200 17.959494277 35.666667 0.0 0.0
5.293000 17.984724440 35.400000 0.0 0.0
5.302700 18.002277361 35.166667 0.0 0.0
5.312500 18.034241708 34.866667 0.0 0.0
5.322300 18.052278900 34.666667 0.0 0.0
5.332000 18.076469587 34.366667 0.0 0.0
5.341800 18.087362703 34.166667 0.0 0.0
5.351600 18.105087308 33.900000 0.0 0.0
5.361300 18.128987621 33.633333 0.0 0.0
5.371100 18.146511284 33.400000 0.0 0.0
5.380900 18.170902950 33.100000 0.0 0.0
5.390600 18.187550572 32.866667 0.0 0.0
5.400400 18.197784755 32.600000 0.0 0.0
5.410200 18.221885224 32.366667 0.0 0.0
5.419900 18.238224081 32.066667 0.0 0.0
5.429700 18.248128738 31.833333 0.0 0.0
5.439500 18.264927900 31.566667 0.0 0.0
5.449200 18.287969801 31.366667 0.0 0.0
5.459000 18.290525726 31.166667 0.0 0.0
5.468800 18.314036782 30.900000 0.0 0.0
5.478500 18.315692010 30.633333 0.0 0.0
5.488300 18.339001468 30.400000 0.0 0.0
5.498000 18.347467948 30.100000 0.0 0.0
5.507800 18.363536537 29.800000 0.0 0.0
5.517600 18.386557572 29.566667 0.0 0.0
5.527300 18.401761912 29.333333 0.0 0.0
5.537100 18.417530619 29.033333 0.0 0.0
5.546900 18.447350788 28.700000 0.0 0.0
5.556600 18.462263107 28.600000 0.0 0.0
5.566400 18.477738764 28.333333 0.0 0.0
5.576200 18.478924207 28.133333 0.0 0.0
5.585900 18.493522777 27.833333 0.0 0.0
5.595700 18.508682785 27.533333 0.0 0.0
5.605500 18.523741588 27.366667 0.0 0.0
5.615200 18.530926158 27.100000 0.0 0.0
5.625000 18.545777862 26.933333 0.0 0.0
5.634800 18.567653026 26.600000 0.0 0.0
5.644500 18.581650537 26.400000 0.0 0.0
5.654300 18.589071344 26.100000 0.0 0.0
5.664100 18.596383389 25.866667 0.0 0.0
5.673800 18.595793403 25.666667 0.0 0.0
5.683600 18.595749097 25.466667 0.0 0.0
5.693400 18.617015516 25.166667 0.0 0.0
5.703100 18.630391163 24.966667 0.0 0.0
5.712900 18.651477654 24.733333 0.0 0.0
5.722700 18.658151959 24.500000 0.0 0.0
5.732400 18.678398697 24.233333 0.0 0.0
5.742200 18.692036899 24.033333 0.0 0.0
5.752000 18.705576092 23.733333 0.0 0.0
5.761700 18.704005294 23.500000 0.0 0.0
5.771500 18.710155632 23.233333 0.0 0.0
5.781300 18.716200066 23.000000 0.0 0.0
5.791000 18.721492282 22.800000 0.0 0.0
5.800800 18.756096171 22.566667 0.0 0.0
5.810500 18.775593659 22.300000 0.0 0.0
5.820300 18.781231855 22.100000 0.0 0.0
5.830100 18.779556916 21.833333 0.0 0.0
5.839800 18.784340306 21.600000 0.0 0.0
5.849600 18.782454240 21.400000 0.0 0.0
5.859400 18.780462940 21.200000 0.0 0.0
5.869100 18.799358008 20.900000 0.0 0.0
5.878900 18.797156005 20.700000 0.0 0.0
5.888700 18.823723120 20.400000 0.0 0.0
5.898400 18.820671238 20.166667 0.0 0.0
5.908200 18.839832760 19.966667 0.0 0.0
5.918000 18.844440821 19.766667 0.0 0.0
5.927700 18.855545383 19.600000 0.0 0.0
5.937500 18.867190968 19.300000 0.0 0.0
5.947300 18.864256475 19.100000 0.0 0.0
5.957000 18.860586783 18.833333 0.0 0.0
5.966800 18.871929064 18.633333 0.0 0.0
5.976600 18.868688476 18.400000 0.0 0.0
5.986300 18.886448045 18.133333 0.0 0.0
5.996100 18.883003242 18.000000 0.0 0.0
6.005900 18.879458204 17.766667 0.0 0.0
6.015600 18.875185770 17.533333 0.0 0.0
6.025400 18.885932489 17.233333 0.0 0.0
6.035200 18.889334911 17.033333 0.0 0.0
6.044900 18.892013253 16.833333 0.0 0.0
6.054700 18.902471514 16.600000 0.0 0.0
6.064500 18.920095932 16.366667 0.0 0.0
6.074200 18.937014349 16.100000 0.0 0.0
6.084000 18.932664724 15.866667 0.0 0.0
6.093800 18.935483240 15.633333 0.0 0.0
6.103500 18.923054107 15.433333 0.0 0.0
6.113300 18.932941101 15.233333 0.0 0.0
6.123000 18.934849266 15.033333 0.0 0.0
6.132800 18.944548987 14.733333 0.0 0.0
6.142600 18.954156878 14.533333 0.0 0.0
6.152300 18.948507544 14.333333 0.0 0.0
6.162100 18.950651733 14.166667 0.0 0.0
6.171900 18.952700292 13.900000 0.0 0.0
6.181600 18.954040247 13.666667 0.0 0.0
6.191400 18.948626075 13.433333 0.0 0.0
6.201200 18.957663492 13.233333 0.0 0.0
6.210900 18.958722669 13.033333 0.0 0.0
6.220700 18.967576677 12.833333 0.0 0.0
6.230500 18.969059584 12.533333 0.0 0.0
6.240200 18.969840747 12.333333 0.0 0.0
6.250000 18.963858291 12.133333 0.0 0.0
6.259800 18.979623026 11.933333 0.0 0.0
6.269500 18.980128429 11.733333 0.0 0.0
6.279300 18.981147535 11.533333 0.0 0.0
6.289100 18.989360262 11.333333 0.0 0.0
6.298800 18.989592167 11.066667 0.0 0.0
6.308600 18.990336045 10.833333 0.0 0.0
6.318400 19.005570013 10.633333 0.0 0.0
6.328100 19.012825707 10.466667 0.0 0.0
6.337900 19.006001760 10.233333 0.0 0.0
6.347700 18.977228487 9.966667 0.0 0.0
6.357400 18.969639393 9.733333 0.0 0.0
6.367200 18.969839222 9.533333 0.0 0.0
6.377000 18.977230559 9.366667 0.0 0.0
6.386700 18.976656658 9.133333 0.0 0.0
6.396500 18.969307432 8.933333 0.0 0.0
6.406300 18.961872033 8.733333 0.0 0.0
6.416000 18.968313137 8.533333 0.0 0.0
6.425800 18.967979653 8.333333 0.0 0.0
6.435500 18.974248726 8.100000 0.0 0.0
6.445300 18.973739775 7.900000 0.0 0.0
6.455100 18.980425720 7.700000 0.0 0.0
6.464800 18.979154194 7.500000 0.0 0.0
6.474600 18.971101713 7.266667 0.0 0.0
6.484400 18.970244464 7.033333 0.0 0.0
6.494100 18.961438294 6.833333 0.0 0.0
6.503900 18.960409393 6.633333 0.0 0.0
6.513700 18.944748243 6.433333 0.0 0.0
6.523400 19.001214118 6.133333 0.0 0.0
6.533200 18.992635790 5.933333 0.0 0.0
6.543000 18.991262670 5.766667 0.0 0.0
6.552700 18.952822873 5.633333 0.0 0.0
6.562500 18.944012262 5.433333 0.0 0.0
6.572300 18.942389311 5.200000 0.0 0.0
6.582000 18.932839616 5.033333 0.0 0.0
6.591800 18.945586057 4.833333 0.0 0.0
6.601600 18.950983170 4.566667 0.0 0.0
6.611300 18.933913806 4.300000 0.0 0.0
6.621100 18.924610991 4.100000 0.0 0.0
6.630900 18.922490250 4.033333 0.0 0.0
6.640600 18.926979372 3.833333 0.0 0.0
6.650400 18.924694102 3.600000 0.0 0.0
6.660200 18.922326929 3.400000 0.0 0.0
6.669900 18.919310816 3.200000 0.0 0.0
6.679700 18.916781561 3.000000 0.0 0.0
6.689500 18.914171220 2.800000 0.0 0.0
6.699200 18.918174211 2.666667 0.0 0.0
6.709000 18.922662803 2.433333 0.0 0.0
6.718800 18.919809551 2.200000 0.0 0.0
6.728500 18.909055948 2.000000 0.0 0.0
6.738300 18.898790837 1.800000 0.0 0.0
6.748000 18.902394138 1.633333 0.0 0.0
6.757800 18.884725174 1.433333 0.0 0.0
6.767600 18.888727307 1.233333 0.0 0.0
6.777300 18.884844823 1.033333 0.0 0.0
6.787100 18.888689583 0.833333 0.0 0.0
6.796900 18.885207490 0.666667 0.0 0.0
6.806600 18.866606528 0.466667 0.0 0.0
6.816400 18.862972672 0.266667 0.0 0.0
6.826200 18.852025431 0.100000 0.0 0.0
6.835900 18.847687332 -0.166667 0.0 0.0
6.845700 18.851057848 -0.300000 0.0 0.0
6.855500 18.847117452 -0.500000 0.0 0.0
6.865200 18.835322225 -0.700000 0.0 0.0
6.875000 18.802347359 -0.900000 0.0 0.0
6.884800 18.805403549 -1.100000 0.0 0.0
6.894500 18.793408415 -1.366667 0.0 0.0
6.904300 18.803526542 -1.566667 0.0 0.0
6.914100 18.799139896 -1.733333 0.0 0.0
6.923800 18.794135867 -1.766667 0.0 0.0
6.933600 18.782392006 -1.966667 0.0 0.0
6.943400 18.784992970 -2.133333 0.0 0.0
6.953100 18.786979046 -2.400000 0.0 0.0
6.962900 18.775016006 -2.600000 0.0 0.0
6.972700 18.770188190 -2.800000 0.0 0.0
6.982400 18.757550131 -3.000000 0.0 0.0
6.992200 18.752579593 -3.100000 0.0 0.0
7.002000 18.740343465 -3.300000 0.0 0.0
7.011700 18.727507766 -3.500000 0.0 0.0
7.021500 18.715142304 -3.700000 0.0 0.0
7.031300 18.724256833 -3.900000 0.0 0.0
7.041000 18.732770908 -4.066667 0.0 0.0
7.050800 18.727370029 -4.300000 0.0 0.0
7.060500 18.714184842 -4.500000 0.0 0.0
7.070300 18.715826771 -4.700000 0.0 0.0
7.080100 18.703036303 -4.866667 0.0 0.0
7.089800 18.696829525 -5.033333 0.0 0.0
7.099600 18.691081369 -5.200000 0.0 0.0
7.109400 18.692435886 -5.400000 0.0 0.0
7.119100 18.686021898 -5.533333 0.0 0.0
7.128900 18.672897451 -5.700000 0.0 0.0
7.138700 18.659711697 -5.900000 0.0 0.0
7.148400 18.638789015 -6.100000 0.0 0.0
7.158200 18.654100984 -6.233333 0.0 0.0
7.168000 18.655031784 -6.433333 0.0 0.0
7.177700 18.648215178 -6.666667 0.0 0.0
7.187500 18.634698997 -6.800000 0.0 0.0
7.197300 18.621123376 -7.000000 0.0 0.0
7.207000 18.621259148 -7.200000 0.0 0.0
7.216800 18.607556211 -7.400000 0.0 0.0
7.226600 18.586660521 -7.600000 0.0 0.0
7.236300 18.572332923 -7.733333 0.0 0.0
7.246100 18.558461907 -7.966667 0.0 0.0
7.255900 18.544533410 -8.133333 0.0 0.0
7.265600 18.551383460 -8.300000 0.0 0.0
7.275400 18.537325882 -8.433333 0.0 0.0
7.285200 18.530321648 -8.600000 0.0 0.0
7.294900 18.522745192 -8.800000 0.0 0.0
7.304700 18.508509043 -8.933333 0.0 0.0
7.314500 18.508417544 -9.033333 0.0 0.0
7.324200 18.493554433 -9.266667 0.0 0.0
7.334000 18.493331072 -9.466667 0.0 0.0
7.343800 18.485946069 -9.666667 0.0 0.0
7.353500 18.470905803 -9.833333 0.0 0.0
7.363300 18.463399080 -10.000000 0.0 0.0
7.373000 18.455329401 -10.133333 0.0 0.0
7.382800 18.461863704 -10.233333 0.0 0.0
7.392600 18.454165704 -10.400000 0.0 0.0
7.402300 18.438830173 -10.533333 0.0 0.0
7.412100 18.416872150 -10.833333 0.0 0.0
7.421900 18.408999971 -10.833333 0.0 0.0
7.431600 18.414700174 -11.033333 0.0 0.0
7.441400 18.392579131 -11.200000 0.0 0.0
7.451200 18.377472202 -11.600000 0.0 0.0
7.460900 18.361821936 -11.800000 0.0 0.0
7.470700 18.360701088 -11.966667 0.0 0.0
7.480500 18.345431079 -12.100000 0.0 0.0
7.490200 18.350736325 -12.233333 0.0 0.0
7.500000 18.342387333 -12.400000 0.0 0.0
7.509800 18.341016807 -12.533333 0.0 0.0
7.519500 18.317994629 -12.700000 0.0 0.0
7.529300 18.309474087 -12.833333 0.0 0.0
7.539100 18.293873619 -13.000000 0.0 0.0
7.548800 18.277740415 -13.233333 0.0 0.0
7.558600 18.262044342 -13.400000 0.0 0.0
7.568400 18.253304025 -13.600000 0.0 0.0
7.578100 18.251027961 -13.733333 0.0 0.0
7.587900 18.242171352 -13.833333 0.0 0.0
7.597700 18.233258213 -13.966667 0.0 0.0
7.607400 18.216817372 -14.133333 0.0 0.0
7.617200 18.214785060 -14.333333 0.0 0.0
7.627000 18.198719287 -14.500000 0.0 0.0
7.636700 18.189110454 -14.633333 0.0 0.0
7.646500 18.172948077 -14.800000 0.0 0.0
7.656300 18.170681575 -14.933333 0.0 0.0
7.666000 18.153942819 -15.133333 0.0 0.0
7.675800 18.151560487 -15.300000 0.0 0.0
7.685500 18.134722756 -15.500000 0.0 0.0
7.695300 18.118313813 -15.633333 0.0 0.0
7.705100 18.108809180 -15.800000 0.0 0.0
7.714800 18.091837445 -15.933333 0.0 0.0
7.724600 18.075292457 -16.133333 0.0 0.0
7.734400 18.065636082 -16.300000 0.0 0.0
7.744100 18.055460583 -16.433333 0.0 0.0
7.753900 18.052626273 -16.633333 0.0 0.0
7.763700 18.035886375 -16.800000 0.0 0.0
7.773400 18.018640977 -16.900000 0.0 0.0
7.783200 18.008728365 -17.100000 0.0 0.0
7.793000 18.012584001 -17.233333 0.0 0.0
7.802700 18.002099265 -17.433333 0.0 0.0
7.812500 17.992025614 -17.566667 0.0 0.0
7.822300 17.968104687 -17.733333 0.0 0.0
7.832000 17.957478601 -17.933333 0.0 0.0
7.841800 17.947261473 -18.033333 0.0 0.0
7.851600 17.930111875 -18.166667 0.0 0.0
7.861300 17.919342619 -18.333333 0.0 0.0
7.871100 17.902108847 -18.533333 0.0 0.0
7.880900 17.898568588 -18.733333 0.0 0.0
7.890600 17.887654160 -18.866667 0.0 0.0
7.900400 17.870285625 -19.000000 0.0 0.0
7.910200 17.873444737 -19.133333 0.0 0.0
7.919900 17.855529328 -19.300000 0.0 0.0
7.929700 17.851724713 -19.466667 0.0 0.0
7.939500 17.834172900 -19.666667 0.0 0.0
7.949200 17.809299919 -19.766667 0.0 0.0
7.959000 17.825853900 -19.966667 0.0 0.0
7.968800 17.815001128 -20.166667 0.0 0.0
7.978500 17.817324871 -20.333333 0.0 0.0
7.988300 17.785881705 -20.433333 0.0 0.0
7.998000 17.774448437 -20.533333 0.0 0.0
8.007800 17.756598260 -20.666667 0.0 0.0
8.017600 17.738712875 -20.800000 0.0 0.0
8.027300 17.713551917 -20.966667 0.0 0.0
8.037100 17.709191896 -21.100000 0.0 0.0
8.046900 17.691196594 -21.300000 0.0 0.0
8.056600 17.706671792 -21.500000 0.0 0.0
8.066400 17.695364314 -21.666667 0.0 0.0
8.076200 17.677226664 -21.766667 0.0 0.0
8.085900 17.638300286 -21.866667 0.0 0.0
8.095700 17.620118001 -22.000000 0.0 0.0
8.105500 17.608659150 -22.166667 0.0 0.0
8.115200 17.603476914 -22.333333 0.0 0.0
8.125000 17.591926667 -22.500000 0.0 0.0
8.134800 17.566844619 -22.666667 0.0 0.0
8.144500 17.581753571 -22.766667 0.0 0.0
8.154300 17.570065097 -22.933333 0.0 0.0
8.164100 17.558333672 -23.066667 0.0 0.0
8.173800 17.539397902 -23.200000 0.0 0.0
8.183600 17.547777565 -23.333333 0.0 0.0
8.193400 17.529181928 -23.533333 0.0 0.0
8.203100 17.510128977 -23.733333 0.0 0.0
8.212900 17.484762457 -23.866667 0.0 0.0
8.222700 17.466084537 -24.066667 0.0 0.0
8.232400 17.446953141 -24.066667 0.0 0.0
8.242200 17.441598994 -24.266667 0.0 0.0
8.252000 17.436197191 -24.366667 0.0 0.0
8.261700 17.443709340 -24.500000 0.0 0.0
8.271500 17.424829937 -24.666667 0.0 0.0
8.281300 17.405922101 -24.833333 0.0 0.0
8.291000 17.366561166 -25.033333 0.0 0.0
8.300800 17.367603678 -25.133333 0.0 0.0
8.310500 17.348195501 -25.300000 0.0 0.0
8.320300 17.349140788 -25.466667 0.0 0.0
8.330100 17.330074512 -25.566667 0.0 0.0
8.339800 17.317210586 -25.666667 0.0 0.0
8.349600 17.291447122 -25.833333 0.0 0.0
8.359400 17.278931399 -25.966667 0.0 0.0
8.369100 17.272591989 -26.133333 0.0 0.0
8.378900 17.259995621 -26.266667 0.0 0.0
8.388700 17.273857259 -26.433333 0.0 0.0
8.398400 17.254131787 -26.533333 0.0 0.0
8.408200 17.234792808 -26.666667 0.0 0.0
8.418000 17.215428732 -26.833333 0.0 0.0
8.427700 17.202232059 -26.933333 0.0 0.0
8.437500 17.176219114 -27.100000 0.0 0.0
8.447300 17.169955500 -27.233333 0.0 0.0
8.457000 17.163242072 -27.400000 0.0 0.0
8.466800 17.156891400 -27.533333 0.0 0.0
8.476600 17.137338681 -27.666667 0.0 0.0
8.486300 17.123929361 -27.833333 0.0 0.0
8.496100 17.110888616 -27.966667 0.0 0.0
8.505900 17.104375092 -28.100000 0.0 0.0
8.515600 17.090856980 -28.266667 0.0 0.0
8.525400 17.071153310 -28.366667 0.0 0.0
8.535200 17.057972277 -28.500000 0.0 0.0
8.544900 17.037817781 -28.600000 0.0 0.0
8.554700 17.018041102 -28.800000 0.0 0.0
8.564500 17.050509489 -28.900000 0.0 0.0
8.574200 17.043307737 -29.033333 0.0 0.0
8.584000 17.036462354 -29.100000 0.0 0.0
8.593800 16.977372774 -29.300000 0.0 0.0
8.603500 16.963559747 -29.433333 0.0 0.0
8.613300 16.943604849 -29.600000 0.0 0.0
8.623000 16.942731908 -29.733333 0.0 0.0
8.632800 16.929210005 -29.833333 0.0 0.0
8.642600 16.909164918 -30.000000 0.0 0.0
8.652300 16.888709746 -30.100000 0.0 0.0
8.662100 16.875101213 -30.233333 0.0 0.0
8.671900 16.874407097 -30.400000 0.0 0.0
8.681600 16.866807077 -30.566667 0.0 0.0
8.691400 16.853087492 -30.733333 0.0 0.0
8.701200 16.839336248 -30.833333 0.0 0.0
8.710900 16.825167233 -30.966667 0.0 0.0
8.720700 16.824262143 -31.100000 0.0 0.0
8.730500 16.810407193 -31.166667 0.0 0.0
8.740200 16.796136982 -31.333333 0.0 0.0
8.750000 16.782221135 -31.466667 0.0 0.0
8.759800 16.768274750 -31.600000 0.0 0.0
8.769500 16.741061745 -31.766667 0.0 0.0
8.779300 16.727066341 -31.866667 0.0 0.0
8.789100 16.719456084 -32.033333 0.0 0.0
8.798800 16.698606302 -32.200000 0.0 0.0
8.808600 16.684522352 -32.366667 0.0 0.0
8.818400 16.670409012 -32.400000 0.0 0.0
8.828100 16.662282290 -32.500000 0.0 0.0
8.837900 16.667283907 -32.666667 0.0 0.0
8.847700 16.659454515 -32.800000 0.0 0.0
8.857400 16.638436581 -32.966667 0.0 0.0
8.867200 16.605030394 -33.066667 0.0 0.0
8.877000 16.590740600 -33.166667 0.0 0.0
8.886700 16.601514360 -33.300000 0.0 0.0
8.896500 16.574421007 -33.400000 0.0 0.0
8.906300 16.560037135 -33.500000 0.0 0.0
8.916000 16.532560460 -33.700000 0.0 0.0
8.925800 16.530816415 -33.800000 0.0 0.0
8.935500 16.515981395 -33.966667 0.0 0.0
8.945300 16.501489737 -34.100000 0.0 0.0
8.955100 16.486971219 -34.233333 0.0 0.0
8.964800 16.472058535 -34.400000 0.0 0.0
8.974600 16.457487560 -34.500000 0.0 0.0
8.984400 16.449201665 -34.600000 0.0 0.0
8.994100 16.446825723 -34.733333 0.0 0.0
9.003900 16.425855296 -34.900000 0.0 0.0
9.013700 16.411169549 -35.000000 0.0 0.0
9.023400 16.389803726 -35.133333 0.0 0.0
9.033200 16.381358635 -35.233333 0.0 0.0
9.043000 16.366597235 -35.366667 0.0 0.0
9.052700 16.351449477 -35.500000 0.0 0.0
9.062500 16.349182403 -35.600000 0.0 0.0
9.072300 16.321803278 -35.733333 0.0 0.0
9.082000 16.287821272 -35.933333 0.0 0.0
9.091800 16.279200817 -36.033333 0.0 0.0
9.101600 16.276792367 -36.133333 0.0 0.0
9.111300 16.273989309 -36.233333 0.0 0.0
9.121100 16.259022586 -36.333333 0.0 0.0
9.130900 16.237799441 -36.500000 0.0 0.0
9.140600 16.228663000 -36.633333 0.0 0.0
9.150400 16.207405264 -36.733333 0.0 0.0
9.160200 16.204783954 -36.833333 0.0 0.0
9.169900 16.195556141 -36.933333 0.0 0.0
9.179700 16.180439354 -37.133333 0.0 0.0
9.189500 16.165299830 -37.233333 0.0 0.0
9.199200 16.155985520 -37.333333 0.0 0.0
9.209000 16.134602830 -37.433333 0.0 0.0
9.218800 16.113211945 -37.600000 0.0 0.0
9.228500 16.097640827 -37.733333 0.0 0.0
9.238300 16.088570419 -37.833333 0.0 0.0
9.248000 16.085292975 -37.933333 0.0 0.0
9.257800 16.082328245 -38.133333 0.0 0.0
9.267600 16.060826667 -38.233333 0.0 0.0
9.277300 16.051287288 -38.333333 0.0 0.0
9.287100 16.023605488 -38.433333 0.0 0.0
9.296900 16.008217851 -38.533333 0.0 0.0
9.306600 15.986329610 -38.733333 0.0 0.0
9.316400 15.977037459 -38.833333 0.0 0.0
9.326200 15.961588711 -38.966667 0.0 0.0
9.335900 15.945778082 -39.066667 0.0 0.0
9.345700 15.942521273 -39.166667 0.0 0.0
9.355500 15.939230077 -39.266667 0.0 0.0
9.365200 15.923337966 -39.433333 0.0 0.0
9.375000 15.907766934 -39.533333 0.0 0.0
9.384800 15.898276415 -39.633333 0.0 0.0
9.394500 15.882322419 -39.733333 0.0 0.0
9.404300 15.860600138 -39.866667 0.0 0.0
9.414100 15.832795941 -39.966667 0.0 0.0
9.423800 15.828950506 -40.100000 0.0 0.0
9.433600 15.819335922 -40.200000 0.0 0.0
9.443400 15.809693055 -40.366667 0.0 0.0
9.453100 15.787565701 -40.533333 0.0 0.0
9.462900 15.777874647 -40.666667 0.0 0.0
9.472700 15.780262872 -40.766667 0.0 0.0
9.482400 15.758076680 -40.833333 0.0 0.0
9.492200 15.736220306 -40.933333 0.0 0.0
9.502000 15.708331296 -41.033333 0.0 0.0
9.511700 15.692168213 -41.166667 0.0 0.0
9.521500 15.670303582 -41.266667 0.0 0.0
9.531300 15.660451489 -41.366667 0.0 0.0
9.541000 15.638237038 -41.466667 0.0 0.0
9.550800 15.646342575 -41.600000 0.0 0.0
9.560500 15.624083273 -41.700000 0.0 0.0
9.570300 15.620122553 -41.833333 0.0 0.0
9.580100 15.610138325 -41.966667 0.0 0.0
9.589800 15.599802487 -42.066667 0.0 0.0
9.599600 15.583784745 -42.166667 0.0 0.0
9.609400 15.561777803 -42.333333 0.0 0.0
9.619100 15.539446515 -42.466667 0.0 0.0
9.628900 15.523394203 -42.566667 0.0 0.0
9.638700 15.495428599 -42.666667 0.0 0.0
9.648400 15.479036821 -42.800000 0.0 0.0
9.658200 15.474824137 -42.900000 0.0 0.0
9.668000 15.476518938 -43.000000 0.0 0.0
9.677700 15.471923539 -43.100000 0.0 0.0
9.687500 15.461682978 -43.200000 0.0 0.0
9.697300 15.439562719 -43.366667 0.0 0.0
9.707000 15.428962586 -43.433333 0.0 0.0
9.716800 15.412740305 -43.533333 0.0 0.0
9.726600 15.390596265 -43.633333 0.0 0.0
9.736300 15.379937158 -43.800000 0.0 0.0
9.746100 15.375469743 -43.966667 0.0 0.0
9.755900 15.359179412 -44.066667 0.0 0.0
9.765600 15.324907546 -44.233333 0.0 0.0
9.775400 15.308609372 -44.333333 0.0 0.0
9.785200 15.292297793 -44.400000 0.0 0.0
9.794900 15.299128051 -44.466667 0.0 0.0
9.804700 15.282765631 -44.566667 0.0 0.0
9.814500 15.260532638 -44.666667 0.0 0.0
9.824200 15.255544875 -44.733333 0.0 0.0
9.834000 15.244987569 -44.833333 0.0 0.0
9.843800 15.234407311 -44.933333 0.0 0.0
9.853500 15.217654108 -45.033333 0.0 0.0
9.863300 15.207032898 -45.200000 0.0 0.0
9.873000 15.201914095 -45.333333 0.0 0.0
9.882800 15.191244247 -45.466667 0.0 0.0
9.892600 15.174727400 -45.533333 0.0 0.0
9.902300 15.140451481 -45.600000 0.0 0.0
9.912100 15.123930851 -45.700000 0.0 0.0
9.921900 15.095807804 -45.833333 0.0 0.0
9.931600 15.084761206 -45.933333 0.0 0.0
9.941400 15.085571352 -46.066667 0.0 0.0
9.951200 15.068993410 -46.233333 0.0 0.0
9.960900 15.063659614 -46.333333 0.0 0.0
9.970700 15.047047733 -46.433333 0.0 0.0
9.980500 15.041965836 -46.566667 0.0 0.0
9.990200 15.025019078 -46.666667 0.0 0.0
10.000000 15.019887046 -46.766667 0.0 0.0
10.009800 15.014727927 -46.966667 0.0 0.0
10.019500 15.003483300 -47.066667 0.0 0.0
10.029300 14.986765477 -47.133333 0.0 0.0
10.039100 14.958552174 -47.133333 0.0 0.0
10.048800 14.947265150 -47.266667 0.0 0.0
10.058600 14.953461693 -47.333333 0.0 0.0
10.068400 14.942419402 -47.466667 0.0 0.0
10.078100 14.931060665 -47.533333 0.0 0.0
10.087900 14.902811341 -47.700000 0.0 0.0
10.097700 14.880296819 -47.800000 0.0 0.0
10.107400 14.874609501 -47.900000 0.0 0.0
10.117200 14.852081966 -48.033333 0.0 0.0
10.127000 14.846643716 -48.100000 0.0 0.0
10.136700 14.840886844 -48.200000 0.0 0.0
10.146500 14.812641751 -48.300000 0.0 0.0
10.156300 14.801453829 -48.400000 0.0 0.0
10.166000 14.784281078 -48.500000 0.0 0.0
10.175800 14.778730349 -48.666667 0.0 0.0
10.185500 14.761529980 -48.766667 0.0 0.0
10.195300 14.744612127 -48.900000 0.0 0.0
10.205100 14.733339491 -48.933333 0.0 0.0
10.214800 14.721760075 -49.033333 0.0 0.0
10.224600 14.710450975 -49.166667 0.0 0.0
10.234400 14.693483640 -49.300000 0.0 0.0
10.244100 14.681855719 -49.400000 0.0 0.0
10.253900 14.676127929 -49.466667 0.0 0.0
10.263700 14.659119963 -49.600000 0.0 0.0
10.273400 14.647440050 -49.700000 0.0 0.0
10.283200 14.624798748 -49.800000 0.0 0.0
10.293000 14.618986966 -49.900000 0.0 0.0
10.302700 14.590452955 -50.000000 0.0 0.0
10.312500 14.579006283 -50.100000 0.0 0.0
10.322300 14.573133853 -50.200000 0.0 0.0
10.332000 14.555779288 -50.366667 0.0 0.0
10.341800 14.549864072 -50.433333 0.0 0.0
10.351600 14.532766548 -50.533333 0.0 0.0
10.361300 14.526528154 -50.600000 0.0 0.0
10.371100 14.514975607 -50.700000 0.0 0.0
10.380900 14.497841528 -50.766667 0.0 0.0
10.390600 14.474867139 -50.866667 0.0 0.0
10.400400 14.463278599 -51.000000 0.0 0.0
10.410200 14.440585861 -51.133333 0.0 0.0
10.419900 14.439775309 -51.200000 0.0 0.0
10.429700 14.428138407 -51.266667 0.0 0.0
10.439500 14.410953956 -51.366667 0.0 0.0
10.449200 14.399013874 -51.466667 0.0 0.0
10.459000 14.392856409 -51.566667 0.0 0.0
10.468800 14.381156284 -51.666667 0.0 0.0
10.478500 14.374681654 -51.800000 0.0 0.0
10.488300 14.357435334 -51.900000 0.0 0.0
10.498000 14.295953829 -51.900000 0.0 0.0
10.507800 14.267797257 -52.000000 0.0 0.0
10.517600 14.261546858 -52.100000 0.0 0.0
10.527300 14.298835351 -52.266667 0.0 0.0
10.537100 14.303496146 -52.400000 0.0 0.0
10.546900 14.286186759 -52.500000 0.0 0.0
10.556600 14.268603354 -52.666667 0.0 0.0
10.566400 14.245819187 -52.733333 0.0 0.0
10.576200 14.239431251 -52.866667 0.0 0.0
10.585900 14.232752836 -52.933333 0.0 0.0
10.595700 14.215407277 -53.033333 0.0 0.0
10.605500 14.198058566 -53.033333 0.0 0.0
10.615200 14.185882626 -53.166667 0.0 0.0
10.625000 14.168521845 -53.333333 0.0 0.0
10.634800 14.162023818 -53.433333 0.0 0.0
10.644500 14.144378386 -53.100000 0.0 0.0
10.654300 14.137843699 -53.200000 0.0 0.0
10.664100 14.109612430 -53.300000 0.0 0.0
10.673800 14.102781868 -53.733333 0.0 0.0
10.683600 14.096195214 -53.833333 0.0 0.0
10.693400 14.089587925 -53.933333 0.0 0.0
10.703100 14.061095769 -54.033333 0.0 0.0
10.712900 14.038286517 -54.133333 0.0 0.0
10.722700 14.026252224 -54.233333 0.0 0.0
10.732400 14.024703910 -54.333333 0.0 0.0
10.742200 14.018013302 -54.433333 0.0 0.0
10.752000 14.000552617 -54.533333 0.0 0.0
10.761700 13.993566922 -54.633333 0.0 0.0
10.771500 13.970728029 -54.733333 0.0 0.0
10.781300 13.958612841 -54.833333 0.0 0.0
10.791000 13.946226633 -54.933333 0.0 0.0
10.800800 13.934086916 -55.033333 0.0 0.0
10.810500 13.927020950 -55.066667 0.0 0.0
10.820300 13.909513406 -55.166667 0.0 0.0
10.830100 13.892005079 -55.266667 0.0 0.0
10.839800 13.890222589 -55.400000 0.0 0.0
10.849600 13.883345152 -55.466667 0.0 0.0
10.859400 13.871124215 -55.566667 0.0 0.0
10.869100 13.848003636 -55.700000 0.0 0.0
10.878900 13.835769007 -55.800000 0.0 0.0
10.888700 13.818218798 -55.900000 0.0 0.0
10.898400 13.800415235 -55.966667 0.0 0.0
10.908200 13.788155864 -56.033333 0.0 0.0
10.918000 13.775885146 -56.100000 0.0 0.0
10.927700 13.768634165 -56.200000 0.0 0.0
10.937500 13.751058576 -56.300000 0.0 0.0
10.947300 13.744028255 -56.400000 0.0 0.0
10.957000 13.736728772 -56.500000 0.0 0.0
10.966800 13.724394088 -56.666667 0.0 0.0
10.976600 13.712048581 -56.700000 0.0 0.0
10.986300 13.699442947 -56.800000 0.0 0.0
10.996100 13.676575316 -56.866667 0.0 0.0
11.005900 13.669452650 -56.966667 0.0 0.0
11.015600 13.656821973 -57.066667 0.0 0.0
11.025400 13.644429315 -57.166667 0.0 0.0
11.035200 13.637258850 -57.200000 0.0 0.0
11.044900 13.624594211 -57.266667 0.0 0.0
11.054700 13.606943743 -57.366667 0.0 0.0
11.064500 13.594510868 -57.533333 0.0 0.0
11.074200 13.587035972 -57.566667 0.0 0.0
11.084000 13.574578945 -57.666667 0.0 0.0
11.093800 13.562112134 -57.733333 0.0 0.0
11.103500 13.533801232 -57.900000 0.0 0.0
11.113300 13.526519916 -58.000000 0.0 0.0
11.123000 13.529358592 -58.066667 0.0 0.0
11.132800 13.527228126 -58.166667 0.0 0.0
11.142600 13.509514675 -58.266667 0.0 0.0
11.152300 13.486385010 -58.366667 0.0 0.0
11.162100 13.458349986 -58.466667 0.0 0.0
11.171900 13.450984720 -58.566667 0.0 0.0
11.181600 13.433048135 -58.666667 0.0 0.0
11.191400 13.430808914 -58.666667 0.0 0.0
11.201200 13.413098178 -58.766667 0.0 0.0
11.210900 13.369473070 -59.033333 0.0 0.0
11.220700 13.356927506 -59.133333 0.0 0.0
11.230500 13.349495431 -59.233333 0.0 0.0
11.240200 13.372565824 -59.133333 0.0 0.0
11.250000 13.359956525 -59.233333 0.0 0.0
11.259800 13.342217611 -59.333333 0.0 0.0
11.269500 13.324245596 -59.366667 0.0 0.0
11.279300 13.311621562 -59.466667 0.0 0.0
11.289100 13.293886713 -59.600000 0.0 0.0
11.298800 13.275920484 -59.700000 0.0 0.0
11.308600 13.268373417 -59.800000 0.0 0.0
11.318400 13.260810724 -59.900000 0.0 0.0
11.328100 13.247913434 -59.966667 0.0 0.0
11.337900 13.230164509 -60.066667 0.0 0.0
11.347700 13.227639741 -60.100000 0.0 0.0
11.357400 13.214716279 -60.200000 0.0 0.0
11.367200 13.196952975 -60.266667 0.0 0.0
11.377000 13.189313245 -60.366667 0.0 0.0
11.386700 13.181426853 -60.466667 0.0 0.0
11.396500 13.168702598 -60.566667 0.0 0.0
11.406300 13.155971170 -60.666667 0.0 0.0
11.416000 13.137959544 -60.766667 0.0 0.0
11.425800 13.120183291 -60.833333 0.0 0.0
11.435500 13.102182662 -60.866667 0.0 0.0
11.445300 13.094463059 -60.933333 0.0 0.0
11.455100 13.086728814 -60.966667 0.0 0.0
11.464800 13.073733643 -61.133333 0.0 0.0
11.474600 13.060960327 -61.133333 0.0 0.0
11.484400 13.038169449 -61.266667 0.0 0.0
11.494100 13.035167289 -61.366667 0.0 0.0
11.503900 13.022374950 -61.533333 0.0 0.0
11.513700 13.024562736 -61.600000 0.0 0.0
11.523400 13.006524841 -61.666667 0.0 0.0
11.533200 12.993704321 -61.766667 0.0 0.0
11.543000 12.960966596 -61.866667 0.0 0.0
11.552700 12.947929464 -61.966667 0.0 0.0
11.562500 12.950011622 -62.066667 0.0 0.0
11.572300 12.947105917 -62.133333 0.0 0.0
11.582000 12.929065070 -62.233333 0.0 0.0
11.591800 12.911254014 -62.333333 0.0 0.0
11.601600 12.918213035 -62.300000 0.0 0.0
11.611300 12.905109446 -62.433333 0.0 0.0
11.621100 12.887276405 -62.533333 0.0 0.0
11.630900 12.854641727 -62.666667 0.0 0.0
11.640600 12.846477643 -62.700000 0.0 0.0
11.650400 12.848379023 -62.733333 0.0 0.0
11.660200 12.845331975 -62.866667 0.0 0.0
11.669900 12.822349268 -62.966667 0.0 0.0
11.679700 12.804522146 -63.066667 0.0 0.0
11.689500 12.786701806 -63.133333 0.0 0.0
11.699200 12.773571131 -63.233333 0.0 0.0
11.709000 12.755758217 -63.300000 0.0 0.0
11.718800 12.747732789 -63.400000 0.0 0.0
11.728500 12.749259015 -63.500000 0.0 0.0
11.738300 12.736313567 -63.566667 0.0 0.0
11.748000 12.728030550 -63.666667 0.0 0.0
11.757800 12.705315983 -63.700000 0.0 0.0
11.767600 12.697234150 -63.800000 0.0 0.0
11.777300 12.688924376 -63.833333 0.0 0.0
11.787100 12.675952489 -63.900000 0.0 0.0
11.796900 12.653260892 -64.000000 0.0 0.0
11.806600 12.644928163 -64.133333 0.0 0.0
11.816400 12.631949126 -64.266667 0.0 0.0
11.826200 12.628655185 -64.400000 0.0 0.0
11.835900 12.610604570 -64.466667 0.0 0.0
11.845700 12.612120921 -64.500000 0.0 0.0
11.855500 12.608780462 -64.500000 0.0 0.0
11.865200 12.595540041 -64.566667 0.0 0.0
11.875000 12.577680830 -64.633333 0.0 0.0
11.884800 12.555010746 -64.733333 0.0 0.0
11.894500 12.536964073 -64.866667 0.0 0.0
11.904300 12.533558506 -65.000000 0.0 0.0
11.914100 12.520523335 -65.066667 0.0 0.0
11.923800 12.512075774 -65.133333 0.0 0.0
11.933600 12.503826919 -65.200000 0.0 0.0
11.943400 12.509960985 -65.266667 0.0 0.0
11.953100 12.501470652 -65.366667 0.0 0.0
11.962900 12.493178491 -65.433333 0.0 0.0
11.972700 12.456160657 -65.500000 0.0 0.0
11.982400 12.438107132 -65.600000 0.0 0.0
11.992200 12.425038002 -65.700000 0.0 0.0
12.002000 12.416730209 -65.766667 0.0 0.0
12.011700 12.412967560 -65.833333 0.0 0.0
12.021500 12.409396320 -65.900000 0.0 0.0
12.031300 12.396291460 -66.000000 0.0 0.0
12.041000 12.373477686 -66.066667 0.0 0.0
12.050800 12.365122529 -66.166667 0.0 0.0
12.060500 12.342333939 -66.266667 0.0 0.0
12.070300 12.338701620 -66.366667 0.0 0.0
12.080100 12.339788768 -66.466667 0.0 0.0
12.089800 12.331187447 -66.500000 0.0 0.0
12.099600 12.313325492 -66.600000 0.0 0.0
12.109400 12.295473277 -66.666667 0.0 0.0
12.119100 12.286855141 -66.733333 0.0 0.0
12.128900 12.273718662 -66.766667 0.0 0.0
12.138700 12.260580218 -66.833333 0.0 0.0
12.148400 12.242539096 -66.966667 0.0 0.0
12.158200 12.229402333 -67.100000 0.0 0.0
12.168000 12.220952856 -67.166667 0.0 0.0
12.177700 12.212292805 -67.200000 0.0 0.0
12.187500 12.199141180 -67.266667 0.0 0.0
12.197300 12.195344642 -67.333333 0.0 0.0
12.207000 12.181980196 -67.400000 0.0 0.0
12.216800 12.168814242 -67.533333 0.0 0.0
12.226600 12.150982867 -67.533333 0.0 0.0
12.236300 12.142279687 -67.666667 0.0 0.0
12.246100 12.133765656 -67.700000 0.0 0.0
12.255900 12.120589724 -67.800000 0.0 0.0
12.265600 12.102569775 -67.900000 0.0 0.0
12.275400 12.098679498 -67.966667 0.0 0.0
12.285200 12.066957843 -68.100000 0.0 0.0
12.294900 12.058223656 -68.200000 0.0 0.0
12.304700 12.040431724 -68.266667 0.0 0.0
12.314500 12.054991250 -68.266667 0.0 0.0
12.324200 12.046220499 -68.366667 0.0 0.0
12.334000 12.042256909 -68.466667 0.0 0.0
12.343800 12.024427817 -68.533333 0.0 0.0
12.353500 12.006415604 -68.600000 0.0 0.0
12.363300 11.988609529 -68.700000 0.0 0.0
12.373000 11.975216098 -68.766667 0.0 0.0
12.382800 11.966607604 -68.866667 0.0 0.0
12.392600 11.962580247 -68.933333 0.0 0.0
12.402300 11.949171599 -68.966667 0.0 0.0
12.412100 11.931375992 -69.033333 0.0 0.0
12.421900 11.931894116 -69.066667 0.0 0.0
12.431600 11.927627169 -69.166667 0.0 0.0
12.441400 11.918963955 -69.266667 0.0 0.0
12.451200 11.905722386 -69.333333 0.0 0.0
12.460900 11.887726960 -69.366667 0.0 0.0
12.470700 11.869934713 -69.466667 0.0 0.0
12.480500 11.861254814 -69.566667 0.0 0.0
12.490200 11.838739157 -69.600000 0.0 0.0
12.500000 11.843680759 -69.666667 0.0 0.0
12.509800 11.830435524 -69.733333 0.0 0.0
12.519500 11.826075183 -69.833333 0.0 0.0
12.529300 11.812820809 -69.933333 0.0 0.0
12.539100 11.799566852 -70.033333 0.0 0.0
12.548800 11.786125522 -70.133333 0.0 0.0
12.558600 11.772872921 -70.233333 0.0 0.0
12.568400 11.759620900 -70.266667 0.0 0.0
12.578100 11.750691369 -70.366667 0.0 0.0
12.587900 11.737435939 -70.400000 0.0 0.0
12.597700 11.724181250 -70.500000 0.0 0.0
12.607400 11.715236605 -70.566667 0.0 0.0
12.617200 11.706470487 -70.633333 0.0 0.0
12.627000 11.697696814 -70.633333 0.0 0.0
12.636700 11.688730638 -70.733333 0.0 0.0
12.646500 11.679942284 -70.833333 0.0 0.0
12.656300 11.666668411 -70.933333 0.0 0.0
12.666000 11.657684586 -71.000000 0.0 0.0
12.675800 11.644408246 -71.066667 0.0 0.0
12.685500 11.644348084 -71.200000 0.0 0.0
12.695300 11.631059286 -71.233333 0.0 0.0
12.705100 11.613314180 -71.333333 0.0 0.0
12.714800 11.595399955 -71.366667 0.0 0.0
12.724600 11.591018835 -71.366667 0.0 0.0
12.734400 11.573293705 -71.466667 0.0 0.0
12.744100 11.564273150 -71.533333 0.0 0.0
12.753900 11.550993734 -71.666667 0.0 0.0
12.763700 11.542144555 -71.700000 0.0 0.0
12.773400 11.533107976 -71.800000 0.0 0.0
12.783200 11.524245483 -71.866667 0.0 0.0
12.793000 11.506541278 -71.966667 0.0 0.0
12.802700 11.501905752 -72.033333 0.0 0.0
12.812500 11.488617141 -72.066667 0.0 0.0
12.822300 11.484141479 -72.133333 0.0 0.0
12.832000 11.470667786 -72.166667 0.0 0.0
12.841800 11.470573632 -72.266667 0.0 0.0
12.851600 11.452871810 -72.300000 0.0 0.0
12.861300 11.435006186 -72.466667 0.0 0.0
12.871100 11.426099343 -72.600000 0.0 0.0
12.880900 11.417186200 -72.600000 0.0 0.0
12.890600 11.408089804 -72.666667 0.0 0.0
12.900400 11.386048249 -72.766667 0.0 0.0
12.910200 11.372761733 -72.866667 0.0 0.0
12.919900 11.363661918 -72.933333 0.0 0.0
12.929700 11.354732220 -72.966667 0.0 0.0
12.939500 11.345796503 -73.000000 0.0 0.0
12.949200 11.341031164 -73.133333 0.0 0.0
12.959000 11.336430062 -73.200000 0.0 0.0
12.968800 11.318779135 -73.266667 0.0 0.0
12.978500 11.313986848 -73.300000 0.0 0.0
12.988300 11.300681179 -73.366667 0.0 0.0
12.998000 11.291537086 -73.433333 0.0 0.0
13.007800 11.278232286 -73.500000 0.0 0.0
13.017600 11.269254281 -73.600000 0.0 0.0
13.027300 11.260097790 -73.666667 0.0 0.0
13.037100 11.255427465 -73.700000 0.0 0.0
13.046900 11.242114408 -73.733333 0.0 0.0
13.056600 11.228632428 -73.866667 0.0 0.0
13.066400 11.223937287 -73.933333 0.0 0.0
13.076200 11.206322302 -74.000000 0.0 0.0
13.085900 11.188551391 -74.100000 0.0 0.0
13.095700 11.166680796 -74.133333 0.0 0.0
13.105500 11.179108970 -74.166667 0.0 0.0
13.115200 11.165628366 -74.266667 0.0 0.0
13.125000 11.160884766 -74.366667 0.0 0.0
13.134800 11.139018586 -74.466667 0.0 0.0
13.144500 11.129820022 -74.533333 0.0 0.0
13.154300 11.116519083 -74.600000 0.0 0.0
13.164100 11.103221714 -74.666667 0.0 0.0
13.173800 11.111059290 -74.833333 0.0 0.0
13.183600 11.102003728 -74.900000 0.0 0.0
13.193400 11.088687029 -74.966667 0.0 0.0
13.203100 11.062462850 -75.000000 0.0 0.0
13.212900 11.061897489 -75.033333 0.0 0.0
13.222700 11.052833368 -75.100000 0.0 0.0
13.232400 11.030890527 -75.133333 0.0 0.0
13.242200 11.021827737 -75.200000 0.0 0.0
13.252000 11.012760329 -75.266667 0.0 0.0
13.261700 11.003522400 -75.300000 0.0 0.0
13.271500 10.990227676 -75.400000 0.0 0.0
13.281300 10.985365389 -75.500000 0.0 0.0
13.291000 10.976115018 -75.566667 0.0 0.0
13.300800 10.962817717 -75.600000 0.0 0.0
13.310500 10.953562892 -75.666667 0.0 0.0
13.320300 10.944468583 -75.700000 0.0 0.0
13.330100 10.931174188 -75.766667 0.0 0.0
13.339800 10.921911088 -75.866667 0.0 0.0
13.349600 10.912807788 -75.933333 0.0 0.0
13.359400 10.899516678 -76.033333 0.0 0.0
13.369100 10.890245668 -76.100000 0.0 0.0
13.378900 10.893668331 -76.133333 0.0 0.0
13.388700 10.884541868 -76.200000 0.0 0.0
13.398400 10.875249060 -76.233333 0.0 0.0
13.408200 10.857778025 -76.333333 0.0 0.0
13.418000 10.848646925 -76.466667 0.0 0.0
13.427700 10.843511044 -76.533333 0.0 0.0
13.437500 10.826056464 -76.633333 0.0 0.0
13.447300 10.816917588 -76.633333 0.0 0.0
13.457000 10.795178756 -76.700000 0.0 0.0
13.466800 10.794324937 -76.833333 0.0 0.0
13.476600 10.785178645 -76.900000 0.0 0.0
13.486300 10.775868901 -77.000000 0.0 0.0
13.496100 10.762584520 -77.000000 0.0 0.0
13.505900 10.749305179 -77.066667 0.0 0.0
13.515600 10.739992885 -77.100000 0.0 0.0
13.525400 10.730836280 -77.166667 0.0 0.0
13.535200 10.725791609 -77.233333 0.0 0.0
13.544900 10.724694736 -77.333333 0.0 0.0
13.554700 10.707296276 -77.400000 0.0 0.0
13.564500 10.694018058 -77.466667 0.0 0.0
13.574200 10.676489750 -77.533333 0.0 0.0
13.584000 10.671415073 -77.633333 0.0 0.0
13.593800 10.670425847 -77.633333 0.0 0.0
13.603500 10.656992380 -77.733333 0.0 0.0
13.613300 10.647806836 -77.833333 0.0 0.0
13.623000 10.642545442 -77.900000 0.0 0.0
13.632800 10.625192170 -77.933333 0.0 0.0
13.642600 10.620076008 -78.000000 0.0 0.0
13.652300 10.610723056 -78.066667 0.0 0.0
13.662100 10.609662925 -78.133333 0.0 0.0
13.671900 10.592319686 -78.166667 0.0 0.0
13.681600 10.578898368 -78.233333 0.0 0.0
13.691400 10.573750313 -78.233333 0.0 0.0
13.701200 10.572650560 -78.233333 0.0 0.0
13.710900 10.559222145 -78.266667 0.0 0.0
13.720700 10.545953952 -78.400000 0.0 0.0
13.730500 10.528650391 -78.533333 0.0 0.0
13.740200 10.515246112 -78.633333 0.0 0.0
13.750000 10.510064864 -78.633333 0.0 0.0
13.759800 10.496815800 -78.733333 0.0 0.0
13.769500 10.487444465 -78.800000 0.0 0.0
13.779300 10.478223183 -78.833333 0.0 0.0
13.789100 10.473017816 -78.933333 0.0 0.0
13.798800 10.467652741 -79.000000 0.0 0.0
13.808600 10.462431609 -79.100000 0.0 0.0
13.818400 10.449179427 -79.133333 0.0 0.0
13.828100 10.439788245 -79.200000 0.0 0.0
13.837900 10.422543323 -79.333333 0.0 0.0
13.847700 10.409310403 -79.400000 0.0 0.0
13.857400 10.395933829 -79.500000 0.0 0.0
13.867200 10.386699292 -79.533333 0.0 0.0
13.877000 10.377462593 -79.633333 0.0 0.0
13.886700 10.376035288 -79.633333 0.0 0.0
13.896500 10.370766676 -79.633333 0.0 0.0
13.906300 10.361513289 -79.733333 0.0 0.0
13.916000 10.352109095 -79.766667 0.0 0.0
13.925800 10.338883474 -79.900000 0.0 0.0
13.935500 10.325516332 -79.933333 0.0 0.0
13.945300 10.316262627 -80.000000 0.0 0.0
13.955100 10.307007036 -80.000000 0.0 0.0
13.964800 10.309464491 -80.033333 0.0 0.0
13.974600 10.300194798 -80.133333 0.0 0.0
13.984400 10.290923318 -80.200000 0.0 0.0
13.994100 10.273614826 -80.233333 0.0 0.0
14.003900 10.264347225 -80.333333 0.0 0.0
14.013700 10.251143164 -80.466667 0.0 0.0
14.023400 10.241729718 -80.500000 0.0 0.0
14.033200 10.228534859 -80.566667 0.0 0.0
14.043000 10.223190613 -80.600000 0.0 0.0
14.052700 10.217693787 -80.600000 0.0 0.0
14.062500 10.208417051 -80.666667 0.0 0.0
14.072300 10.203053646 -80.766667 0.0 0.0
14.082000 10.185804741 -80.833333 0.0 0.0
14.091800 10.168719669 -80.866667 0.0 0.0
14.101600 10.159448107 -80.933333 0.0 0.0
14.111300 10.153927303 -81.033333 0.0 0.0
14.121100 10.152439039 -81.100000 0.0 0.0
14.130900 10.147046395 -81.133333 0.0 0.0
14.140600 10.137612222 -81.233333 0.0 0.0
14.150400 10.124434300 -81.266667 0.0 0.0
14.160200 10.119027469 -81.366667 0.0 0.0
14.169900 10.101834227 -81.400000 0.0 0.0
14.179700 10.096420233 -81.466667 0.0 0.0
14.189500 10.087127680 -81.533333 0.0 0.0
14.199200 10.077692117 -81.633333 0.0 0.0
14.209000 10.068397702 -81.666667 0.0 0.0
14.218800 10.059102288 -81.733333 0.0 0.0
14.228500 10.045808685 -81.766667 0.0 0.0
14.238300 10.040367560 -81.833333 0.0 0.0
14.248000 10.030928765 -81.900000 0.0 0.0
14.257800 10.025476811 -81.966667 0.0 0.0
14.267600 10.016173766 -82.033333 0.0 0.0
14.277300 10.014413131 -82.066667 0.0 0.0
14.287100 10.001262718 -82.133333 0.0 0.0
14.296900 9.984287827 -82.166667 0.0 0.0
14.306600 9.967193042 -82.266667 0.0 0.0
14.316400 9.957897420 -82.266667 0.0 0.0
14.326200 9.956239908 -82.400000 0.0 0.0
14.335900 9.942980610 -82.400000 0.0 0.0
14.345700 9.929868314 -82.500000 0.0 0.0
14.355500 9.920570483 -82.566667 0.0 0.0
14.365200 9.911134132 -82.566667 0.0 0.0
14.375000 9.901835492 -82.666667 0.0 0.0
14.384800 9.900132097 -82.700000 0.0 0.0
14.394500 9.894484399 -82.800000 0.0 0.0
14.404300 9.885173945 -82.866667 0.0 0.0
14.414100 9.875863108 -82.933333 0.0 0.0
14.423800 9.873990772 -83.033333 0.0 0.0
14.433600 9.864672335 -83.066667 0.0 0.0
14.443400 9.859136462 -83.100000 0.0 0.0
14.453100 9.845898365 -83.166667 0.0 0.0
14.462900 9.836579360 -83.233333 0.0 0.0
14.472700 9.823489524 -83.333333 0.0 0.0
14.482400 9.806508524 -83.400000 0.0 0.0
14.492200 9.804722454 -83.400000 0.0 0.0
14.502000 9.787891239 -83.433333 0.0 0.0
14.511700 9.782201024 -83.466667 0.0 0.0
14.521500 9.769139061 -83.566667 0.0 0.0
14.531300 9.759830407 -83.600000 0.0 0.0
14.541000 9.746646513 -83.666667 0.0 0.0
14.550800 9.737341679 -83.733333 0.0 0.0
14.560500 9.731637219 -83.800000 0.0 0.0
14.570300 9.726060972 -83.866667 0.0 0.0
14.580100 9.727942734 -83.900000 0.0 0.0
14.589800 9.718487425 -84.033333 0.0 0.0
14.599600 9.709165729 -84.066667 0.0 0.0
14.609400 9.703567401 -84.133333 0.0 0.0
14.619100 9.690390394 -84.166667 0.0 0.0
14.628900 9.677355064 -84.166667 0.0 0.0
14.638700 9.668038130 -84.266667 0.0 0.0
14.648400 9.658589635 -84.366667 0.0 0.0
14.658200 9.649273569 -84.400000 0.0 0.0
14.668000 9.639957871 -84.466667 0.0 0.0
14.677700 9.634207895 -84.500000 0.0 0.0
14.687500 9.621196676 -84.566667 0.0 0.0
14.697300 9.619262686 -84.666667 0.0 0.0
14.707000 9.609811115 -84.666667 0.0 0.0
14.716800 9.604175979 -84.733333 0.0 0.0
14.726600 9.591171313 -84.766667 0.0 0.0
14.736300 9.581722197 -84.866667 0.0 0.0
14.746100 9.576078174 -84.866667 0.0 0.0
14.755900 9.570429023 -84.966667 0.0 0.0
14.765600 9.560975348 -85.066667 0.0 0.0
14.775400 9.551652059 -85.066667 0.0 0.0
14.785200 9.538668164 -85.166667 0.0 0.0
14.794900 9.536537806 -85.166667 0.0 0.0
14.804700 9.530870223 -85.233333 0.0 0.0
14.814500 9.521542932 -85.300000 0.0 0.0
14.824200 9.512088112 -85.366667 0.0 0.0
14.834000 9.495471822 -85.433333 0.0 0.0
14.843800 9.493438072 -85.500000 0.0 0.0
14.853500 9.476710224 -85.600000 0.0 0.0
14.863300 9.460131079 -85.633333 0.0 0.0
14.873000 9.447070490 -85.700000 0.0 0.0
14.882800 9.448639757 -85.733333 0.0 0.0
14.892600 9.446575137 -85.833333 0.0 0.0
14.902300 9.440752320 -85.900000 0.0 0.0
14.912100 9.431431499 -85.933333 0.0 0.0
14.921900 9.425728304 -86.000000 0.0 0.0
14.931600 9.412666996 -86.100000 0.0 0.0
14.941400 9.403349650 -86.100000 0.0 0.0
14.951200 9.397639230 -86.200000 0.0 0.0
14.960900 9.384592950 -86.200000 0.0 0.0
14.970700 9.378877896 -86.266667 0.0 0.0
14.980500 9.365966884 -86.300000 0.0 0.0
14.990200 9.360122255 -86.366667 0.0 0.0
15.000000 9.354398164 -86.400000 0.0 0.0
15.009800 9.345082597 -86.466667 0.0 0.0
15.019500 9.328481411 -86.500000 0.0 0.0
15.029300 9.326331331 -86.566667 0.0 0.0
15.039100 9.320596221 -86.633333 0.0 0.0
15.048800 9.304015120 -86.700000 0.0 0.0
15.058600 9.294710369 -86.800000 0.0 0.0
15.068400 9.281844334 -86.833333 0.0 0.0
15.078100 9.265308947 -86.900000 0.0 0.0
15.087900 9.259572305 -86.933333 0.0 0.0
15.097700 9.253831406 -86.966667 0.0 0.0
15.107400 9.247963843 -87.033333 0.0 0.0
15.117200 9.235123714 -87.066667 0.0 0.0
15.127000 9.229374750 -87.166667 0.0 0.0
15.136700 9.216423171 -87.200000 0.0 0.0
15.146500 9.207136427 -87.266667 0.0 0.0
15.156300 9.197851340 -87.300000 0.0 0.0
15.166000 9.188446761 -87.333333 0.0 0.0
15.175800 9.179165258 -87.400000 0.0 0.0
15.185500 9.166246361 -87.433333 0.0 0.0
15.195300 9.153458654 -87.500000 0.0 0.0
15.205100 9.147699608 -87.566667 0.0 0.0
15.214800 9.134802508 -87.633333 0.0 0.0
15.224600 9.125537391 -87.666667 0.0 0.0
15.234400 9.116274117 -87.733333 0.0 0.0
15.244100 9.106893227 -87.800000 0.0 0.0
15.253900 9.094143230 -87.866667 0.0 0.0
15.263700 9.084889372 -87.933333 0.0 0.0
15.273400 9.068555562 -88.000000 0.0 0.0
15.283200 9.059312890 -88.033333 0.0 0.0
15.293000 9.043128673 -88.100000 0.0 0.0
15.302700 9.037246505 -88.200000 0.0 0.0
15.312500 9.024549611 -88.233333 0.0 0.0
15.322300 9.004948966 -88.300000 0.0 0.0
15.332000 8.992165425 -88.266667 0.0 0.0
15.341800 8.982956578 -88.366667 0.0 0.0
15.351600 8.973749839 -88.400000 0.0 0.0
15.361300 8.960988948 -88.433333 0.0 0.0
15.371100 8.948355497 -88.500000 0.0 0.0
15.380900 8.932304037 -88.600000 0.0 0.0
15.390600 8.916158266 -88.633333 0.0 0.0
15.400400 8.906983931 -88.700000 0.0 0.0
15.410200 8.897811830 -88.700000 0.0 0.0
15.419900 8.878299292 -88.800000 0.0 0.0
15.429700 8.858937362 -88.800000 0.0 0.0
15.439500 8.843003502 -88.900000 0.0 0.0
15.449200 8.830365044 -88.966667 0.0 0.0
15.459000 8.814468452 -89.033333 0.0 0.0
15.468800 8.808728993 -89.100000 0.0 0.0
15.478500 8.792743611 -89.133333 0.0 0.0
15.488300 8.773526069 -89.200000 0.0 0.0
15.498000 8.750871631 -89.233333 0.0 0.0
15.507800 8.738436127 -89.333333 0.0 0.0
15.517600 8.732711356 -89.333333 0.0 0.0
15.527300 8.716829567 -89.400000 0.0 0.0
15.537100 8.697743351 -89.433333 0.0 0.0
15.546900 8.672033434 -89.500000 0.0 0.0
15.556600 8.656241615 -89.600000 0.0 0.0
15.566400 8.640582850 -89.600000 0.0 0.0
15.576200 8.624945573 -89.600000 0.0 0.0
15.585900 8.612523850 -89.700000 0.0 0.0
15.595700 8.593625261 -89.733333 0.0 0.0
15.605500 8.574761369 -89.800000 0.0 0.0
15.615200 8.549258236 -89.833333 0.0 0.0
15.625000 8.533752676 -89.900000 0.0 0.0
15.634800 8.515000156 -89.933333 0.0 0.0
15.644500 8.496173552 -90.033333 0.0 0.0
15.654300 8.477490364 -90.133333 0.0 0.0
15.664100 8.458841631 -90.133333 0.0 0.0
15.673800 8.433644070 -90.200000 0.0 0.0
15.683600 8.421539980 -90.300000 0.0 0.0
15.693400 8.406220070 -90.366667 0.0 0.0
15.703100 8.390814616 -90.400000 0.0 0.0
15.712900 8.369111614 -90.433333 0.0 0.0
15.722700 8.341053800 -90.466667 0.0 0.0
15.732400 8.322554092 -90.566667 0.0 0.0
15.742200 8.297823344 -90.566667 0.0 0.0
15.752000 8.276335223 -90.566667 0.0 0.0
15.761700 8.248458257 -90.600000 0.0 0.0
15.771500 8.223928653 -90.700000 0.0 0.0
15.781300 8.199465664 -90.700000 0.0 0.0
15.791000 8.171828941 -90.733333 0.0 0.0
15.800800 8.160024925 -90.800000 0.0 0.0
15.810500 8.135630373 -90.900000 0.0 0.0
15.820300 8.111405188 -90.966667 0.0 0.0
15.830100 8.081041121 -91.000000 0.0 0.0
15.839800 8.059956924 -91.000000 0.0 0.0
15.849600 8.035938652 -91.033333 0.0 0.0
15.859400 8.015061131 -91.100000 0.0 0.0
15.869100 7.987997625 -91.200000 0.0 0.0
15.878900 7.961119826 -91.233333 0.0 0.0
15.888700 7.928238935 -91.300000 0.0 0.0
15.898400 7.904483655 -91.300000 0.0 0.0
15.908200 7.880892764 -91.400000 0.0 0.0
15.918000 7.857366316 -91.433333 0.0 0.0
15.927700 7.821789683 -91.500000 0.0 0.0
15.937500 7.789454812 -91.533333 0.0 0.0
15.947300 7.763203938 -91.633333 0.0 0.0
15.957000 7.739908444 -91.733333 0.0 0.0
15.966800 7.716773812 -91.733333 0.0 0.0
15.976600 7.687799662 -91.833333 0.0 0.0
15.986300 7.655894100 -91.833333 0.0 0.0
15.996100 7.621285324 -91.900000 0.0 0.0
16.005900 7.595566991 -91.866667 0.0 0.0
16.015600 7.564027405 -91.900000 0.0 0.0
16.025400 7.532707265 -91.966667 0.0 0.0
16.035200 7.501511202 -92.066667 0.0 0.0
16.044900 7.473213036 -92.066667 0.0 0.0
16.054700 7.442252307 -92.166667 0.0 0.0
16.064500 7.408570633 -92.233333 0.0 0.0
16.074200 7.372114445 -92.266667 0.0 0.0
16.084000 7.338739334 -92.300000 0.0 0.0
16.093800 7.311119233 -92.366667 0.0 0.0
16.103500 7.275126600 -92.400000 0.0 0.0
16.113300 7.242174516 -92.400000 0.0 0.0
16.123000 7.206510791 -92.500000 0.0 0.0
16.132800 7.179367196 -92.633333 0.0 0.0
16.142600 7.146833058 -92.666667 0.0 0.0
16.152300 7.114353016 -92.733333 0.0 0.0
16.162100 7.079385779 -92.800000 0.0 0.0
16.171900 7.039180383 -92.866667 0.0 0.0
16.181600 7.004485752 -92.833333 0.0 0.0
16.191400 6.970043211 -92.833333 0.0 0.0
16.201200 6.933103762 -92.933333 0.0 0.0
16.210900 6.883049934 -92.933333 0.0 0.0
16.220700 6.854448498 -92.933333 0.0 0.0
16.230500 6.815490728 -92.966667 0.0 0.0
16.240200 6.794894947 -93.033333 0.0 0.0
16.250000 6.753673542 -93.133333 0.0 0.0
16.259800 6.720430055 -93.166667 0.0 0.0
16.269500 6.674443778 -93.266667 0.0 0.0
16.279300 6.633938684 -93.300000 0.0 0.0
16.289100 6.593674623 -93.333333 0.0 0.0
16.298800 6.566156978 -93.366667 0.0 0.0
16.308600 6.528799956 -93.466667 0.0 0.0
16.318400 6.491650781 -93.500000 0.0 0.0
16.328100 6.447202379 -93.566667 0.0 0.0
16.337900 6.410508303 -93.566667 0.0 0.0
16.347700 6.366684347 -93.733333 0.0 0.0
16.357400 6.327933131 -93.766667 0.0 0.0
16.367200 6.284664698 -93.966667 0.0 0.0
16.377000 6.246480157 -93.933333 0.0 0.0
16.386700 6.203684067 -93.966667 0.0 0.0
16.396500 6.180196827 -93.866667 0.0 0.0
16.406300 6.137921041 -93.933333 0.0 0.0
16.416000 6.100536364 -93.966667 0.0 0.0
16.425800 6.049503437 -94.100000 0.0 0.0
16.435500 6.012648856 -94.133333 0.0 0.0
16.445300 5.969211049 -94.200000 0.0 0.0
16.455100 5.928357499 -94.233333 0.0 0.0
16.464800 5.887707858 -94.300000 0.0 0.0
16.474600 5.842917545 -94.400000 0.0 0.0
16.484400 5.796239052 -94.433333 0.0 0.0
16.494100 5.754274558 -94.466667 0.0 0.0
16.503900 5.721455182 -94.400000 0.0 0.0
16.513700 5.686636234 -94.400000 0.0 0.0
16.523400 5.636794034 -94.433333 0.0 0.0
16.533200 5.587452431 -94.566667 0.0 0.0
16.543000 5.551306497 -94.700000 0.0 0.0
16.552700 5.513207708 -94.833333 0.0 0.0
16.562500 5.475432750 -94.866667 0.0 0.0
16.572300 5.425405954 -94.833333 0.0 0.0
16.582000 5.381960280 -94.833333 0.0 0.0
16.591800 5.345073416 -94.933333 0.0 0.0
16.601600 5.300293164 -94.966667 0.0 0.0
16.611300 5.251788687 -95.033333 0.0 0.0
16.621100 5.199794634 -95.033333 0.0 0.0
16.630900 5.156220775 -95.066667 0.0 0.0
16.640600 5.114909602 -95.166667 0.0 0.0
16.650400 5.073986909 -95.233333 0.0 0.0
16.660200 5.031456875 -95.200000 0.0 0.0
16.669900 4.989220014 -95.233333 0.0 0.0
16.679700 4.943597877 -95.266667 0.0 0.0
16.689500 4.904032260 -95.333333 0.0 0.0
16.699200 4.862855137 -95.400000 0.0 0.0
16.709000 4.818378564 -95.466667 0.0 0.0
16.718800 4.763324899 -95.466667 0.0 0.0
16.728500 4.714265106 -95.533333 0.0 0.0
16.738300 4.674724575 -95.633333 0.0 0.0
16.748000 4.640796993 -95.766667 0.0 0.0
16.757800 4.601866396 -95.766667 0.0 0.0
16.767600 4.551017200 -95.800000 0.0 0.0
16.777300 4.504128865 -95.866667 0.0 0.0
16.787100 4.457773742 -95.700000 0.0 0.0
16.796900 4.415280236 -95.700000 0.0 0.0
16.806600 4.374815356 -95.733333 0.0 0.0
16.816400 4.331444208 -95.933333 0.0 0.0
16.826200 4.293440284 -96.033333 0.0 0.0
16.835900 4.250819606 -96.066667 0.0 0.0
16.845700 4.207054367 -96.166667 0.0 0.0
16.855500 4.160542345 -96.266667 0.0 0.0
16.865200 4.111336193 -96.266667 0.0 0.0
16.875000 4.076813987 -96.266667 0.0 0.0
16.884800 4.013209592 -96.100000 0.0 0.0
16.894500 3.970306362 -96.133333 0.0 0.0
16.904300 3.924892049 -96.233333 0.0 0.0
16.914100 3.899400004 -96.500000 0.0 0.0
16.923800 3.856225617 -96.533333 0.0 0.0
16.933600 3.810645894 -96.566667 0.0 0.0
16.943400 3.771387242 -96.600000 0.0 0.0
16.953100 3.732486517 -96.666667 0.0 0.0
16.962900 3.695446084 -96.633333 0.0 0.0
16.972700 3.648955244 -96.700000 0.0 0.0
16.982400 3.603004450 -96.700000 0.0 0.0
16.992200 3.554942296 -96.733333 0.0 0.0
17.002000 3.519654417 -96.733333 0.0 0.0
17.011700 3.479328470 -96.833333 0.0 0.0
17.021500 3.440822939 -96.866667 0.0 0.0
17.031300 3.398825995 -97.033333 0.0 0.0
17.041000 3.356011855 -97.000000 0.0 0.0
17.050800 3.298548347 -96.933333 0.0 0.0
17.060500 3.253245543 -96.866667 0.0 0.0
17.070300 3.212296619 -96.966667 0.0 0.0
17.080100 3.190172386 -97.233333 0.0 0.0
17.089800 3.153604988 -97.433333 0.0 0.0
17.099600 3.113904119 -97.433333 0.0 0.0
17.109400 3.068806883 -97.466667 0.0 0.0
17.119100 3.027809340 -97.400000 0.0 0.0
17.128900 2.993130239 -97.466667 0.0 0.0
17.138700 2.953174346 -97.466667 0.0 0.0
17.148400 2.914834338 -97.633333 0.0 0.0
17.158200 2.872610773 -97.733333 0.0 0.0
17.168000 2.837523123 -97.800000 0.0 0.0
17.177700 2.799604572 -97.700000 0.0 0.0
17.187500 2.766466543 -97.766667 0.0 0.0
17.197300 2.729525786 -97.766667 0.0 0.0
17.207000 2.692011954 -97.866667 0.0 0.0
17.216800 2.650970342 -97.833333 0.0 0.0
17.226600 2.610552746 -97.966667 0.0 0.0
17.236300 2.573681232 -97.966667 0.0 0.0
17.246100 2.537358310 -97.966667 0.0 0.0
17.255900 2.500586587 -98.066667 0.0 0.0
17.265600 2.466209788 -98.133333 0.0 0.0
17.275400 2.431398945 -98.266667 0.0 0.0
17.285200 2.396158182 -98.333333 0.0 0.0
17.294900 2.353257458 -98.333333 0.0 0.0
17.304700 2.320927009 -98.200000 0.0 0.0
17.314500 2.287283038 -98.300000 0.0 0.0
17.324200 2.258428666 -98.333333 0.0 0.0
17.334000 2.222273894 -98.433333 0.0 0.0
17.343800 2.190896426 -98.433333 0.0 0.0
17.353500 2.154968007 -98.475333 0.0 0.0
17.363300 2.122908151 -98.517333 0.0 0.0
17.373000 2.087290866 -98.559333 0.0 0.0
17.382800 2.056235250 -98.601333 0.0 0.0
17.392600 2.022533318 -98.643333 0.0 0.0
17.402300 1.990123230 -98.685333 0.0 0.0
17.412100 1.960509595 -98.727333 0.0 0.0
17.421900 1.927633062 -98.769333 0.0 0.0
17.431600 1.894557701 -98.811333 0.0 0.0
17.441400 1.864215085 -98.853333 0.0 0.0
17.451200 1.834357269 -98.895333 0.0 0.0
17.460900 1.800804568 -98.937333 0.0 0.0
17.470700 1.769921259 -98.979333 0.0 0.0
17.480500 1.739566497 -99.021333 0.0 0.0
17.490200 1.713652996 -99.063333 0.0 0.0
17.500000 1.684261148 -99.105333 0.0 0.0
17.509800 1.656007773 -99.147333 0.0 0.0
17.519500 1.631335980 -99.189333 0.0 0.0
17.529300 1.602737804 -99.231333 0.0 0.0
17.539100 1.575244391 -99.273333 0.0 0.0
17.548800 1.539908261 -99.315333 0.0 0.0
17.558600 1.514652842 -99.357333 0.0 0.0
17.568400 1.490382544 -99.399333 0.0 0.0
17.578100 1.463672326 -99.441333 0.0 0.0
17.587900 1.438008022 -99.483333 0.0 0.0
17.597700 1.407921646 -99.525333 0.0 0.0
17.607400 1.381625884 -99.567333 0.0 0.0
17.617200 1.354795575 -99.609333 0.0 0.0
17.627000 1.332059045 -99.651333 0.0 0.0
17.636700 1.313211433 -99.693333 0.0 0.0
17.646500 1.287707310 -99.735333 0.0 0.0
17.656300 1.262213242 -99.777333 0.0 0.0
17.666000 1.233416590 -99.819333 0.0 0.0
17.675800 1.211782913 -99.861333 0.0 0.0
17.685500 1.189144647 -99.903333 0.0 0.0
17.695300 1.168734488 -99.945333 0.0 0.0
17.705100 1.141204393 -99.987333 0.0 0.0
17.714800 1.119023414 -100.029333 0.0 0.0
17.724600 1.097706458 -100.071333 0.0 0.0
17.734400 1.081350120 -100.113333 0.0 0.0
17.744100 1.057485983 -100.155333 0.0 0.0
17.753900 1.035350836 -100.197333 0.0 0.0
17.763700 1.011347007 -100.239333 0.0 0.0
17.773400 0.993972487 -100.281333 0.0 0.0
17.783200 0.973165025 -100.323333 0.0 0.0
17.793000 0.949871865 -100.365333 0.0 0.0
17.802700 0.929262504 -100.407333 0.0 0.0
17.812500 0.910506579 -100.449333 0.0 0.0
17.822300 0.892128677 -100.491333 0.0 0.0
17.832000 0.873775998 -100.533333 0.0 0.0
17.841800 0.854497245 -100.575333 0.0 0.0
17.851600 0.837891197 -100.617333 0.0 0.0
17.861300 0.817823269 -100.659333 0.0 0.0
17.871100 0.800084585 -100.701333 0.0 0.0
17.880900 0.783030626 -100.743333 0.0 0.0
17.890600 0.766625295 -100.785333 0.0 0.0
17.900400 0.749132787 -100.827333 0.0 0.0
17.910200 0.732882252 -100.869333 0.0 0.0
17.919900 0.716150826 -100.911333 0.0 0.0
17.929700 0.701152865 -100.953333 0.0 0.0
17.939500 0.683576833 -100.995333 0.0 0.0
17.949200 0.668226242 -101.037333 0.0 0.0
17.959000 0.652976624 -101.079333 0.0 0.0
17.968800 0.638564567 -101.121333 0.0 0.0
17.978500 0.623266200 -101.163333 0.0 0.0
17.988300 0.607874013 -101.205333 0.0 0.0
17.998000 0.593537954 -101.247333 0.0 0.0
18.007800 0.582444637 -101.289333 0.0 0.0
18.017600 0.567841613 -101.331333 0.0 0.0
18.027300 0.546631564 -101.373333 0.0 0.0
18.037100 0.531088331 -101.415333 0.0 0.0
18.046900 0.518567415 -101.457333 0.0 0.0
18.056600 0.513182638 -101.499333 0.0 0.0
18.066400 0.499739000 -101.541333 0.0 0.0
18.076200 0.487581938 -101.583333 0.0 0.0
18.085900 0.475167706 -101.625333 0.0 0.0
18.095700 0.463074403 -101.667333 0.0 0.0
18.105500 0.452155390 -101.709333 0.0 0.0
18.115200 0.440473312 -101.751333 0.0 0.0
18.125000 0.429097546 -101.793333 0.0 0.0
18.134800 0.418015328 -101.835333 0.0 0.0
18.144500 0.408153329 -101.877333 0.0 0.0
18.154300 0.398222397 -101.919333 0.0 0.0
18.164100 0.386747726 -101.961333 0.0 0.0
18.173800 0.375887735 -102.003333 0.0 0.0
18.183600 0.365897750 -102.045333 0.0 0.0
18.193400 0.357817082 -102.087333 0.0 0.0
18.203100 0.348035899 -102.129333 0.0 0.0
18.212900 0.337747031 -102.171333 0.0 0.0
18.222700 0.328391659 -102.213333 0.0 0.0
18.232400 0.321751821 -102.255333 0.0 0.0
18.242200 0.313440005 -102.297333 0.0 0.0
18.252000 0.304523575 -102.339333 0.0 0.0
18.261700 0.294385043 -102.381333 0.0 0.0
18.271500 0.285352537 -102.423333 0.0 0.0
18.281300 0.276915640 -102.465333 0.0 0.0
18.291000 0.268621992 -102.507333 0.0 0.0
18.300800 0.261983224 -102.549333 0.0 0.0
18.310500 0.253941535 -102.591333 0.0 0.0
18.320300 0.247190530 -102.633333 0.0 0.0
18.330100 0.239697223 -102.675333 0.0 0.0
18.339800 0.233322090 -102.717333 0.0 0.0
18.349600 0.226248931 -102.759333 0.0 0.0
18.359400 0.219137634 -102.801333 0.0 0.0
18.369100 0.212736703 -102.843333 0.0 0.0
18.378900 0.206842143 -102.885333 0.0 0.0
18.388700 0.201110798 -102.927333 0.0 0.0
18.398400 0.195236095 -102.969333 0.0 0.0
18.408200 0.188736537 -103.011333 0.0 0.0
18.418000 0.183436154 -103.053333 0.0 0.0
18.427700 0.177804303 -103.095333 0.0 0.0
18.437500 0.171818820 -103.137333 0.0 0.0
18.447300 0.166481362 -103.179333 0.0 0.0
18.457000 0.160936873 -103.221333 0.0 0.0
18.466800 0.156717186 -103.263333 0.0 0.0
18.476600 0.151325034 -103.305333 0.0 0.0
18.486300 0.146566031 -103.347333 0.0 0.0
18.496100 0.142449303 -103.389333 0.0 0.0
18.505900 0.137917832 -103.431333 0.0 0.0
18.515600 0.133426547 -103.473333 0.0 0.0
18.525400 0.129132390 -103.515333 0.0 0.0
18.535200 0.125601421 -103.557333 0.0 0.0
18.544900 0.121231550 -103.599333 0.0 0.0
18.554700 0.116387911 -103.641333 0.0 0.0
18.564500 0.112167364 -103.683333 0.0 0.0
18.574200 0.108680986 -103.725333 0.0 0.0
18.584000 0.105061854 -103.767333 0.0 0.0
18.593800 0.101602168 -103.809333 0.0 0.0
18.603500 0.098142244 -103.851333 0.0 0.0
18.613300 0.094946747 -103.893333 0.0 0.0
18.623000 0.091502428 -103.935333 0.0 0.0
18.632800 0.087981139 -103.977333 0.0 0.0
18.642600 0.084757791 -104.019333 0.0 0.0
18.652300 0.081745675 -104.061333 0.0 0.0
18.662100 0.079144552 -104.103333 0.0 0.0
18.671900 0.076743869 -104.145333 0.0 0.0
18.681600 0.073988031 -104.187333 0.0 0.0
18.691400 0.071633636 -104.229333 0.0 0.0
18.701200 0.068771044 -104.271333 0.0 0.0
18.710900 0.066072797 -104.313333 0.0 0.0
18.720700 0.063383687 -104.355333 0.0 0.0
18.730500 0.061037782 -104.397333 0.0 0.0
18.740200 0.058981404 -104.439333 0.0 0.0
18.750000 0.056711249 -104.481333 0.0 0.0
18.759800 0.054507518 -104.523333 0.0 0.0
18.769500 0.052549922 -104.565333 0.0 0.0
18.779300 0.050449725 -104.607333 0.0 0.0
18.789100 0.048545088 -104.649333 0.0 0.0
18.798800 0.046425892 -104.691333 0.0 0.0
18.808600 0.044655978 -104.733333 0.0 0.0
18.818400 0.042920561 -104.775333 0.0 0.0
18.828100 0.041378968 -104.817333 0.0 0.0
18.837900 0.039664164 -104.859333 0.0 0.0
18.847700 0.038181242 -104.901333 0.0 0.0
18.857400 0.036640689 -104.943333 0.0 0.0
18.867200 0.035216666 -104.985333 0.0 0.0
18.877000 0.033666602 -105.027333 0.0 0.0
18.886700 0.032172057 -105.069333 0.0 0.0
18.896500 0.030897932 -105.111333 0.0 0.0
18.906300 0.029754073 -105.153333 0.0 0.0
18.916000 0.029028546 -105.195333 0.0 0.0
18.925800 0.027729486 -105.237333 0.0 0.0
18.935500 0.026366565 -105.279333 0.0 0.0
18.945300 0.024812449 -105.321333 0.0 0.0
18.955100 0.023765785 -105.363333 0.0 0.0
18.964800 0.022719383 -105.405333 0.0 0.0
18.974600 0.021702608 -105.447333 0.0 0.0
18.984400 0.020779117 -105.489333 0.0 0.0
18.994100 0.019925265 -105.531333 0.0 0.0
19.003900 0.018924256 -105.573333 0.0 0.0
19.013700 0.018112008 -105.615333 0.0 0.0
19.023400 0.017248167 -105.657333 0.0 0.0
19.033200 0.016641416 -105.699333 0.0 0.0
19.043000 0.015799284 -105.741333 0.0 0.0
19.052700 0.015051498 -105.783333 0.0 0.0
19.062500 0.014191437 -105.825333 0.0 0.0
19.072300 0.013530260 -105.867333 0.0 0.0
19.082000 0.012979196 -105.909333 0.0 0.0
19.091800 0.012465042 -105.951333 0.0 0.0
19.101600 0.011779843 -105.993333 0.0 0.0
19.111300 0.011183570 -106.035333 0.0 0.0
19.121100 0.010613511 -106.077333 0.0 0.0
19.130900 0.010232242 -106.119333 0.0 0.0
19.140600 0.009718019 -106.161333 0.0 0.0
19.150400 0.009240363 -106.203333 0.0 0.0
19.160200 0.008729045 -106.245333 0.0 0.0
19.169900 0.008242767 -106.287333 0.0 0.0
19.179700 0.007780669 -106.329333 0.0 0.0
19.189500 0.007406744 -106.371333 0.0 0.0
19.199200 0.007069677 -106.413333 0.0 0.0
19.209000 0.006753198 -106.455333 0.0 0.0
19.218800 0.006359933 -106.497333 0.0 0.0
19.228500 0.006017150 -106.539333 0.0 0.0
19.238300 0.005677625 -106.581333 0.0 0.0
19.248000 0.005357200 -106.623333 0.0 0.0
19.257800 0.005066562 -106.665333 0.0 0.0
19.267600 0.004793528 -106.707333 0.0 0.0
19.277300 0.004550849 -106.749333 0.0 0.0
19.287100 0.004348778 -106.791333 0.0 0.0
19.296900 0.004097086 -106.833333 0.0 0.0
19.306600 0.003776402 -106.875333 0.0 0.0
19.316400 0.003513061 -106.917333 0.0 0.0
19.326200 0.003291998 -106.959333 0.0 0.0
19.335900 0.003189545 -107.001333 0.0 0.0
19.345700 0.002986544 -107.043333 0.0 0.0
19.355500 0.002818007 -107.085333 0.0 0.0
19.365200 0.002638623 -107.127333 0.0 0.0
19.375000 0.002460274 -107.169333 0.0 0.0
19.384800 0.002339318 -107.211333 0.0 0.0
19.394500 0.002209821 -107.253333 0.0 0.0
19.404300 0.002097954 -107.295333 0.0 0.0
19.414100 0.001955395 -107.337333 0.0 0.0
19.423800 0.001812738 -107.379333 0.0 0.0
19.433600 0.001711748 -107.421333 0.0 0.0
19.443400 0.001594818 -107.463333 0.0 0.0
19.453100 0.001476197 -107.505333 0.0 0.0
19.462900 0.001347664 -107.547333 0.0 0.0
19.472700 0.001259464 -107.589333 0.0 0.0
19.482400 0.001185637 -107.631333 0.0 0.0
19.492200 0.001132979 -107.673333 0.0 0.0
19.502000 0.001066166 -107.715333 0.0 0.0
19.511700 0.000971830 -107.757333 0.0 0.0
19.521500 0.000852825 -107.799333 0.0 0.0
19.531300 0.000808715 -107.841333 0.0 0.0
19.541000 0.000761892 -107.883333 0.0 0.0
19.550800 0.000721654 -107.925333 0.0 0.0
19.560500 0.000647530 -107.967333 0.0 0.0
19.570300 0.000615926 -108.009333 0.0 0.0
19.580100 0.000588116 -108.051333 0.0 0.0
19.589800 0.000528113 -108.093333 0.0 0.0
19.599600 0.000489021 -108.135333 0.0 0.0
19.609400 0.000435440 -108.177333 0.0 0.0
19.619100 0.000392065 -108.219333 0.0 0.0
19.628900 0.000353692 -108.261333 0.0 0.0
19.638700 0.000350261 -108.303333 0.0 0.0
19.648400 0.000327457 -108.345333 0.0 0.0
19.658200 0.000311234 -108.387333 0.0 0.0
19.668000 0.000275119 -108.429333 0.0 0.0
19.677700 0.000300226 -108.471333 0.0 0.0
19.687500 0.000252182 -108.513333 0.0 0.0
19.697300 0.000183857 -108.555333 0.0 0.0
19.707000 0.000113564 -108.597333 0.0 0.0
19.716800 0.000139211 -108.639333 0.0 0.0
19.726600 0.000145749 -108.681333 0.0 0.0
19.736300 0.000172332 -108.723333 0.0 0.0
19.746100 0.000159207 -108.765333 0.0 0.0
19.755900 0.000142964 -108.807333 0.0 0.0
19.765600 0.000127395 -108.849333 0.0 0.0
19.775400 0.000137220 -108.891333 0.0 0.0
19.785200 0.000188660 -108.933333 0.0 0.0
19.794900 0.000169215 -108.975333 0.0 0.0
19.804700 0.000155252 -109.017333 0.0 0.0
19.814500 0.000126367 -109.059333 0.0 0.0
19.824200 0.000129586 -109.101333 0.0 0.0
19.834000 0.000099347 -109.143333 0.0 0.0
19.843800 0.000074003 -109.185333 0.0 0.0
19.853500 0.000064492 -109.227333 0.0 0.0
19.863300 0.000073187 -109.269333 0.0 0.0
19.873000 0.000097880 -109.311333 0.0 0.0
19.882800 0.000133543 -109.353333 0.0 0.0
19.892600 0.000140837 -109.395333 0.0 0.0
19.902300 0.000134320 -109.437333 0.0 0.0
19.912100 0.000124949 -109.479333 0.0 0.0
19.921900 0.000115079 -109.521333 0.0 0.0
19.931600 0.000112655 -109.563333 0.0 0.0
19.941400 0.000110793 -109.605333 0.0 0.0
19.951200 0.000105992 -109.647333 0.0 0.0
19.960900 0.000097206 -109.689333 0.0 0.0
19.970700 0.000071196 -109.731333 0.0 0.0
19.980500 0.000102813 -109.773333 0.0 0.0
19.990200 0.000118568 -109.815333 0.0 0.0

