# UNCLASSIFIED
#
# Response info for BRTR short period sites BR101,BR102, BR103, BR104, BR105, BR106.
#						
# Effective: 19	Feb. 2003					
# File name: brtr_050_sp.txt						
#							
# Source: James Neely (CTI)					
# System equipment: 23900 seismometer and AIM24S-1 digitizer.	
#									
# This nominal response file is the average amplitude and phase of actual RB calibrations.
#
# Displacement response relative to 1.0 at 1.0 Hz. The nominal calib value for
# this configuration is 0.0097912 nm/count at 1.0 Hz.
#									
# Freq(Hz)      Amp(cnts/nm)    Phase(deg)   Error(amp) Error(phase)	
#				
	theoretical	0	instrument	fap
99				
0.100000	0.001220862	262.86667	0.0	0.0
0.200000	0.010790212	256.05000	0.0	0.0
0.300000	0.035771563	248.00000	0.0	0.0
0.400000	0.083000000	240.00000	0.0	0.0
0.500000	0.162481282	230.25000	0.0	0.0
0.600000	0.282694863	218.71667	0.0	0.0
0.700000	0.447642563	206.00000	0.0	0.0
0.800000	0.631815080	192.36667	0.0	0.0
0.900000	0.829677239	179.25000	0.0	0.0
1.000000	1.000000000	167.36667	0.0	0.0
1.100000	1.151841403	157.16667	0.0	0.0
1.200000	1.281389751	149.06667	0.0	0.0
1.300000	1.415609122	142.00000	0.0	0.0
1.400000	1.500702833	136.58333	0.0	0.0
1.500000	1.595602075	131.76667	0.0	0.0
1.600000	1.688962405	127.96667	0.0	0.0
1.700000	1.780460138	124.63333	0.0	0.0
1.800000	1.870779082	121.90000	0.0	0.0
1.900000	1.958109319	119.31667	0.0	0.0
2.000000	2.049336754	117.21667	0.0	0.0
2.100000	2.138631511	115.20000	0.0	0.0
2.200000	2.226329021	113.51667	0.0	0.0
2.300000	2.313721964	111.95000	0.0	0.0
2.400000	2.399539528	110.50000	0.0	0.0
2.500000	2.492814767	109.40000	0.0	0.0
2.600000	2.583092835	108.11667	0.0	0.0
2.700000	2.669000000	107.01667	0.0	0.0
2.800000	2.700000000	106.08333	0.0	0.0
2.900000	2.800000000	105.18333	0.0	0.0
3.000000	2.877500000	104.28333	0.0	0.0
3.100000	2.955000000	103.43333	0.0	0.0
3.200000	3.032500000	102.56667	0.0	0.0
3.300000	3.110000000	101.96667	0.0	0.0
3.400000	3.187500000	101.20000	0.0	0.0
3.500000	3.265000000	100.53333	0.0	0.0
3.600000	3.342500000	99.88333	0.0	0.0
3.700000	3.420000000	99.35000	0.0	0.0
3.800000	3.497500000	98.78333	0.0	0.0
3.900000	3.575000000	98.16667	0.0	0.0
4.000000	3.620000000	97.68333	0.0	0.0
4.100000	3.691480000	97.18333	0.0	0.0
4.200000	3.762960000	96.66667	0.0	0.0
4.300000	3.834440000	96.25000	0.0	0.0
4.400000	3.905920000	95.71667	0.0	0.0
4.500000	3.977400000	95.35000	0.0	0.0
4.600000	4.048880000	94.85000	0.0	0.0
4.700000	4.120360000	94.40000	0.0	0.0
4.800000	4.191840000	94.08333	0.0	0.0
4.900000	4.263320000	93.75000	0.0	0.0
5.000000	4.334800000	93.35000	0.0	0.0
5.100000	4.406280000	92.98333	0.0	0.0
5.200000	4.477760000	92.55000	0.0	0.0
5.300000	4.549240000	92.20000	0.0	0.0
5.400000	4.620720000	91.90000	0.0	0.0
5.500000	4.692200000	91.51667	0.0	0.0
5.600000	4.763680000	91.21667	0.0	0.0
5.700000	4.835160000	90.90000	0.0	0.0
5.800000	4.906640000	90.58333	0.0	0.0
5.900000	4.978120000	90.26667	0.0	0.0
6.000000	5.049600000	89.88333	0.0	0.0
6.100000	5.121080000	89.60000	0.0	0.0
6.200000	5.192560000	89.33333	0.0	0.0
6.300000	5.264040000	88.98333	0.0	0.0
6.400000	5.335520000	88.65000	0.0	0.0
6.500000	5.407000000	88.53333	0.0	0.0
6.600000	5.478480000	88.18333	0.0	0.0
6.700000	5.549960000	87.95000	0.0	0.0
6.800000	5.621440000	87.60000	0.0	0.0
6.900000	5.692920000	87.31667	0.0	0.0
7.000000	5.764400000	87.13333	0.0	0.0
7.100000	5.835880000	86.98333	0.0	0.0
7.200000	5.907360000	86.55000	0.0	0.0
7.300000	5.978840000	86.43333	0.0	0.0
7.400000	6.050320000	86.16667	0.0	0.0
7.500000	6.121800000	85.88333	0.0	0.0
7.600000	6.193280000	85.68333	0.0	0.0
7.700000	6.264760000	85.48333	0.0	0.0
7.800000	6.336240000	85.13333	0.0	0.0
7.900000	6.407720000	85.05000	0.0	0.0
8.000000	6.479200000	84.66667	0.0	0.0
8.100000	6.200000000	84.53333	0.0	0.0
8.200000	5.675191480	84.11667	0.0	0.0
8.300000	5.043647883	83.80000	0.0	0.0
8.400000	4.294005728	83.75000	0.0	0.0
8.500000	3.554967154	83.55000	0.0	0.0
8.600000	2.796287264	83.10000	0.0	0.0
8.700000	2.124968938	82.93333	0.0	0.0
8.800000	1.520778645	82.91667	0.0	0.0
8.900000	1.050485366	82.61667	0.0	0.0
9.000000	0.682065123	82.90000	0.0	0.0
9.100000	0.416269629	82.31667	0.0	0.0
9.200000	0.231537405	82.18333	0.0	0.0
9.300000	0.123589891	81.61667	0.0	0.0
9.400000	0.057616188	81.56667	0.0	0.0
9.500000	0.025184902	81.50000	0.0	0.0
9.600000	0.009117055	81.40000	0.0	0.0
9.700000	0.002888052	81.30000	0.0	0.0
9.800000	0.000639577	81.20000	0.0	0.0
9.900000	0.000202210	81.00000	0.0	0.0
