# UNCLASSIFIED
#                                                 
# Response info for BRTR Mid-period sites.
# 
# Effective: 28 Oct 2002
# Creation date: 05 June 2006
# File name: BRTR_mp_rsp.txt
# 
# Source: James Neely and Cadet First Class Jonah Reeger (TTD)
# System equipment: KS54000 seismometer and AIM24S-3 digitizer.
#
# The response file was derived from equations of state.
# Displacement response normalized to 1.0 at 0.04 Hz.
#
# The calib values for this configuration are as follows:
# 
# Updated 2007145/25 May 
# BR232 MHZ is 4.104740 nm/count at 0.04 Hz.
# BR232 MHN is 4.032820 nm/count at 0.04 Hz.
# BR232 MHE is 4.118200 nm/count at 0.04 Hz.
# BR233 MHZ is 4.090000 nm/count at 0.04 Hz.
# BR233 MHN is 4.140000 nm/count at 0.04 Hz.
# BR233 MHE is 4.120000 nm/count at 0.04 Hz.
# BR234 MHZ is 4.070000 nm/count at 0.04 Hz.
# BR234 MHN is 4.050000 nm/count at 0.04 Hz.
# BR234 MHE is 4.200000 nm/count at 0.04 Hz.
# BR235 MHZ is 4.080000 nm/count at 0.04 Hz.
# BR235 MHN is 4.220000 nm/count at 0.04 Hz.
# BR235 MHE is 4.120000 nm/count at 0.04 Hz.
# BR236 MHZ is 4.130000 nm/count at 0.04 Hz.
# BR236 MHN is 4.130000 nm/count at 0.04 Hz.
# BR236 MHE is 4.030000 nm/count at 0.04 Hz.
# BR237 MHZ is 4.210000 nm/count at 0.04 Hz.
# BR237 MHN is 4.150000 nm/count at 0.04 Hz.
# BR237 MHE is 4.130000 nm/count at 0.04 Hz.
# 
# Freq(Hz)     Amp(counts/nm)   Phase(deg)   Error(amp) Error(phase)    
#                               
   theoretical   0   instrument   fap
509
0.011700	0.065846018	221.066667	0.0	0.0
0.015600	0.132168881	211.716667	0.0	0.0
0.019500	0.219465322	205.533333	0.0	0.0
0.023400	0.327010526	201.922222	0.0	0.0
0.027300	0.456048327	199.794444	0.0	0.0
0.031300	0.604678111	197.144444	0.0	0.0
0.035200	0.766123312	195.027778	0.0	0.0
0.039100	0.953430603	193.483333	0.0	0.0
0.043000	1.162593899	192.088889	0.0	0.0
0.046900	1.390675177	190.938889	0.0	0.0
0.050800	1.636383982	189.911111	0.0	0.0
0.054700	1.894858971	189.066667	0.0	0.0
0.058600	2.182633441	188.272222	0.0	0.0
0.062500	2.487272598	187.594444	0.0	0.0
0.066400	2.817442523	187.050000	0.0	0.0
0.070300	3.158530768	186.450000	0.0	0.0
0.074200	3.517575141	185.955556	0.0	0.0
0.078100	3.897563470	185.300000	0.0	0.0
0.082000	4.306168854	184.911111	0.0	0.0
0.085900	4.730056681	184.438889	0.0	0.0
0.089800	5.165675668	184.083333	0.0	0.0
0.093800	5.634677022	183.716667	0.0	0.0
0.097700	6.123147205	183.422222	0.0	0.0
0.101600	6.626837515	183.138889	0.0	0.0
0.105500	7.149469627	182.872222	0.0	0.0
0.109400	7.681436401	182.538889	0.0	0.0
0.113300	8.246777579	182.244444	0.0	0.0
0.117200	8.825417118	181.933333	0.0	0.0
0.121100	9.414715321	181.672222	0.0	0.0
0.125000	10.016132092	181.550000	0.0	0.0
0.128900	10.650888838	181.411111	0.0	0.0
0.132800	11.308038502	181.183333	0.0	0.0
0.136700	12.002678064	180.894444	0.0	0.0
0.140600	12.698935735	180.616667	0.0	0.0
0.144500	13.408910416	180.450000	0.0	0.0
0.148400	14.147909193	180.272222	0.0	0.0
0.152300	14.926104941	180.138889	0.0	0.0
0.156300	15.725466180	179.855556	0.0	0.0
0.160200	16.509458109	179.627778	0.0	0.0
0.164100	17.307568867	179.416667	0.0	0.0
0.168000	18.155097300	179.294444	0.0	0.0
0.171900	19.032126966	179.083333	0.0	0.0
0.175800	19.873706416	178.944444	0.0	0.0
0.179700	20.750651045	178.761111	0.0	0.0
0.183600	21.661120914	178.616667	0.0	0.0
0.187500	22.627290964	178.416667	0.0	0.0
0.191400	23.594970559	178.261111	0.0	0.0
0.195300	24.569460203	178.122222	0.0	0.0
0.199200	25.573608881	177.916667	0.0	0.0
0.203100	26.601797016	177.805556	0.0	0.0
0.207000	27.640311331	177.622222	0.0	0.0
0.210900	28.682467500	177.505556	0.0	0.0
0.214800	29.732152328	177.322222	0.0	0.0
0.218800	30.835996379	177.222222	0.0	0.0
0.222700	31.998233774	176.805556	0.0	0.0
0.226600	33.149971681	176.705556	0.0	0.0
0.230500	34.294294799	176.583333	0.0	0.0
0.234400	35.398892639	176.633333	0.0	0.0
0.238300	36.560909508	176.466667	0.0	0.0
0.242200	37.786738321	176.338889	0.0	0.0
0.246100	38.971052374	176.216667	0.0	0.0
0.250000	40.210860597	176.083333	0.0	0.0
0.253900	41.461963362	175.950000	0.0	0.0
0.257800	42.802942049	175.822222	0.0	0.0
0.261700	44.124714366	175.677778	0.0	0.0
0.265600	45.446749384	175.544444	0.0	0.0
0.269500	46.797190275	175.444444	0.0	0.0
0.273400	48.195314163	175.338889	0.0	0.0
0.277300	50.086905532	175.177778	0.0	0.0
0.281300	51.565397576	175.066667	0.0	0.0
0.285200	52.994965683	174.966667	0.0	0.0
0.289100	53.937755135	174.866667	0.0	0.0
0.293000	55.409914532	174.761111	0.0	0.0
0.296900	56.887530217	174.616667	0.0	0.0
0.300800	58.332139188	174.566667	0.0	0.0
0.304700	59.866033083	174.361111	0.0	0.0
0.308600	61.384786501	174.227778	0.0	0.0
0.312500	63.010567930	174.083333	0.0	0.0
0.316400	64.555953535	174.033333	0.0	0.0
0.320300	66.136063121	173.938889	0.0	0.0
0.324200	67.726095453	173.722222	0.0	0.0
0.328100	69.320981049	173.650000	0.0	0.0
0.332000	70.987840124	173.516667	0.0	0.0
0.335900	72.679366995	173.516667	0.0	0.0
0.339800	74.386381493	173.316667	0.0	0.0
0.343800	76.157728864	173.183333	0.0	0.0
0.347700	77.895365766	173.050000	0.0	0.0
0.351600	79.708663626	173.011111	0.0	0.0
0.355500	81.533672627	172.900000	0.0	0.0
0.359400	83.359064012	172.800000	0.0	0.0
0.363300	85.123545056	172.661111	0.0	0.0
0.367200	86.910900808	172.555556	0.0	0.0
0.371100	88.738467867	172.333333	0.0	0.0
0.375000	90.752629953	172.277778	0.0	0.0
0.378900	92.614551492	172.161111	0.0	0.0
0.382800	94.494647414	172.166667	0.0	0.0
0.386700	96.325100899	171.966667	0.0	0.0
0.390600	98.246416241	171.861111	0.0	0.0
0.394500	100.205301503	171.700000	0.0	0.0
0.398400	102.268267577	171.594444	0.0	0.0
0.402300	104.266969048	171.494444	0.0	0.0
0.406300	106.350694096	171.344444	0.0	0.0
0.410200	108.325933565	171.266667	0.0	0.0
0.414100	110.402616782	171.150000	0.0	0.0
0.418000	112.420028746	171.077778	0.0	0.0
0.421900	114.469017963	170.938889	0.0	0.0
0.425800	116.609994802	170.827778	0.0	0.0
0.429700	118.824273907	170.738889	0.0	0.0
0.433600	121.184605470	170.666667	0.0	0.0
0.437500	123.374390724	170.544444	0.0	0.0
0.441400	125.519540771	170.411111	0.0	0.0
0.445300	127.567769832	170.294444	0.0	0.0
0.449200	129.870200950	170.177778	0.0	0.0
0.453100	132.211167923	170.077778	0.0	0.0
0.457000	134.557175403	169.988889	0.0	0.0
0.460900	136.942382077	169.905556	0.0	0.0
0.464800	139.260811888	169.800000	0.0	0.0
0.468800	141.686165039	169.705556	0.0	0.0
0.472700	144.007315727	169.572222	0.0	0.0
0.476600	146.458934789	169.466667	0.0	0.0
0.480500	148.894245193	169.361111	0.0	0.0
0.484400	151.243658854	169.272222	0.0	0.0
0.488300	153.688847830	169.116667	0.0	0.0
0.492200	156.173621241	169.016667	0.0	0.0
0.496100	158.790321117	168.927778	0.0	0.0
0.500000	161.317371542	168.850000	0.0	0.0
0.503900	163.665681394	168.855556	0.0	0.0
0.507800	166.166391289	168.727778	0.0	0.0
0.511700	168.760950359	168.594444	0.0	0.0
0.515600	171.376109379	168.505556	0.0	0.0
0.519500	173.945113208	168.405556	0.0	0.0
0.523400	176.408568645	168.311111	0.0	0.0
0.527300	179.138941803	168.105556	0.0	0.0
0.531300	181.739169057	168.011111	0.0	0.0
0.535200	184.358101375	167.883333	0.0	0.0
0.539100	187.054724162	167.772222	0.0	0.0
0.543000	189.807343028	167.666667	0.0	0.0
0.546900	192.457461411	167.572222	0.0	0.0
0.550800	195.274555675	167.483333	0.0	0.0
0.554700	198.011673185	167.405556	0.0	0.0
0.558600	200.972870517	167.255556	0.0	0.0
0.562500	203.736816299	167.155556	0.0	0.0
0.566400	206.624617329	167.055556	0.0	0.0
0.570300	209.439688238	166.972222	0.0	0.0
0.574200	212.368317822	166.844444	0.0	0.0
0.578100	215.207884464	166.716667	0.0	0.0
0.582000	218.135317663	166.622222	0.0	0.0
0.585900	221.040298199	166.550000	0.0	0.0
0.589800	223.892504147	166.522222	0.0	0.0
0.593800	226.867097597	166.427778	0.0	0.0
0.597700	229.989304612	166.327778	0.0	0.0
0.601600	233.074989062	166.161111	0.0	0.0
0.605500	236.106700584	166.033333	0.0	0.0
0.609400	239.142706099	165.927778	0.0	0.0
0.613300	242.554468586	165.811111	0.0	0.0
0.617200	245.711960195	165.688889	0.0	0.0
0.621100	248.763357167	165.566667	0.0	0.0
0.625000	251.703962188	165.472222	0.0	0.0
0.628900	254.920239547	165.350000	0.0	0.0
0.632800	257.959690508	165.255556	0.0	0.0
0.636700	261.015551525	165.194444	0.0	0.0
0.640600	264.206060145	165.116667	0.0	0.0
0.644500	267.398639978	165.022222	0.0	0.0
0.648400	270.765799406	164.900000	0.0	0.0
0.652300	273.822555221	164.800000	0.0	0.0
0.656300	277.208822489	164.688889	0.0	0.0
0.660200	280.423490429	164.588889	0.0	0.0
0.664100	283.964234958	164.533333	0.0	0.0
0.668000	287.364385130	164.472222	0.0	0.0
0.671900	290.655261074	164.361111	0.0	0.0
0.675800	293.832429185	164.216667	0.0	0.0
0.679700	297.138551308	164.105556	0.0	0.0
0.683600	300.923668561	163.922222	0.0	0.0
0.687500	304.328124118	163.811111	0.0	0.0
0.691400	307.574182852	163.744444	0.0	0.0
0.695300	310.437713568	163.761111	0.0	0.0
0.699200	313.508646633	163.661111	0.0	0.0
0.703100	317.096896123	163.494444	0.0	0.0
0.707000	320.706479054	163.316667	0.0	0.0
0.710900	324.856447138	163.261111	0.0	0.0
0.714800	328.493577396	163.194444	0.0	0.0
0.718800	332.052890677	163.100000	0.0	0.0
0.722700	335.365473389	162.961111	0.0	0.0
0.726600	339.255080355	162.872222	0.0	0.0
0.730500	342.972537634	162.805556	0.0	0.0
0.734400	346.888416744	162.733333	0.0	0.0
0.738300	350.447956547	162.583333	0.0	0.0
0.742200	354.296091888	162.461111	0.0	0.0
0.746100	358.075079752	162.327778	0.0	0.0
0.750000	361.828310342	162.261111	0.0	0.0
0.753900	365.811626109	162.205556	0.0	0.0
0.757800	369.653459300	162.088889	0.0	0.0
0.761700	373.444189297	161.966667	0.0	0.0
0.765600	376.964569762	161.850000	0.0	0.0
0.769500	380.936705255	161.766667	0.0	0.0
0.773400	384.684793853	161.711111	0.0	0.0
0.777300	388.648819373	161.622222	0.0	0.0
0.781300	392.834941836	161.516667	0.0	0.0
0.785200	396.868065964	161.400000	0.0	0.0
0.789100	400.794618770	161.272222	0.0	0.0
0.793000	404.610829976	161.211111	0.0	0.0
0.796900	408.757231261	161.094444	0.0	0.0
0.800800	413.032001478	160.966667	0.0	0.0
0.804700	416.984817219	160.838889	0.0	0.0
0.808600	420.713434317	160.727778	0.0	0.0
0.812500	424.455643431	160.661111	0.0	0.0
0.816400	428.375770240	160.538889	0.0	0.0
0.820300	432.699657620	160.450000	0.0	0.0
0.824200	436.935629158	160.333333	0.0	0.0
0.828100	441.136877104	160.200000	0.0	0.0
0.832000	445.074000766	160.044444	0.0	0.0
0.835900	449.285084650	159.938889	0.0	0.0
0.839800	453.487260546	159.888889	0.0	0.0
0.843800	457.963938502	159.833333	0.0	0.0
0.847700	461.616209291	159.672222	0.0	0.0
0.851600	465.903279346	159.583333	0.0	0.0
0.855500	470.120223542	159.438889	0.0	0.0
0.859400	474.993189494	159.422222	0.0	0.0
0.863300	479.651405487	159.322222	0.0	0.0
0.867200	483.747301873	159.222222	0.0	0.0
0.871100	487.889644619	159.138889	0.0	0.0
0.875000	492.110679628	159.038889	0.0	0.0
0.878900	496.729619590	158.961111	0.0	0.0
0.882800	501.243911947	158.827778	0.0	0.0
0.886700	505.682446814	158.711111	0.0	0.0
0.890600	510.042669408	158.627778	0.0	0.0
0.894500	514.420757916	158.522222	0.0	0.0
0.898400	519.082240522	158.444444	0.0	0.0
0.902300	523.431325257	158.244444	0.0	0.0
0.906300	528.352756234	158.177778	0.0	0.0
0.910200	532.466842233	158.055556	0.0	0.0
0.914100	537.520723954	158.027778	0.0	0.0
0.918000	541.874498743	157.950000	0.0	0.0
0.921900	546.628274248	157.844444	0.0	0.0
0.925800	550.840014879	157.750000	0.0	0.0
0.929700	555.419642809	157.633333	0.0	0.0
0.933600	559.981817323	157.538889	0.0	0.0
0.937500	564.706218453	157.433333	0.0	0.0
0.941400	569.123060193	157.327778	0.0	0.0
0.945300	573.848315206	157.222222	0.0	0.0
0.949200	578.556099347	157.133333	0.0	0.0
0.953100	583.394743859	157.011111	0.0	0.0
0.957000	588.103674493	156.927778	0.0	0.0
0.960900	592.906762933	156.816667	0.0	0.0
0.964800	597.538259909	156.744444	0.0	0.0
0.968800	602.503242810	156.633333	0.0	0.0
0.972700	607.402727819	156.527778	0.0	0.0
0.976600	612.165729072	156.433333	0.0	0.0
0.980500	616.788580597	156.377778	0.0	0.0
0.984400	621.864048110	156.261111	0.0	0.0
0.988300	626.761126587	156.133333	0.0	0.0
0.992200	631.838725728	155.994444	0.0	0.0
0.996100	636.408391566	155.883333	0.0	0.0
1.000000	641.647762265	155.816667	0.0	0.0
1.003900	646.786469107	155.705556	0.0	0.0
1.007800	651.988351274	155.633333	0.0	0.0
1.011700	656.750155064	155.511111	0.0	0.0
1.015600	661.738667900	155.416667	0.0	0.0
1.019500	666.617483499	155.350000	0.0	0.0
1.023400	672.028218188	155.261111	0.0	0.0
1.027300	677.376536487	155.150000	0.0	0.0
1.031300	682.792813944	155.033333	0.0	0.0
1.035200	688.186773915	154.916667	0.0	0.0
1.039100	693.914269151	154.816667	0.0	0.0
1.043000	699.311799917	154.738889	0.0	0.0
1.046900	704.461208749	154.661111	0.0	0.0
1.050800	709.220461301	154.533333	0.0	0.0
1.054700	714.266253209	154.416667	0.0	0.0
1.058600	719.926634537	154.300000	0.0	0.0
1.062500	725.472956949	154.244444	0.0	0.0
1.066400	730.855300925	154.144444	0.0	0.0
1.070300	736.210791823	154.016667	0.0	0.0
1.074200	741.301293402	153.950000	0.0	0.0
1.078100	746.646057238	153.861111	0.0	0.0
1.082000	751.865391169	153.766667	0.0	0.0
1.085900	757.537485479	153.622222	0.0	0.0
1.089800	762.939835100	153.516667	0.0	0.0
1.093800	768.255813700	153.444444	0.0	0.0
1.097700	773.744091670	153.322222	0.0	0.0
1.101600	778.703839930	153.261111	0.0	0.0
1.105500	784.277459558	153.166667	0.0	0.0
1.109400	789.820792576	153.088889	0.0	0.0
1.113300	795.688945347	152.966667	0.0	0.0
1.117200	800.709912105	152.850000	0.0	0.0
1.121100	806.567920159	152.711111	0.0	0.0
1.125000	812.293241902	152.583333	0.0	0.0
1.128900	818.144193190	152.494444	0.0	0.0
1.132800	823.543413267	152.422222	0.0	0.0
1.136700	829.329841789	152.322222	0.0	0.0
1.140600	835.030439920	152.244444	0.0	0.0
1.144500	840.481731248	152.133333	0.0	0.0
1.148400	846.057185650	152.072222	0.0	0.0
1.152300	851.976876575	151.911111	0.0	0.0
1.156300	858.066740516	151.833333	0.0	0.0
1.160200	863.643738109	151.694444	0.0	0.0
1.164100	869.348540097	151.627778	0.0	0.0
1.168000	875.183328709	151.533333	0.0	0.0
1.171900	880.755918644	151.438889	0.0	0.0
1.175800	886.627859449	151.333333	0.0	0.0
1.179700	892.690584096	151.200000	0.0	0.0
1.183600	899.120103292	151.133333	0.0	0.0
1.187500	905.402518859	151.038889	0.0	0.0
1.191400	911.767479145	150.972222	0.0	0.0
1.195300	917.159708210	150.833333	0.0	0.0
1.199200	922.682207328	150.716667	0.0	0.0
1.203100	928.515218935	150.600000	0.0	0.0
1.207000	934.126448388	150.483333	0.0	0.0
1.210900	939.812073926	150.388889	0.0	0.0
1.214800	944.908125989	150.272222	0.0	0.0
1.218800	951.566957141	150.155556	0.0	0.0
1.222700	958.156628591	150.072222	0.0	0.0
1.226600	964.957442910	150.016667	0.0	0.0
1.230500	971.103402190	149.944444	0.0	0.0
1.234400	976.706472361	149.805556	0.0	0.0
1.238300	982.259431739	149.716667	0.0	0.0
1.242200	988.582838942	149.616667	0.0	0.0
1.246100	994.545595228	149.533333	0.0	0.0
1.250000	1001.228899703	149.422222	0.0	0.0
1.253900	1007.421876933	149.300000	0.0	0.0
1.257800	1012.985428321	149.238889	0.0	0.0
1.261700	1019.798680452	149.150000	0.0	0.0
1.265600	1026.375514841	149.061111	0.0	0.0
1.269500	1033.173374324	148.916667	0.0	0.0
1.273400	1039.863597354	148.883333	0.0	0.0
1.277300	1045.172715698	148.766667	0.0	0.0
1.281300	1051.056625210	148.650000	0.0	0.0
1.285200	1056.585835893	148.472222	0.0	0.0
1.289100	1063.620177317	148.350000	0.0	0.0
1.293000	1070.818722707	148.294444	0.0	0.0
1.296900	1077.219258120	148.183333	0.0	0.0
1.300800	1084.262423933	148.116667	0.0	0.0
1.304700	1090.703979453	148.011111	0.0	0.0
1.308600	1097.094023640	147.905556	0.0	0.0
1.312500	1102.655257676	147.783333	0.0	0.0
1.316400	1108.225111775	147.677778	0.0	0.0
1.320300	1118.229176276	147.644444	0.0	0.0
1.324200	1124.917097870	147.500000	0.0	0.0
1.328100	1133.798857912	147.388889	0.0	0.0
1.332000	1137.407911577	147.216667	0.0	0.0
1.335900	1144.151337461	147.133333	0.0	0.0
1.339800	1150.547117476	147.072222	0.0	0.0
1.343800	1158.167871458	146.988889	0.0	0.0
1.347700	1165.421808441	147.005556	0.0	0.0
1.351600	1172.026670804	146.833333	0.0	0.0
1.355500	1177.895707039	146.738889	0.0	0.0
1.359400	1183.396019315	146.594444	0.0	0.0
1.363300	1190.728878932	146.505556	0.0	0.0
1.367200	1197.934315382	146.366667	0.0	0.0
1.371100	1205.240826430	146.244444	0.0	0.0
1.375000	1211.486968640	146.200000	0.0	0.0
1.378900	1218.135389378	146.122222	0.0	0.0
1.382800	1224.565704811	146.005556	0.0	0.0
1.386700	1231.089119242	145.905556	0.0	0.0
1.390600	1238.181946548	145.788889	0.0	0.0
1.394500	1245.216401276	145.722222	0.0	0.0
1.398400	1252.832029604	145.583333	0.0	0.0
1.402300	1258.460715985	145.483333	0.0	0.0
1.406300	1265.488471405	145.344444	0.0	0.0
1.410200	1271.134300713	145.294444	0.0	0.0
1.414100	1278.992623322	145.200000	0.0	0.0
1.418000	1285.892612414	145.105556	0.0	0.0
1.421900	1293.058357943	144.966667	0.0	0.0
1.425800	1299.995001803	144.883333	0.0	0.0
1.429700	1307.367334092	144.788889	0.0	0.0
1.433600	1315.014211822	144.700000	0.0	0.0
1.437500	1322.770841439	144.588889	0.0	0.0
1.441400	1329.787928235	144.455556	0.0	0.0
1.445300	1337.421328813	144.327778	0.0	0.0
1.449200	1344.390877808	144.250000	0.0	0.0
1.453100	1351.031476335	144.150000	0.0	0.0
1.457000	1357.424825351	144.061111	0.0	0.0
1.460900	1364.003359411	143.916667	0.0	0.0
1.464800	1371.120325335	143.855556	0.0	0.0
1.468800	1378.795284684	143.772222	0.0	0.0
1.472700	1385.595195452	143.688889	0.0	0.0
1.476600	1393.745644772	143.583333	0.0	0.0
1.480500	1400.580101545	143.466667	0.0	0.0
1.484400	1408.329028039	143.372222	0.0	0.0
1.488300	1415.829577842	143.277778	0.0	0.0
1.492200	1423.350526800	143.183333	0.0	0.0
1.496100	1430.891878736	143.072222	0.0	0.0
1.500000	1438.177650461	142.950000	0.0	0.0
1.503900	1445.111207975	142.827778	0.0	0.0
1.507800	1451.965790612	142.694444	0.0	0.0
1.511700	1457.247992527	142.544444	0.0	0.0
1.515600	1464.308366860	142.494444	0.0	0.0
1.519500	1472.042385338	142.400000	0.0	0.0
1.523400	1481.123433623	142.338889	0.0	0.0
1.527300	1489.383364173	142.238889	0.0	0.0
1.531300	1496.811975157	142.166667	0.0	0.0
1.535200	1503.772585006	142.055556	0.0	0.0
1.539100	1509.780089385	141.933333	0.0	0.0
1.543000	1517.150051386	141.816667	0.0	0.0
1.546900	1523.756626794	141.711111	0.0	0.0
1.550800	1531.645533136	141.605556	0.0	0.0
1.554700	1540.343778951	141.477778	0.0	0.0
1.558600	1548.972849899	141.394444	0.0	0.0
1.562500	1557.431514151	141.316667	0.0	0.0
1.566400	1565.816704172	141.238889	0.0	0.0
1.570300	1573.623506156	141.138889	0.0	0.0
1.574200	1581.247432922	141.050000	0.0	0.0
1.578100	1588.075988158	140.938889	0.0	0.0
1.582000	1595.832921251	140.816667	0.0	0.0
1.585900	1603.095493809	140.700000	0.0	0.0
1.589800	1610.268643150	140.611111	0.0	0.0
1.593800	1617.450489341	140.533333	0.0	0.0
1.597700	1625.168011774	140.505556	0.0	0.0
1.601600	1631.650079685	140.338889	0.0	0.0
1.605500	1637.929035103	140.244444	0.0	0.0
1.609400	1644.212748939	140.072222	0.0	0.0
1.613300	1650.501185139	140.005556	0.0	0.0
1.617200	1656.052685739	139.855556	0.0	0.0
1.621100	1661.178477108	139.777778	0.0	0.0
1.625000	1665.981142713	139.683333	0.0	0.0
1.628900	1668.962742561	139.566667	0.0	0.0
1.632800	1672.893227515	139.500000	0.0	0.0
1.636700	1674.563094092	139.433333	0.0	0.0
1.640600	1675.250962849	139.338889	0.0	0.0
1.644500	1674.420142208	139.211111	0.0	0.0
1.648400	1672.500823053	139.072222	0.0	0.0
1.652300	1672.061578359	138.972222	0.0	0.0
1.656300	1669.775256017	138.872222	0.0	0.0
1.660200	1666.205693618	138.772222	0.0	0.0
1.664100	1660.075145615	138.672222	0.0	0.0
1.668000	1651.517656239	138.572222	0.0	0.0
1.671900	1644.458186228	138.472222	0.0	0.0
1.675800	1636.259448172	138.372222	0.0	0.0
1.679700	1629.021420837	138.272222	0.0	0.0
1.683600	1613.520613749	138.172222	0.0	0.0
1.687500	1599.991149603	138.072222	0.0	0.0
1.691400	1586.050876594	137.972222	0.0	0.0
1.695300	1575.436558380	137.872222	0.0	0.0
1.699200	1559.481141396	137.772222	0.0	0.0
1.703100	1540.022201776	137.672222	0.0	0.0
1.707000	1518.166072761	137.572222	0.0	0.0
1.710900	1496.221656964	137.472222	0.0	0.0
1.714800	1479.302417632	137.372222	0.0	0.0
1.718800	1461.046508318	137.272222	0.0	0.0
1.722700	1439.974761732	137.172222	0.0	0.0
1.726600	1408.071154195	137.072222	0.0	0.0
1.730500	1377.212647594	136.972222	0.0	0.0
1.734400	1351.504312896	136.872222	0.0	0.0
1.738300	1328.554814871	136.772222	0.0	0.0
1.742200	1299.732006971	136.672222	0.0	0.0
1.746100	1267.786199077	136.572222	0.0	0.0
1.750000	1238.037764789	136.472222	0.0	0.0
1.753900	1207.198153316	136.372222	0.0	0.0
1.757800	1175.911108848	136.272222	0.0	0.0
1.761700	1144.178877388	136.172222	0.0	0.0
1.765600	1115.572990778	136.072222	0.0	0.0
1.769500	1081.221030964	135.972222	0.0	0.0
1.773400	1047.447620463	135.872222	0.0	0.0
1.777300	1014.849165921	135.772222	0.0	0.0
1.781300	981.606637753	135.672222	0.0	0.0
1.785200	935.832703931	135.572222	0.0	0.0
1.789100	901.073795301	135.472222	0.0	0.0
1.793000	871.267887764	135.372222	0.0	0.0
1.796900	843.734120923	135.272222	0.0	0.0
1.800800	808.847293973	135.172222	0.0	0.0
1.804700	767.550078914	135.072222	0.0	0.0
1.808600	738.675949766	134.972222	0.0	0.0
1.812500	706.665396505	134.872222	0.0	0.0
1.816400	676.425031386	134.772222	0.0	0.0
1.820300	643.962236404	134.672222	0.0	0.0
1.824200	611.837414800	134.572222	0.0	0.0
1.828100	582.314617960	134.472222	0.0	0.0
1.832000	549.481630440	134.372222	0.0	0.0
1.835900	513.971658978	134.272222	0.0	0.0
1.839800	485.448841062	134.172222	0.0	0.0
1.843800	458.525184384	134.072222	0.0	0.0
1.847700	432.988406758	133.972222	0.0	0.0
1.851600	405.173495565	133.872222	0.0	0.0
1.855500	376.917567061	133.772222	0.0	0.0
1.859400	351.392378172	133.672222	0.0	0.0
1.863300	321.428568517	133.572222	0.0	0.0
1.867200	298.012113138	133.472222	0.0	0.0
1.871100	275.117653900	133.372222	0.0	0.0
1.875000	253.817434655	133.272222	0.0	0.0
1.878900	233.297224670	133.172222	0.0	0.0
1.882800	214.914725968	133.072222	0.0	0.0
1.886700	201.376105904	132.972222	0.0	0.0
1.890600	183.828421408	132.872222	0.0	0.0
1.894500	164.177516186	132.772222	0.0	0.0
1.898400	144.808600608	132.672222	0.0	0.0
1.902300	134.601265870	132.572222	0.0	0.0
1.906300	123.645746168	132.472222	0.0	0.0
1.910200	111.125947406	132.372222	0.0	0.0
1.914100	93.985155404	132.272222	0.0	0.0
1.918000	82.846023455	132.172222	0.0	0.0
1.921900	73.190160918	132.072222	0.0	0.0
1.925800	65.132361782	131.972222	0.0	0.0
1.929700	54.915247385	131.872222	0.0	0.0
1.933600	47.536801699	131.772222	0.0	0.0
1.937500	40.253892657	131.672222	0.0	0.0
1.941400	35.756917125	131.572222	0.0	0.0
1.945300	29.714217780	131.472222	0.0	0.0
1.949200	25.096930069	131.372222	0.0	0.0
1.953100	20.707827231	131.272222	0.0	0.0
1.957000	17.632409711	131.172222	0.0	0.0
1.960900	14.458533438	131.072222	0.0	0.0
1.964800	11.506238795	130.972222	0.0	0.0
1.968800	8.864297635	130.872222	0.0	0.0
1.972700	6.692026654	130.772222	0.0	0.0
1.976600	5.139724276	130.672222	0.0	0.0
1.980500	3.853420269	130.572222	0.0	0.0
1.984400	2.755283122	130.472222	0.0	0.0
1.988300	1.968059784	130.372222	0.0	0.0
1.992200	1.254958089	130.272222	0.0	0.0
1.996100	1.087941937	130.172222	0.0	0.0
