#-----------------------------------------------------
#| CPUP.BB.1019520000 - Current Response File for CPUPB - velocimeter
#| Valid between 2002140/20 May - 2005279/06 Oct and
#| From 2010107/17 Apr to current
#+------------------------------------------------------
# UNCLASSIFIED
#
# Response info for CPUP broadband site.
#
# Effective: 20 May 2002 to 06 Oct 2005 and 17 Apr 2010 to current
# Created: 26 Apr 2010
# File name: cpup_bb_response_2010107.txt
# Inid:
# Source: James Neely (TTD)
# System equipment: KS54000-0102 velocity seismometer and AIM24S-3 digitizer.
#
# This nominal response file is the average amplitude and phase of the RB
# calibrations.
#
# Displacement response relative to 1.0 at 1.0 Hz. The nominal calib values for
# this configuration are as follows:
#
# CPUPB BHZ is 0.020238 nm/count at 1.0 Hz. 2002140/20 May (CPUP.BB.1019520000)
# CPUPB BHN is 0.020238 nm/count at 1.0 Hz. 2002140/20 May (CPUP.BB.1019520000)
# CPUPB BHE is 0.020238 nm/count at 1.0 Hz. 2002140/20 May (CPUP.BB.1019520000)
#
#--------------------------------------------------------------------------------
# CPUP BB instrument was an accelerometer between 2005279/06 Oct to 2010070/11 Mar
# and has different FAP file and calibs during those times (CPUP.BB.1128627244).
#--------------------------------------------------------------------------------
#
# CPUPB BHZ is 0.020238 nm/count at 1.0 Hz. 2010107/17 Apr
# CPUPB BHN is 0.020238 nm/count at 1.0 Hz. 2010107/17 Apr
# CPUPB BHE is 0.020238 nm/count at 1.0 Hz. 2010107/17 Apr
#
# Freq(Hz) Ampl(counts/nm) Phase(deg) Error(amp) Error(phase)
#
theoretical 0 system fap J.Neely
2047
0.009800 0.005348427 150.000000 0.0 0.0
0.019500 0.015382772 130.000000 0.0 0.0
0.029300 0.025705987 118.233333 0.0 0.0
0.039100 0.036813753 112.333333 0.0 0.0
0.048800 0.047034856 107.700000 0.0 0.0
0.058600 0.057574603 103.433333 0.0 0.0
0.068400 0.067048557 100.366667 0.0 0.0
0.078100 0.077294935 98.466667 0.0 0.0
0.087900 0.087161001 97.866667 0.0 0.0
0.097700 0.097587583 97.100000 0.0 0.0
0.107400 0.107441224 96.266667 0.0 0.0
0.117200 0.118239054 95.681667 0.0 0.0
0.127000 0.128175117 95.096667 0.0 0.0
0.136700 0.137541951 94.511667 0.0 0.0
0.146500 0.147742108 93.926667 0.0 0.0
0.156300 0.157988561 93.341667 0.0 0.0
0.166000 0.168000000 92.756667 0.0 0.0
0.175800 0.177358580 92.171667 0.0 0.0
0.185500 0.185000000 91.786667 0.0 0.0
0.195300 0.195000000 91.401667 0.0 0.0
0.205100 0.204000000 91.016667 0.0 0.0
0.214800 0.215000000 90.631667 0.0 0.0
0.224600 0.225000000 90.246667 0.0 0.0
0.234400 0.235210989 89.861667 0.0 0.0
0.244100 0.244756619 89.476667 0.0 0.0
0.253900 0.254680700 89.091667 0.0 0.0
0.263700 0.264003771 88.706667 0.0 0.0
0.273400 0.274030252 88.321667 0.0 0.0
0.283200 0.282657111 87.936667 0.0 0.0
0.293000 0.290313760 87.551667 0.0 0.0
0.302700 0.301000000 87.166667 0.0 0.0
0.312500 0.311542061 86.781667 0.0 0.0
0.322300 0.322000000 85.766667 0.0 0.0
0.332000 0.335000000 85.650000 0.0 0.0
0.341800 0.343641330 85.500000 0.0 0.0
0.351600 0.353222912 85.366667 0.0 0.0
0.361300 0.362271883 85.300000 0.0 0.0
0.371100 0.371670097 85.133333 0.0 0.0
0.380900 0.381046204 84.966667 0.0 0.0
0.390600 0.390300318 84.733333 0.0 0.0
0.400400 0.401169033 84.566667 0.0 0.0
0.410200 0.410357450 84.300000 0.0 0.0
0.419900 0.419738888 84.133333 0.0 0.0
0.429700 0.428711717 83.900000 0.0 0.0
0.439500 0.439837458 83.633333 0.0 0.0
0.449200 0.449544906 83.433333 0.0 0.0
0.459000 0.459352431 83.300000 0.0 0.0
0.468800 0.469700407 83.100000 0.0 0.0
0.478500 0.479603056 82.700000 0.0 0.0
0.488300 0.491496079 82.200000 0.0 0.0
0.498000 0.500298664 82.000000 0.0 0.0
0.507800 0.510535599 81.800000 0.0 0.0
0.517600 0.519191533 81.733333 0.0 0.0
0.527300 0.529937238 81.500000 0.0 0.0
0.537100 0.538751492 81.333333 0.0 0.0
0.546900 0.547530004 81.233333 0.0 0.0
0.556600 0.556386438 80.900000 0.0 0.0
0.566400 0.565748283 80.633333 0.0 0.0
0.576200 0.576200000 80.366667 0.0 0.0
0.585900 0.586800080 80.266667 0.0 0.0
0.595700 0.596844139 80.000000 0.0 0.0
0.605500 0.605035440 79.933333 0.0 0.0
0.615200 0.614727998 79.733333 0.0 0.0
0.625000 0.626200414 79.533333 0.0 0.0
0.634800 0.637240816 79.200000 0.0 0.0
0.644500 0.647226447 79.000000 0.0 0.0
0.654300 0.656060041 78.733333 0.0 0.0
0.664100 0.665630909 78.533333 0.0 0.0
0.673800 0.675094143 78.300000 0.0 0.0
0.683600 0.684124884 78.200000 0.0 0.0
0.693400 0.694198766 78.033333 0.0 0.0
0.703100 0.703639856 77.800000 0.0 0.0
0.712900 0.713447381 77.566667 0.0 0.0
0.722700 0.722977400 77.333333 0.0 0.0
0.732400 0.732962354 77.233333 0.0 0.0
0.742200 0.743054981 77.000000 0.0 0.0
0.752000 0.753155249 76.866667 0.0 0.0
0.761700 0.762870151 76.666667 0.0 0.0
0.771500 0.772981792 76.433333 0.0 0.0
0.781300 0.783101083 76.166667 0.0 0.0
0.791000 0.792519244 75.966667 0.0 0.0
0.800800 0.802030217 75.800000 0.0 0.0
0.810500 0.810500000 75.600000 0.0 0.0
0.820300 0.820614862 75.433333 0.0 0.0
0.830100 0.830418624 75.200000 0.0 0.0
0.839800 0.840767412 75.000000 0.0 0.0
0.849600 0.850578701 74.766667 0.0 0.0
0.859400 0.860389991 74.600000 0.0 0.0
0.869100 0.869767315 74.433333 0.0 0.0
0.878900 0.880250197 74.166667 0.0 0.0
0.888700 0.888700000 73.966667 0.0 0.0
0.898400 0.898744840 73.766667 0.0 0.0
0.908200 0.908200000 73.533333 0.0 0.0
0.918000 0.918000000 73.400000 0.0 0.0
0.927700 0.927700000 73.200000 0.0 0.0
0.937500 0.937859848 73.000000 0.0 0.0
0.947300 0.947663610 72.800000 0.0 0.0
0.957000 0.957734807 72.633333 0.0 0.0
0.966800 0.967542331 72.433333 0.0 0.0
0.976600 0.977349856 72.233333 0.0 0.0
0.986300 0.986678579 72.066667 0.0 0.0
0.996100 0.996100000 71.833333 0.0 0.0
1.005900 1.005900000 71.666667 0.0 0.0
1.015600 1.015600000 71.433333 0.0 0.0
1.025400 1.025400000 71.233333 0.0 0.0
1.035200 1.035597349 71.033333 0.0 0.0
1.044900 1.045301072 70.833333 0.0 0.0
1.054700 1.055104834 70.666667 0.0 0.0
1.064500 1.064091561 70.466667 0.0 0.0
1.074200 1.074200000 70.266667 0.0 0.0
1.084000 1.082752717 70.033333 0.0 0.0
1.093800 1.092541441 69.833333 0.0 0.0
1.103500 1.102653357 69.633333 0.0 0.0
1.113300 1.112872837 69.466667 0.0 0.0
1.123000 1.123000000 69.300000 0.0 0.0
1.132800 1.131930877 69.133333 0.0 0.0
1.142600 1.141723359 68.933333 0.0 0.0
1.152300 1.150532511 68.666667 0.0 0.0
1.162100 1.161654113 68.500000 0.0 0.0
1.171900 1.171450353 68.366667 0.0 0.0
1.181600 1.181600000 68.166667 0.0 0.0
1.191400 1.190485918 67.933333 0.0 0.0
1.201200 1.200278399 67.666667 0.0 0.0
1.210900 1.209970956 67.466667 0.0 0.0
1.220700 1.219295426 67.266667 0.0 0.0
1.230500 1.229084150 67.100000 0.0 0.0
1.240200 1.238772989 66.900000 0.0 0.0
1.250000 1.248561712 66.700000 0.0 0.0
1.259800 1.258350436 66.533333 0.0 0.0
1.269500 1.267552740 66.333333 0.0 0.0
1.279300 1.276847606 66.166667 0.0 0.0
1.289100 1.286628820 65.933333 0.0 0.0
1.298800 1.296310225 65.733333 0.0 0.0
1.308600 1.306091438 65.533333 0.0 0.0
1.318400 1.315872652 65.333333 0.0 0.0
1.328100 1.325554057 65.133333 0.0 0.0
1.337900 1.335847823 64.933333 0.0 0.0
1.347700 1.345632791 64.733333 0.0 0.0
1.357400 1.355317912 64.533333 0.0 0.0
1.367200 1.364579103 64.300000 0.0 0.0
1.377000 1.374360317 64.133333 0.0 0.0
1.386700 1.384041722 63.966667 0.0 0.0
1.396500 1.393822936 63.833333 0.0 0.0
1.406300 1.403604149 63.566667 0.0 0.0
1.416000 1.413285555 63.366667 0.0 0.0
1.425800 1.421429345 63.133333 0.0 0.0
1.435500 1.431099610 62.933333 0.0 0.0
1.445300 1.440869569 62.766667 0.0 0.0
1.455100 1.450639528 62.566667 0.0 0.0
1.464800 1.460309794 62.333333 0.0 0.0
1.474600 1.470079753 62.133333 0.0 0.0
1.484400 1.479849712 61.933333 0.0 0.0
1.494100 1.489519978 61.733333 0.0 0.0
1.503900 1.498139631 61.566667 0.0 0.0
1.513700 1.508480884 61.366667 0.0 0.0
1.523400 1.518730161 61.166667 0.0 0.0
1.533200 1.528500120 60.966667 0.0 0.0
1.543000 1.537679860 60.766667 0.0 0.0
1.552700 1.546752713 60.566667 0.0 0.0
1.562500 1.556515176 60.366667 0.0 0.0
1.572300 1.565075938 60.166667 0.0 0.0
1.582000 1.574731370 59.966667 0.0 0.0
1.591800 1.583878391 59.766667 0.0 0.0
1.601600 1.594241316 59.566667 0.0 0.0
1.611300 1.603896749 59.366667 0.0 0.0
1.621100 1.613651722 59.166667 0.0 0.0
1.630900 1.623406695 58.966667 0.0 0.0
1.640600 1.633062128 58.766667 0.0 0.0
1.650400 1.642186767 58.566667 0.0 0.0
1.660200 1.651304165 58.400000 0.0 0.0
1.669900 1.660952189 58.200000 0.0 0.0
1.679700 1.670058646 57.966667 0.0 0.0
1.689500 1.679802395 57.766667 0.0 0.0
1.699200 1.688798493 57.566667 0.0 0.0
1.709000 1.697886790 57.433333 0.0 0.0
1.718800 1.708278513 57.233333 0.0 0.0
1.728500 1.717259986 56.966667 0.0 0.0
1.738300 1.727659146 56.766667 0.0 0.0
1.748000 1.737299768 56.566667 0.0 0.0
1.757800 1.747039778 56.366667 0.0 0.0
1.767600 1.756779788 56.166667 0.0 0.0
1.777300 1.765742652 55.966667 0.0 0.0
1.787100 1.775478925 55.766667 0.0 0.0
1.796900 1.785215198 55.566667 0.0 0.0
1.806600 1.794852121 55.366667 0.0 0.0
1.816400 1.803203852 55.166667 0.0 0.0
1.826200 1.812932655 54.966667 0.0 0.0
1.835900 1.821862885 54.766667 0.0 0.0
1.845700 1.831587955 54.566667 0.0 0.0
1.855500 1.841313025 54.366667 0.0 0.0
1.865200 1.849518757 54.166667 0.0 0.0
1.875000 1.859236366 53.933333 0.0 0.0
1.884800 1.870389000 53.733333 0.0 0.0
1.894500 1.879293491 53.566667 0.0 0.0
1.904300 1.888290033 53.333333 0.0 0.0
1.914100 1.896551426 53.133333 0.0 0.0
1.923800 1.906162496 52.933333 0.0 0.0
1.933600 1.915872649 52.733333 0.0 0.0
1.943400 1.925582802 52.533333 0.0 0.0
1.953100 1.934451356 52.300000 0.0 0.0
1.962900 1.946397367 52.100000 0.0 0.0
1.972700 1.956114975 51.900000 0.0 0.0
1.982400 1.965733425 51.700000 0.0 0.0
1.992200 1.973178020 51.500000 0.0 0.0
2.002000 1.982884448 51.300000 0.0 0.0
2.011700 1.990963123 51.100000 0.0 0.0
2.021500 1.999894468 50.933333 0.0 0.0
2.031300 2.008047901 50.733333 0.0 0.0
2.041000 2.019186054 50.533333 0.0 0.0
2.050800 2.027324687 50.300000 0.0 0.0
2.060500 2.037695496 50.100000 0.0 0.0
2.070300 2.045816210 49.866667 0.0 0.0
2.080100 2.055500313 49.633333 0.0 0.0
2.089800 2.064293245 49.433333 0.0 0.0
2.099600 2.076362758 49.266667 0.0 0.0
2.109400 2.086054297 49.066667 0.0 0.0
2.119100 2.095646943 48.866667 0.0 0.0
2.128900 2.102916016 48.633333 0.0 0.0
2.138700 2.110975548 48.433333 0.0 0.0
2.148400 2.119736170 48.233333 0.0 0.0
2.158200 2.129405419 47.966667 0.0 0.0
2.168000 2.139895725 47.766667 0.0 0.0
2.177700 2.148645251 47.600000 0.0 0.0
2.187500 2.157486375 47.433333 0.0 0.0
2.197300 2.167151914 47.233333 0.0 0.0
2.207000 2.175048772 46.966667 0.0 0.0
2.216800 2.184706896 46.766667 0.0 0.0
2.226600 2.194365019 46.533333 0.0 0.0
2.236300 2.203924590 46.333333 0.0 0.0
2.246100 2.213582713 46.166667 0.0 0.0
2.255900 2.221535090 45.966667 0.0 0.0
2.265600 2.229375561 45.766667 0.0 0.0
2.275400 2.239018870 45.533333 0.0 0.0
2.285200 2.248662179 45.333333 0.0 0.0
2.294900 2.258207087 45.066667 0.0 0.0
2.304700 2.267850395 44.866667 0.0 0.0
2.314500 2.277493704 44.666667 0.0 0.0
2.324200 2.287038612 44.500000 0.0 0.0
2.334000 2.294919829 44.266667 0.0 0.0
2.343800 2.304555739 44.066667 0.0 0.0
2.353500 2.313205428 43.866667 0.0 0.0
2.363300 2.321946390 43.666667 0.0 0.0
2.373000 2.328793990 43.466667 0.0 0.0
2.382800 2.337514201 43.266667 0.0 0.0
2.392600 2.347127950 43.066667 0.0 0.0
2.402300 2.356643598 42.800000 0.0 0.0
2.412100 2.366257347 42.633333 0.0 0.0
2.421900 2.376783044 42.366667 0.0 0.0
2.431600 2.385386743 42.200000 0.0 0.0
2.441400 2.394081553 42.000000 0.0 0.0
2.451200 2.400925852 41.766667 0.0 0.0
2.460900 2.408577544 41.566667 0.0 0.0
2.470700 2.418169181 41.366667 0.0 0.0
2.480500 2.427760818 41.166667 0.0 0.0
2.490200 2.435384637 40.933333 0.0 0.0
2.500000 2.444030804 40.700000 0.0 0.0
2.509800 2.453611405 40.500000 0.0 0.0
2.519500 2.461204475 40.266667 0.0 0.0
2.529300 2.469829711 40.066667 0.0 0.0
2.539100 2.477497009 39.833333 0.0 0.0
2.548800 2.486961670 39.666667 0.0 0.0
2.558600 2.496523905 39.466667 0.0 0.0
2.568400 2.506086140 39.266667 0.0 0.0
2.578100 2.513620785 39.033333 0.0 0.0
2.587900 2.522207565 38.766667 0.0 0.0
2.597700 2.531758797 38.566667 0.0 0.0
2.607400 2.543163769 38.366667 0.0 0.0
2.617200 2.550763800 38.200000 0.0 0.0
2.627000 2.560315033 37.966667 0.0 0.0
2.636700 2.563858499 37.766667 0.0 0.0
2.646500 2.573387764 37.466667 0.0 0.0
2.656300 2.579945047 37.266667 0.0 0.0
2.666000 2.589366222 37.066667 0.0 0.0
2.675800 2.598884523 36.933333 0.0 0.0
2.685500 2.607304915 36.700000 0.0 0.0
2.695300 2.614811851 36.466667 0.0 0.0
2.705100 2.623312273 36.266667 0.0 0.0
2.714800 2.631708847 36.033333 0.0 0.0
2.724600 2.640195495 35.833333 0.0 0.0
2.734400 2.649691904 35.633333 0.0 0.0
2.744100 2.657051265 35.366667 0.0 0.0
2.753900 2.666540388 35.166667 0.0 0.0
2.763700 2.673976371 34.933333 0.0 0.0
2.773400 2.682331879 34.733333 0.0 0.0
2.783200 2.688712806 34.533333 0.0 0.0
2.793000 2.698180105 34.300000 0.0 0.0
2.802700 2.704435409 34.100000 0.0 0.0
2.812500 2.709729032 33.866667 0.0 0.0
2.822300 2.717084693 33.633333 0.0 0.0
2.832000 2.729563795 33.433333 0.0 0.0
2.841800 2.739009319 33.233333 0.0 0.0
2.851600 2.748454844 33.033333 0.0 0.0
2.861300 2.751461212 32.866667 0.0 0.0
2.871100 2.760885012 32.633333 0.0 0.0
2.880900 2.770308813 32.433333 0.0 0.0
2.890600 2.780703382 32.233333 0.0 0.0
2.900400 2.789060252 32.033333 0.0 0.0
2.910200 2.795264033 31.733333 0.0 0.0
2.919900 2.801353904 31.533333 0.0 0.0
2.929700 2.810756030 31.333333 0.0 0.0
2.939500 2.817994435 31.133333 0.0 0.0
2.949200 2.824040313 30.866667 0.0 0.0
2.959000 2.830164192 30.633333 0.0 0.0
2.968800 2.839537497 30.366667 0.0 0.0
2.978500 2.848815156 30.166667 0.0 0.0
2.988300 2.854899743 29.933333 0.0 0.0
2.998000 2.863067773 29.733333 0.0 0.0
3.007800 2.866920312 29.533333 0.0 0.0
3.017600 2.876261299 29.333333 0.0 0.0
3.027300 2.883293110 29.100000 0.0 0.0
3.037100 2.891517056 28.866667 0.0 0.0
3.046900 2.900847295 28.666667 0.0 0.0
3.056600 2.908965756 28.433333 0.0 0.0
3.066400 2.919412565 28.233333 0.0 0.0
3.076200 2.926495773 28.033333 0.0 0.0
3.085900 2.928971742 27.800000 0.0 0.0
3.095700 2.934892514 27.566667 0.0 0.0
3.105500 2.944183449 27.366667 0.0 0.0
3.115200 2.953379578 27.166667 0.0 0.0
3.125000 2.960397452 26.933333 0.0 0.0
3.134800 2.975385015 26.666667 0.0 0.0
3.144500 2.984591738 26.466667 0.0 0.0
3.154300 2.992744647 26.266667 0.0 0.0
3.164100 2.991691912 26.033333 0.0 0.0
3.173800 2.998561007 25.800000 0.0 0.0
3.183600 3.004359019 25.600000 0.0 0.0
3.193400 3.012450973 25.400000 0.0 0.0
3.203100 3.020441978 25.166667 0.0 0.0
3.212900 3.026197085 24.933333 0.0 0.0
3.222700 3.031934948 24.733333 0.0 0.0
3.232400 3.038727560 24.533333 0.0 0.0
3.242200 3.047940383 24.266667 0.0 0.0
3.252000 3.054807655 24.066667 0.0 0.0
3.261700 3.062743877 23.833333 0.0 0.0
3.271500 3.068411426 23.633333 0.0 0.0
3.281300 3.077603061 23.366667 0.0 0.0
3.291000 3.083149252 23.233333 0.0 0.0
3.300800 3.091143812 22.933333 0.0 0.0
3.310500 3.097849100 22.700000 0.0 0.0
3.320300 3.104635783 22.466667 0.0 0.0
3.330100 3.110216411 22.266667 0.0 0.0
3.339800 3.116882714 22.066667 0.0 0.0
3.349600 3.122431703 21.766667 0.0 0.0
3.359400 3.127963797 21.566667 0.0 0.0
3.369100 3.134588734 21.333333 0.0 0.0
3.378900 3.142500380 21.166667 0.0 0.0
3.388700 3.150405493 20.966667 0.0 0.0
3.398400 3.155788058 20.766667 0.0 0.0
3.408200 3.161246820 20.533333 0.0 0.0
3.418000 3.166688841 20.300000 0.0 0.0
3.427700 3.175675641 20.066667 0.0 0.0
3.437500 3.182311636 19.866667 0.0 0.0
3.447300 3.186488920 19.666667 0.0 0.0
3.457000 3.193003389 19.466667 0.0 0.0
3.466800 3.198370624 19.200000 0.0 0.0
3.476600 3.203721279 18.966667 0.0 0.0
3.486300 3.215126679 18.700000 0.0 0.0
3.496100 3.221690722 18.500000 0.0 0.0
3.505900 3.229481922 18.266667 0.0 0.0
3.515600 3.234690918 18.066667 0.0 0.0
3.525400 3.241219180 17.766667 0.0 0.0
3.535200 3.246489395 17.566667 0.0 0.0
3.544900 3.251651463 17.300000 0.0 0.0
3.554700 3.255639339 17.166667 0.0 0.0
3.564500 3.262110131 16.966667 0.0 0.0
3.574200 3.267223548 16.766667 0.0 0.0
3.584000 3.276181857 16.466667 0.0 0.0
3.593800 3.281360186 16.266667 0.0 0.0
3.603500 3.287692516 16.066667 0.0 0.0
3.613300 3.295368766 15.866667 0.0 0.0
3.623000 3.300413342 15.666667 0.0 0.0
3.632800 3.308071001 15.433333 0.0 0.0
3.642600 3.311907128 15.200000 0.0 0.0
3.652300 3.318178742 14.966667 0.0 0.0
3.662100 3.320704260 14.700000 0.0 0.0
3.671900 3.328313132 14.466667 0.0 0.0
3.681600 3.333265710 14.300000 0.0 0.0
3.691400 3.338292919 14.033333 0.0 0.0
3.701200 3.344587432 13.800000 0.0 0.0
3.710900 3.350780026 13.566667 0.0 0.0
3.720700 3.354475732 13.366667 0.0 0.0
3.730500 3.360730683 13.166667 0.0 0.0
3.740200 3.365592200 12.900000 0.0 0.0
3.750000 3.374410660 12.700000 0.0 0.0
3.759800 3.379336275 12.466667 0.0 0.0
3.769500 3.384156310 12.266667 0.0 0.0
3.779300 3.389050452 12.033333 0.0 0.0
3.789100 3.393928852 11.766667 0.0 0.0
3.798800 3.400006620 11.566667 0.0 0.0
3.808600 3.403549175 11.366667 0.0 0.0
3.818400 3.409688892 11.166667 0.0 0.0
3.828100 3.415727956 10.966667 0.0 0.0
3.837900 3.429733072 10.666667 0.0 0.0
3.847700 3.435852700 10.400000 0.0 0.0
3.857400 3.440551076 10.200000 0.0 0.0
3.867200 3.436080262 10.000000 0.0 0.0
3.877000 3.440824070 9.800000 0.0 0.0
3.886700 3.444141774 9.633333 0.0 0.0
3.896500 3.447529681 9.400000 0.0 0.0
3.906300 3.450899092 9.166667 0.0 0.0
3.916000 3.458140890 8.900000 0.0 0.0
3.925800 3.462806074 8.700000 0.0 0.0
3.935500 3.467367840 8.466667 0.0 0.0
3.945300 3.469338688 8.233333 0.0 0.0
3.955100 3.476621956 8.000000 0.0 0.0
3.964800 3.481138358 7.800000 0.0 0.0
3.974600 3.485727464 7.600000 0.0 0.0
3.984400 3.490301400 7.400000 0.0 0.0
3.994100 3.494772697 7.200000 0.0 0.0
4.003900 3.499316481 6.933333 0.0 0.0
4.013700 3.503845181 6.700000 0.0 0.0
4.023400 3.505579966 6.400000 0.0 0.0
4.033200 3.510075235 6.200000 0.0 0.0
4.043000 3.514555517 6.000000 0.0 0.0
4.052700 3.518934013 5.800000 0.0 0.0
4.062500 3.523384510 5.566667 0.0 0.0
4.072300 3.527820105 5.366667 0.0 0.0
4.082000 3.532154299 5.100000 0.0 0.0
4.091800 3.536560278 4.900000 0.0 0.0
4.101600 3.540951441 4.700000 0.0 0.0
4.111300 3.545241585 4.433333 0.0 0.0
4.121100 3.549603301 4.200000 0.0 0.0
4.130900 3.551223575 4.000000 0.0 0.0
4.140600 3.556831387 3.800000 0.0 0.0
4.150400 3.562514339 3.600000 0.0 0.0
4.160200 3.564080815 3.333333 0.0 0.0
4.169900 3.566911276 3.100000 0.0 0.0
4.179700 3.569810077 2.900000 0.0 0.0
4.189500 3.574062928 2.700000 0.0 0.0
4.199200 3.578216053 2.433333 0.0 0.0
4.209000 3.582440003 2.200000 0.0 0.0
4.218800 3.585273331 2.000000 0.0 0.0
4.228500 3.585251847 1.800000 0.0 0.0
4.238300 3.586672262 1.500000 0.0 0.0
4.248000 3.590744534 1.300000 0.0 0.0
4.257800 3.597647354 1.100000 0.0 0.0
4.267600 3.600396850 0.933333 0.0 0.0
4.277300 3.603045211 0.700000 0.0 0.0
4.287100 3.608529670 0.466667 0.0 0.0
4.296900 3.612616934 0.266667 0.0 0.0
4.306600 3.616606036 0.066667 0.0 0.0
4.316400 3.617887159 -0.200000 0.0 0.0
4.326200 3.619150080 -0.400000 0.0 0.0
4.335900 3.620311368 -0.633333 0.0 0.0
4.345700 3.624318941 -0.900000 0.0 0.0
4.355500 3.628312498 -1.100000 0.0 0.0
4.365200 3.630815214 -1.266667 0.0 0.0
4.375000 3.634779394 -1.466667 0.0 0.0
4.384800 3.638729645 -1.700000 0.0 0.0
4.394500 3.639788391 -1.900000 0.0 0.0
4.404300 3.643707949 -2.133333 0.0 0.0
4.414100 3.643416614 -2.400000 0.0 0.0
4.423800 3.647221598 -2.600000 0.0 0.0
4.433600 3.651095352 -2.833333 0.0 0.0
4.443400 3.650749861 -3.033333 0.0 0.0
4.453100 3.651705799 -3.233333 0.0 0.0
4.462900 3.654128558 -3.433333 0.0 0.0
4.472700 3.657938808 -3.700000 0.0 0.0
4.482400 3.661653763 -3.933333 0.0 0.0
4.492200 3.664030528 -4.166667 0.0 0.0
4.502000 3.669206527 -4.333333 0.0 0.0
4.511700 3.670063237 -4.633333 0.0 0.0
4.521500 3.672393431 -4.833333 0.0 0.0
4.531300 3.673297891 -5.033333 0.0 0.0
4.541000 3.675514738 -5.200000 0.0 0.0
4.550800 3.677796959 -5.433333 0.0 0.0
4.560500 3.681395355 -5.666667 0.0 0.0
4.570300 3.683647309 -5.933333 0.0 0.0
4.580100 3.684469454 -6.133333 0.0 0.0
4.589800 3.683780644 -6.333333 0.0 0.0
4.599600 3.684569323 -6.566667 0.0 0.0
4.609400 3.686756015 -6.733333 0.0 0.0
4.619100 3.687432093 -6.933333 0.0 0.0
4.628900 3.689587367 -7.133333 0.0 0.0
4.638700 3.693144379 -7.400000 0.0 0.0
4.648400 3.693772632 -7.600000 0.0 0.0
4.658200 3.695882291 -7.833333 0.0 0.0
4.668000 3.699396211 -8.033333 0.0 0.0
4.677700 3.701397256 -8.233333 0.0 0.0
4.687500 3.700621043 -8.433333 0.0 0.0
4.697300 3.701248956 -8.633333 0.0 0.0
4.707000 3.704624532 -8.900000 0.0 0.0
4.716800 3.706643304 -9.100000 0.0 0.0
4.726600 3.707224193 -9.333333 0.0 0.0
4.736300 3.706288338 -9.566667 0.0 0.0
4.746100 3.706837528 -9.800000 0.0 0.0
4.755900 3.708794023 -10.000000 0.0 0.0
4.765600 3.710657930 -10.200000 0.0 0.0
4.775400 3.711160654 -10.400000 0.0 0.0
4.785200 3.713072485 -10.600000 0.0 0.0
4.794900 3.713466874 -10.800000 0.0 0.0
4.804700 3.715348949 -11.000000 0.0 0.0
4.814500 3.717216513 -11.233333 0.0 0.0
4.824200 3.716139178 -11.466667 0.0 0.0
4.834000 3.720831296 -11.700000 0.0 0.0
4.843800 3.722655686 -11.900000 0.0 0.0
4.853500 3.722959976 -12.066667 0.0 0.0
4.863300 3.720469317 -12.266667 0.0 0.0
4.873000 3.716462412 -12.500000 0.0 0.0
4.882800 3.718224452 -12.766667 0.0 0.0
4.892600 3.719972343 -12.966667 0.0 0.0
4.902300 3.721630207 -13.166667 0.0 0.0
4.912100 3.723350033 -13.333333 0.0 0.0
4.921900 3.723626557 -13.566667 0.0 0.0
4.931600 3.725242170 -13.733333 0.0 0.0
4.941400 3.724060069 -13.966667 0.0 0.0
4.951200 3.722863700 -14.166667 0.0 0.0
4.960900 3.721578117 -14.433333 0.0 0.0
4.970700 3.724639283 -14.666667 0.0 0.0
4.980500 3.729119304 -14.866667 0.0 0.0
4.990200 3.732082927 -15.066667 0.0 0.0
5.000000 3.732243792 -15.266667 0.0 0.0
5.009800 3.728095725 -15.466667 0.0 0.0
5.019500 3.729584563 -15.633333 0.0 0.0
5.029300 3.728271597 -15.833333 0.0 0.0
5.039100 3.731238216 -16.033333 0.0 0.0
5.048800 3.729822523 -16.266667 0.0 0.0
5.058600 3.728467310 -16.466667 0.0 0.0
5.068400 3.728529203 -16.666667 0.0 0.0
5.078100 3.728503733 -16.933333 0.0 0.0
5.087900 3.727107337 -17.166667 0.0 0.0
5.097700 3.729989480 -17.366667 0.0 0.0
5.107400 3.729923049 -17.533333 0.0 0.0
5.117200 3.729916056 -17.733333 0.0 0.0
5.127000 3.729895383 -17.933333 0.0 0.0
5.136700 3.729788472 -18.133333 0.0 0.0
5.146500 3.728309669 -18.333333 0.0 0.0
5.156300 3.726817938 -18.533333 0.0 0.0
5.166000 3.725241237 -18.733333 0.0 0.0
5.175800 3.723724020 -19.000000 0.0 0.0
5.185500 3.723550989 -19.166667 0.0 0.0
5.195300 3.722007958 -19.333333 0.0 0.0
5.205100 3.723308978 -19.500000 0.0 0.0
5.214800 3.723096762 -19.733333 0.0 0.0
5.224600 3.724371941 -19.933333 0.0 0.0
5.234400 3.725634449 -20.133333 0.0 0.0
5.244100 3.725383311 -20.300000 0.0 0.0
5.253900 3.723761028 -20.533333 0.0 0.0
5.263700 3.722126501 -20.733333 0.0 0.0
5.273400 3.721837278 -20.933333 0.0 0.0
5.283200 3.718750587 -21.133333 0.0 0.0
5.293000 3.719933938 -21.333333 0.0 0.0
5.302700 3.719607011 -21.533333 0.0 0.0
5.312500 3.720765301 -21.766667 0.0 0.0
5.322300 3.719055710 -21.966667 0.0 0.0
5.332000 3.718691411 -22.166667 0.0 0.0
5.341800 3.715531581 -22.333333 0.0 0.0
5.351600 3.715212379 -22.533333 0.0 0.0
5.361300 3.716237341 -22.766667 0.0 0.0
5.371100 3.715893328 -22.966667 0.0 0.0
5.380900 3.715536977 -23.166667 0.0 0.0
5.390600 3.715099419 -23.366667 0.0 0.0
5.400400 3.711868612 -23.500000 0.0 0.0
5.410200 3.711475973 -23.700000 0.0 0.0
5.419900 3.709578852 -23.900000 0.0 0.0
5.429700 3.707739111 -24.166667 0.0 0.0
5.439500 3.705888210 -24.333333 0.0 0.0
5.449200 3.706802221 -24.466667 0.0 0.0
5.459000 3.704927902 -24.666667 0.0 0.0
5.468800 3.704463963 -24.866667 0.0 0.0
5.478500 3.698239214 -25.066667 0.0 0.0
5.488300 3.700591747 -25.266667 0.0 0.0
5.498000 3.698605991 -25.466667 0.0 0.0
5.507800 3.698095836 -25.666667 0.0 0.0
5.517600 3.697574045 -25.866667 0.0 0.0
5.527300 3.694137336 -26.100000 0.0 0.0
5.537100 3.693592959 -26.300000 0.0 0.0
5.546900 3.693037093 -26.533333 0.0 0.0
5.556600 3.693820619 -26.666667 0.0 0.0
5.566400 3.693241821 -26.866667 0.0 0.0
5.576200 3.688402792 -27.033333 0.0 0.0
5.585900 3.689151495 -27.200000 0.0 0.0
5.595700 3.687124108 -27.466667 0.0 0.0
5.605500 3.685086532 -27.566667 0.0 0.0
5.615200 3.681560113 -27.833333 0.0 0.0
5.625000 3.680915604 -27.966667 0.0 0.0
5.634800 3.678847957 -28.200000 0.0 0.0
5.644500 3.676705212 -28.366667 0.0 0.0
5.654300 3.674617851 -28.600000 0.0 0.0
5.664100 3.672520643 -28.766667 0.0 0.0
5.673800 3.670348954 -28.966667 0.0 0.0
5.683600 3.668232370 -29.133333 0.0 0.0
5.693400 3.667513296 -29.266667 0.0 0.0
5.703100 3.665312321 -29.466667 0.0 0.0
5.712900 3.664572252 -29.666667 0.0 0.0
5.722700 3.662415777 -29.833333 0.0 0.0
5.732400 3.660185987 -30.066667 0.0 0.0
5.742200 3.659414867 -30.200000 0.0 0.0
5.752000 3.655826226 -30.400000 0.0 0.0
5.761700 3.653568955 -30.600000 0.0 0.0
5.771500 3.651365995 -30.833333 0.0 0.0
5.781300 3.646354087 -31.000000 0.0 0.0
5.791000 3.646869574 -31.166667 0.0 0.0
5.800800 3.648837804 -31.333333 0.0 0.0
5.810500 3.646533202 -31.533333 0.0 0.0
5.820300 3.644282513 -31.700000 0.0 0.0
5.830100 3.640625477 -31.900000 0.0 0.0
5.839800 3.636899558 -32.100000 0.0 0.0
5.849600 3.633229538 -32.266667 0.0 0.0
5.859400 3.629553035 -32.400000 0.0 0.0
5.869100 3.628592311 -32.633333 0.0 0.0
5.878900 3.626291730 -32.833333 0.0 0.0
5.888700 3.623982538 -33.033333 0.0 0.0
5.898400 3.621603386 -33.200000 0.0 0.0
5.908200 3.622056231 -33.400000 0.0 0.0
5.918000 3.619719862 -33.533333 0.0 0.0
5.927700 3.618702518 -33.700000 0.0 0.0
5.937500 3.614961053 -33.900000 0.0 0.0
5.947300 3.611213618 -34.033333 0.0 0.0
5.957000 3.606015591 -34.233333 0.0 0.0
5.966800 3.603640682 -34.400000 0.0 0.0
5.976600 3.599875854 -34.600000 0.0 0.0
5.986300 3.600187703 -34.800000 0.0 0.0
5.996100 3.593647987 -34.900000 0.0 0.0
6.005900 3.591242760 -35.066667 0.0 0.0
6.015600 3.587392953 -35.266667 0.0 0.0
6.025400 3.586348998 -35.500000 0.0 0.0
6.035200 3.583920219 -35.666667 0.0 0.0
6.044900 3.581424395 -35.800000 0.0 0.0
6.054700 3.578980203 -35.966667 0.0 0.0
6.064500 3.576528310 -36.166667 0.0 0.0
6.074200 3.575381765 -36.366667 0.0 0.0
6.084000 3.572913801 -36.566667 0.0 0.0
6.093800 3.570438278 -36.733333 0.0 0.0
6.103500 3.565159373 -36.900000 0.0 0.0
6.113300 3.562670917 -37.033333 0.0 0.0
6.123000 3.560116906 -37.200000 0.0 0.0
6.132800 3.560345425 -37.400000 0.0 0.0
6.142600 3.556467973 -37.600000 0.0 0.0
6.152300 3.551164887 -37.766667 0.0 0.0
6.162100 3.548641076 -37.900000 0.0 0.0
6.171900 3.546110089 -38.100000 0.0 0.0
6.181600 3.543514650 -38.300000 0.0 0.0
6.191400 3.540969583 -38.500000 0.0 0.0
6.201200 3.538417479 -38.633333 0.0 0.0
6.210900 3.533088668 -38.766667 0.0 0.0
6.220700 3.531879876 -38.966667 0.0 0.0
6.230500 3.527953890 -39.166667 0.0 0.0
6.240200 3.523967078 -39.300000 0.0 0.0
6.250000 3.521383709 -39.500000 0.0 0.0
6.259800 3.518793581 -39.633333 0.0 0.0
6.269500 3.516140658 -39.800000 0.0 0.0
6.279300 3.513537279 -39.966667 0.0 0.0
6.289100 3.510927275 -40.133333 0.0 0.0
6.298800 3.506908910 -40.300000 0.0 0.0
6.308600 3.504286925 -40.466667 0.0 0.0
6.318400 3.504347105 -40.633333 0.0 0.0
6.328100 3.498968238 -40.766667 0.0 0.0
6.337900 3.494985534 -40.966667 0.0 0.0
6.347700 3.488320605 -41.166667 0.0 0.0
6.357400 3.484278579 -41.333333 0.0 0.0
6.367200 3.481623660 -41.466667 0.0 0.0
6.377000 3.478962523 -41.633333 0.0 0.0
6.386700 3.476240780 -41.833333 0.0 0.0
6.396500 3.473567459 -41.966667 0.0 0.0
6.406300 3.468225063 -42.133333 0.0 0.0
6.416000 3.465487648 -42.266667 0.0 0.0
6.425800 3.462798368 -42.433333 0.0 0.0
6.435500 3.458721774 -42.633333 0.0 0.0
6.445300 3.456021774 -42.766667 0.0 0.0
6.455100 3.453315897 -42.966667 0.0 0.0
6.464800 3.449226868 -43.066667 0.0 0.0
6.474600 3.446510529 -43.266667 0.0 0.0
6.484400 3.443788439 -43.466667 0.0 0.0
6.494100 3.439687371 -43.633333 0.0 0.0
6.503900 3.436955073 -43.766667 0.0 0.0
6.513700 3.431582301 -43.933333 0.0 0.0
6.523400 3.439331278 -44.166667 0.0 0.0
6.533200 3.432621777 -44.333333 0.0 0.0
6.543000 3.429864161 -44.466667 0.0 0.0
6.552700 3.419166780 -44.566667 0.0 0.0
6.562500 3.413783564 -44.700000 0.0 0.0
6.572300 3.411018271 -44.866667 0.0 0.0
6.582000 3.408195860 -44.966667 0.0 0.0
6.591800 3.408034810 -45.166667 0.0 0.0
6.601600 3.405251605 -45.400000 0.0 0.0
6.611300 3.399801265 -45.600000 0.0 0.0
6.621100 3.394403609 -45.733333 0.0 0.0
6.630900 3.390307927 -45.800000 0.0 0.0
6.640600 3.387458534 -45.966667 0.0 0.0
6.650400 3.384655209 -46.100000 0.0 0.0
6.660200 3.381846860 -46.300000 0.0 0.0
6.669900 3.378982864 -46.466667 0.0 0.0
6.679700 3.374869295 -46.566667 0.0 0.0
6.689500 3.372047301 -46.733333 0.0 0.0
6.699200 3.366585203 -46.866667 0.0 0.0
6.709000 3.365046928 -47.066667 0.0 0.0
6.718800 3.360921587 -47.200000 0.0 0.0
6.728500 3.358032719 -47.400000 0.0 0.0
6.738300 3.351328573 -47.533333 0.0 0.0
6.748000 3.349719236 -47.666667 0.0 0.0
6.757800 3.345584483 -47.800000 0.0 0.0
6.767600 3.344013446 -47.966667 0.0 0.0
6.777300 3.342386822 -48.100000 0.0 0.0
6.787100 3.338240190 -48.266667 0.0 0.0
6.796900 3.334091751 -48.366667 0.0 0.0
6.806600 3.327337817 -48.533333 0.0 0.0
6.816400 3.324464766 -48.700000 0.0 0.0
6.826200 3.321587329 -48.866667 0.0 0.0
6.835900 3.318656996 -49.033333 0.0 0.0
6.845700 3.315771007 -49.133333 0.0 0.0
6.855500 3.310338984 -49.300000 0.0 0.0
6.865200 3.306129498 -49.400000 0.0 0.0
6.875000 3.299433421 -49.600000 0.0 0.0
6.884800 3.295272460 -49.800000 0.0 0.0
6.894500 3.292325577 -49.933333 0.0 0.0
6.904300 3.290685067 -50.100000 0.0 0.0
6.914100 3.287776775 -50.233333 0.0 0.0
6.923800 3.282296788 -50.300000 0.0 0.0
6.933600 3.278124550 -50.466667 0.0 0.0
6.943400 3.275207741 -50.600000 0.0 0.0
6.953100 3.272239947 -50.800000 0.0 0.0
6.962900 3.269315433 -50.933333 0.0 0.0
6.972700 3.263880980 -51.100000 0.0 0.0
6.982400 3.260904333 -51.200000 0.0 0.0
6.992200 3.259221241 -51.300000 0.0 0.0
7.002000 3.255033329 -51.500000 0.0 0.0
7.011700 3.248303945 -51.600000 0.0 0.0
7.021500 3.242872697 -51.800000 0.0 0.0
7.031300 3.241173614 -51.933333 0.0 0.0
7.041000 3.239423121 -52.100000 0.0 0.0
7.050800 3.236471069 -52.266667 0.0 0.0
7.060500 3.232229011 -52.400000 0.0 0.0
7.070300 3.229271118 -52.500000 0.0 0.0
7.080100 3.226309734 -52.700000 0.0 0.0
7.089800 3.223299425 -52.833333 0.0 0.0
7.099600 3.217860510 -53.000000 0.0 0.0
7.109400 3.214891224 -53.100000 0.0 0.0
7.119100 3.211873459 -53.200000 0.0 0.0
7.128900 3.207666359 -53.300000 0.0 0.0
7.138700 3.202229578 -53.500000 0.0 0.0
7.148400 3.199205807 -53.600000 0.0 0.0
7.158200 3.198677792 -53.800000 0.0 0.0
7.168000 3.194463989 -53.900000 0.0 0.0
7.177700 3.192654840 -54.100000 0.0 0.0
7.187500 3.185990851 -54.200000 0.0 0.0
7.197300 3.180555210 -54.333333 0.0 0.0
7.207000 3.177516800 -54.500000 0.0 0.0
7.216800 3.174519529 -54.666667 0.0 0.0
7.226600 3.167869992 -54.800000 0.0 0.0
7.236300 3.163612115 -54.900000 0.0 0.0
7.246100 3.158185655 -55.100000 0.0 0.0
7.255900 3.155183499 -55.200000 0.0 0.0
7.265600 3.152135063 -55.333333 0.0 0.0
7.275400 3.149127243 -55.400000 0.0 0.0
7.285200 3.146116586 -55.600000 0.0 0.0
7.294900 3.141854071 -55.700000 0.0 0.0
7.304700 3.136430856 -55.800000 0.0 0.0
7.314500 3.135821337 -55.900000 0.0 0.0
7.324200 3.130354542 -56.100000 0.0 0.0
7.334000 3.127333802 -56.233333 0.0 0.0
7.343800 3.124310398 -56.400000 0.0 0.0
7.353500 3.121241913 -56.500000 0.0 0.0
7.363300 3.115820965 -56.633333 0.0 0.0
7.373000 3.111555611 -56.800000 0.0 0.0
7.382800 3.108525518 -56.800000 0.0 0.0
7.392600 3.105492904 -56.933333 0.0 0.0
7.402300 3.101225518 -57.033333 0.0 0.0
7.412100 3.095812171 -57.233333 0.0 0.0
7.421900 3.092775753 -57.300000 0.0 0.0
7.431600 3.089695351 -57.433333 0.0 0.0
7.441400 3.084286052 -57.566667 0.0 0.0
7.451200 3.080062675 -57.866667 0.0 0.0
7.460900 3.076979143 -58.000000 0.0 0.0
7.470700 3.075114541 -58.166667 0.0 0.0
7.480500 3.069709611 -58.300000 0.0 0.0
7.490200 3.066620827 -58.400000 0.0 0.0
7.500000 3.062395397 -58.500000 0.0 0.0
7.509800 3.058170569 -58.600000 0.0 0.0
7.519500 3.055077959 -58.700000 0.0 0.0
7.529300 3.052023934 -58.833333 0.0 0.0
7.539100 3.047797936 -58.966667 0.0 0.0
7.548800 3.042364554 -59.100000 0.0 0.0
7.558600 3.036976023 -59.266667 0.0 0.0
7.568400 3.032755579 -59.400000 0.0 0.0
7.578100 3.029658411 -59.500000 0.0 0.0
7.587900 3.026599333 -59.600000 0.0 0.0
7.597700 3.021218540 -59.700000 0.0 0.0
7.607400 3.018118255 -59.800000 0.0 0.0
7.617200 3.015055832 -59.966667 0.0 0.0
7.627000 3.011991531 -60.100000 0.0 0.0
7.636700 3.007731495 -60.200000 0.0 0.0
7.646500 3.003511918 -60.333333 0.0 0.0
7.656300 2.998142533 -60.466667 0.0 0.0
7.666000 2.996186307 -60.600000 0.0 0.0
7.675800 2.993116701 -60.700000 0.0 0.0
7.685500 2.988859225 -60.866667 0.0 0.0
7.695300 2.983496656 -60.966667 0.0 0.0
7.705100 2.980425562 -61.100000 0.0 0.0
7.714800 2.975029925 -61.200000 0.0 0.0
7.724600 2.970817680 -61.333333 0.0 0.0
7.734400 2.966606624 -61.466667 0.0 0.0
7.744100 2.964633095 -61.566667 0.0 0.0
7.753900 2.960421360 -61.700000 0.0 0.0
7.763700 2.955076616 -61.866667 0.0 0.0
7.773400 2.951963722 -61.966667 0.0 0.0
7.783200 2.947755944 -62.066667 0.0 0.0
7.793000 2.945809621 -62.166667 0.0 0.0
7.802700 2.941563600 -62.366667 0.0 0.0
7.812500 2.937356757 -62.466667 0.0 0.0
7.822300 2.933151315 -62.566667 0.0 0.0
7.832000 2.928909901 -62.666667 0.0 0.0
7.841800 2.924707430 -62.766667 0.0 0.0
7.851600 2.919385857 -62.866667 0.0 0.0
7.861300 2.915150874 -63.000000 0.0 0.0
7.871100 2.910954586 -63.133333 0.0 0.0
7.880900 2.908991709 -63.266667 0.0 0.0
7.890600 2.904758479 -63.433333 0.0 0.0
7.900400 2.901677087 -63.533333 0.0 0.0
7.910200 2.899707093 -63.633333 0.0 0.0
7.919900 2.895474190 -63.766667 0.0 0.0
7.929700 2.890170234 -63.900000 0.0 0.0
7.939500 2.887086658 -64.033333 0.0 0.0
7.949200 2.880647320 -64.133333 0.0 0.0
7.959000 2.881985809 -64.266667 0.0 0.0
7.968800 2.876689095 -64.400000 0.0 0.0
7.978500 2.874669466 -64.566667 0.0 0.0
7.988300 2.868276621 -64.600000 0.0 0.0
7.998000 2.865154637 -64.666667 0.0 0.0
8.007800 2.859871706 -64.766667 0.0 0.0
8.017600 2.856786065 -64.866667 0.0 0.0
8.027300 2.851474512 -64.966667 0.0 0.0
8.037100 2.847296572 -65.133333 0.0 0.0
8.046900 2.843120527 -65.266667 0.0 0.0
8.056600 2.843272396 -65.400000 0.0 0.0
8.066400 2.840183636 -65.533333 0.0 0.0
8.076200 2.836005478 -65.600000 0.0 0.0
8.085900 2.829621626 -65.700000 0.0 0.0
8.095700 2.823282956 -65.800000 0.0 0.0
8.105500 2.820199363 -65.966667 0.0 0.0
8.115200 2.817080306 -66.066667 0.0 0.0
8.125000 2.811836320 -66.166667 0.0 0.0
8.134800 2.807675291 -66.266667 0.0 0.0
8.144500 2.805634507 -66.366667 0.0 0.0
8.154300 2.802549886 -66.466667 0.0 0.0
8.164100 2.799464614 -66.566667 0.0 0.0
8.173800 2.794199048 -66.666667 0.0 0.0
8.183600 2.792186312 -66.866667 0.0 0.0
8.193400 2.790171024 -66.966667 0.0 0.0
8.203100 2.783842575 -67.066667 0.0 0.0
8.212900 2.779691089 -67.200000 0.0 0.0
8.222700 2.774476893 -67.300000 0.0 0.0
8.232400 2.771361189 -67.366667 0.0 0.0
8.242200 2.768278727 -67.466667 0.0 0.0
8.252000 2.765195783 -67.600000 0.0 0.0
8.261700 2.762078946 -67.700000 0.0 0.0
8.271500 2.757936573 -67.800000 0.0 0.0
8.281300 2.752739942 -67.933333 0.0 0.0
8.291000 2.747516116 -68.066667 0.0 0.0
8.300800 2.745490530 -68.166667 0.0 0.0
8.310500 2.742376974 -68.266667 0.0 0.0
8.320300 2.739296141 -68.366667 0.0 0.0
8.330100 2.734115656 -68.466667 0.0 0.0
8.339800 2.731003788 -68.566667 0.0 0.0
8.349600 2.725831486 -68.666667 0.0 0.0
8.359400 2.721709527 -68.766667 0.0 0.0
8.369100 2.718600696 -68.900000 0.0 0.0
8.378900 2.715524178 -69.000000 0.0 0.0
8.388700 2.714530110 -69.100000 0.0 0.0
8.398400 2.710378158 -69.166667 0.0 0.0
8.408200 2.707299897 -69.333333 0.0 0.0
8.418000 2.701109900 -69.466667 0.0 0.0
8.427700 2.698002831 -69.533333 0.0 0.0
8.437500 2.693893687 -69.666667 0.0 0.0
8.447300 2.690819615 -69.733333 0.0 0.0
8.457000 2.686682402 -69.866667 0.0 0.0
8.466800 2.683609380 -69.966667 0.0 0.0
8.476600 2.678479683 -70.066667 0.0 0.0
8.486300 2.676404268 -70.166667 0.0 0.0
8.496100 2.673332319 -70.266667 0.0 0.0
8.505900 2.669235789 -70.366667 0.0 0.0
8.515600 2.665110702 -70.466667 0.0 0.0
8.525400 2.661019751 -70.566667 0.0 0.0
8.535200 2.657951398 -70.666667 0.0 0.0
8.544900 2.653833373 -70.766667 0.0 0.0
8.554700 2.649749288 -70.866667 0.0 0.0
8.564500 2.649732385 -70.966667 0.0 0.0
8.574200 2.645616819 -71.066667 0.0 0.0
8.584000 2.644577969 -71.133333 0.0 0.0
8.593800 2.636444149 -71.266667 0.0 0.0
8.603500 2.633349461 -71.366667 0.0 0.0
8.613300 2.628267555 -71.500000 0.0 0.0
8.623000 2.626183406 -71.566667 0.0 0.0
8.632800 2.622114665 -71.666667 0.0 0.0
8.642600 2.619053761 -71.766667 0.0 0.0
8.652300 2.614959112 -71.866667 0.0 0.0
8.662100 2.610897725 -71.966667 0.0 0.0
8.671900 2.607839912 -72.066667 0.0 0.0
8.681600 2.605752154 -72.200000 0.0 0.0
8.691400 2.601695132 -72.266667 0.0 0.0
8.701200 2.597641124 -72.366667 0.0 0.0
8.710900 2.593560370 -72.466667 0.0 0.0
8.720700 2.590506462 -72.566667 0.0 0.0
8.730500 2.588446045 -72.700000 0.0 0.0
8.740200 2.584370077 -72.800000 0.0 0.0
8.750000 2.581317266 -72.866667 0.0 0.0
8.759800 2.578264827 -72.966667 0.0 0.0
8.769500 2.573207641 -73.066667 0.0 0.0
8.779300 2.569172253 -73.166667 0.0 0.0
8.789100 2.566124595 -73.266667 0.0 0.0
8.798800 2.562064818 -73.400000 0.0 0.0
8.808600 2.559019267 -73.566667 0.0 0.0
8.818400 2.554013143 -73.566667 0.0 0.0
8.828100 2.550941959 -73.666667 0.0 0.0
8.837900 2.548878202 -73.800000 0.0 0.0
8.847700 2.547790547 -73.900000 0.0 0.0
8.857400 2.542765193 -74.000000 0.0 0.0
8.867200 2.537775327 -74.066667 0.0 0.0
8.877000 2.533764341 -74.133333 0.0 0.0
8.886700 2.532642280 -74.200000 0.0 0.0
8.896500 2.529603867 -74.300000 0.0 0.0
8.906300 2.525596613 -74.400000 0.0 0.0
8.916000 2.520596873 -74.466667 0.0 0.0
8.925800 2.517563797 -74.666667 0.0 0.0
8.935500 2.514503199 -74.733333 0.0 0.0
8.945300 2.511471438 -74.833333 0.0 0.0
8.955100 2.506515762 -74.933333 0.0 0.0
8.964800 2.502499149 -75.000000 0.0 0.0
8.974600 2.499472912 -75.066667 0.0 0.0
8.984400 2.496447357 -75.166667 0.0 0.0
8.994100 2.493394776 -75.266667 0.0 0.0
9.003900 2.490370690 -75.433333 0.0 0.0
9.013700 2.485438947 -75.466667 0.0 0.0
9.023400 2.482391124 -75.566667 0.0 0.0
9.033200 2.479371621 -75.666667 0.0 0.0
9.043000 2.475402722 -75.766667 0.0 0.0
9.052700 2.472358595 -75.833333 0.0 0.0
9.062500 2.469342624 -75.933333 0.0 0.0
9.072300 2.465381141 -76.033333 0.0 0.0
9.082000 2.460451626 -76.133333 0.0 0.0
9.091800 2.456498709 -76.200000 0.0 0.0
9.101600 2.455374522 -76.266667 0.0 0.0
9.111300 2.452338106 -76.366667 0.0 0.0
9.121100 2.449329522 -76.466667 0.0 0.0
9.130900 2.443506994 -76.566667 0.0 0.0
9.140600 2.440476917 -76.666667 0.0 0.0
9.150400 2.437474490 -76.733333 0.0 0.0
9.160200 2.435407407 -76.833333 0.0 0.0
9.169900 2.431445837 -76.933333 0.0 0.0
9.179700 2.428446210 -77.066667 0.0 0.0
9.189500 2.425447520 -77.133333 0.0 0.0
9.199200 2.422423444 -77.200000 0.0 0.0
9.209000 2.419426722 -77.266667 0.0 0.0
9.218800 2.415503808 -77.366667 0.0 0.0
9.228500 2.411558398 -77.466667 0.0 0.0
9.238300 2.407642834 -77.566667 0.0 0.0
9.248000 2.404627564 -77.666667 0.0 0.0
9.257800 2.402561210 -77.766667 0.0 0.0
9.267600 2.398652201 -77.833333 0.0 0.0
9.277300 2.396559784 -77.900000 0.0 0.0
9.287100 2.392655222 -77.966667 0.0 0.0
9.296900 2.387837819 -78.066667 0.0 0.0
9.306600 2.383916548 -78.166667 0.0 0.0
9.316400 2.380938221 -78.233333 0.0 0.0
9.326200 2.377960984 -78.366667 0.0 0.0
9.335900 2.374959408 -78.433333 0.0 0.0
9.345700 2.371984441 -78.533333 0.0 0.0
9.355500 2.370829576 -78.566667 0.0 0.0
9.365200 2.367829297 -78.733333 0.0 0.0
9.375000 2.364855503 -78.800000 0.0 0.0
9.384800 2.360070747 -78.866667 0.0 0.0
9.394500 2.355268032 -78.933333 0.0 0.0
9.404300 2.352302345 -79.033333 0.0 0.0
9.414100 2.348436422 -79.100000 0.0 0.0
9.423800 2.345449360 -79.200000 0.0 0.0
9.433600 2.342488446 -79.266667 0.0 0.0
9.443400 2.339528746 -79.400000 0.0 0.0
9.453100 2.336545552 -79.500000 0.0 0.0
9.462900 2.333588364 -79.566667 0.0 0.0
9.472700 2.330632420 -79.700000 0.0 0.0
9.482400 2.326760084 -79.733333 0.0 0.0
9.492200 2.322916222 -79.800000 0.0 0.0
9.502000 2.319076238 -79.866667 0.0 0.0
9.511700 2.316104467 -79.966667 0.0 0.0
9.521500 2.311383658 -80.066667 0.0 0.0
9.531300 2.307555415 -80.133333 0.0 0.0
9.541000 2.304591182 -80.200000 0.0 0.0
9.550800 2.304303878 -80.266667 0.0 0.0
9.560500 2.299573380 -80.333333 0.0 0.0
9.570300 2.298399676 -80.433333 0.0 0.0
9.580100 2.295461655 -80.533333 0.0 0.0
9.589800 2.292501085 -80.633333 0.0 0.0
9.599600 2.289565841 -80.666667 0.0 0.0
9.609400 2.284000905 -80.766667 0.0 0.0
9.619100 2.281923634 -80.866667 0.0 0.0
9.628900 2.278120418 -80.966667 0.0 0.0
9.638700 2.275194155 -81.033333 0.0 0.0
9.648400 2.272245751 -81.133333 0.0 0.0
9.658200 2.269322371 -81.200000 0.0 0.0
9.668000 2.266400419 -81.266667 0.0 0.0
9.677700 2.263456514 -81.333333 0.0 0.0
9.687500 2.260537498 -81.433333 0.0 0.0
9.697300 2.257619935 -81.533333 0.0 0.0
9.707000 2.254680608 -81.566667 0.0 0.0
9.716800 2.250902052 -81.700000 0.0 0.0
9.726600 2.247990075 -81.733333 0.0 0.0
9.736300 2.244195121 -81.900000 0.0 0.0
9.746100 2.241287298 -81.933333 0.0 0.0
9.755900 2.238380979 -82.000000 0.0 0.0
9.765600 2.234595560 -82.066667 0.0 0.0
9.775400 2.231693443 -82.166667 0.0 0.0
9.785200 2.228792854 -82.233333 0.0 0.0
9.794900 2.226725451 -82.333333 0.0 0.0
9.804700 2.223826886 -82.333333 0.0 0.0
9.814500 2.220077725 -82.433333 0.0 0.0
9.824200 2.216310115 -82.533333 0.0 0.0
9.834000 2.214268103 -82.633333 0.0 0.0
9.843800 2.211376965 -82.700000 0.0 0.0
9.853500 2.208465000 -82.800000 0.0 0.0
9.863300 2.205577094 -82.866667 0.0 0.0
9.873000 2.202668479 -82.933333 0.0 0.0
9.882800 2.199783836 -83.033333 0.0 0.0
9.892600 2.196900810 -83.033333 0.0 0.0
9.902300 2.191472774 -83.133333 0.0 0.0
9.912100 2.188596371 -83.233333 0.0 0.0
9.921900 2.185721607 -83.300000 0.0 0.0
9.931600 2.181988981 -83.400000 0.0 0.0
9.941400 2.179955098 -83.500000 0.0 0.0
9.951200 2.177085347 -83.533333 0.0 0.0
9.960900 2.175029976 -83.633333 0.0 0.0
9.970700 2.171329083 -83.733333 0.0 0.0
9.980500 2.168464412 -83.766667 0.0 0.0
9.990200 2.165579755 -83.900000 0.0 0.0
10.000000 2.163548657 -83.933333 0.0 0.0
10.009800 2.162347060 -84.066667 0.0 0.0
10.019500 2.158635838 -84.133333 0.0 0.0
10.029300 2.154950452 -84.200000 0.0 0.0
10.039100 2.151269303 -84.266667 0.0 0.0
10.048800 2.148395344 -84.333333 0.0 0.0
10.058600 2.145544556 -84.433333 0.0 0.0
10.068400 2.142695517 -84.500000 0.0 0.0
10.078100 2.139005970 -84.566667 0.0 0.0
10.087900 2.136161590 -84.633333 0.0 0.0
10.097700 2.133318979 -84.700000 0.0 0.0
10.107400 2.130457066 -84.800000 0.0 0.0
10.117200 2.128434723 -84.833333 0.0 0.0
10.127000 2.125596420 -84.933333 0.0 0.0
10.136700 2.124368861 -85.000000 0.0 0.0
10.146500 2.119904319 -85.100000 0.0 0.0
10.156300 2.117071476 -85.133333 0.0 0.0
10.166000 2.114219652 -85.200000 0.0 0.0
10.175800 2.111390497 -85.300000 0.0 0.0
10.185500 2.108542471 -85.400000 0.0 0.0
10.195300 2.104101453 -85.433333 0.0 0.0
10.205100 2.102086572 -85.500000 0.0 0.0
10.214800 2.099245356 -85.566667 0.0 0.0
10.224600 2.096426594 -85.666667 0.0 0.0
10.234400 2.093609692 -85.766667 0.0 0.0
10.244100 2.090774250 -85.800000 0.0 0.0
10.253900 2.087961138 -85.866667 0.0 0.0
10.263700 2.085149906 -85.933333 0.0 0.0
10.273400 2.083119565 -86.000000 0.0 0.0
10.283200 2.079512886 -86.100000 0.0 0.0
10.293000 2.077504498 -86.200000 0.0 0.0
10.302700 2.073087918 -86.266667 0.0 0.0
10.312500 2.072672228 -86.300000 0.0 0.0
10.322300 2.069870351 -86.366667 0.0 0.0
10.332000 2.067050391 -86.433333 0.0 0.0
10.341800 2.062668651 -86.533333 0.0 0.0
10.351600 2.060665414 -86.633333 0.0 0.0
10.361300 2.058642408 -86.700000 0.0 0.0
10.371100 2.055850304 -86.766667 0.0 0.0
10.380900 2.052272414 -86.800000 0.0 0.0
10.390600 2.048679208 -86.866667 0.0 0.0
10.400400 2.045895165 -86.933333 0.0 0.0
10.410200 2.043113091 -87.033333 0.0 0.0
10.419900 2.041880011 -87.033333 0.0 0.0
10.429700 2.039099806 -87.133333 0.0 0.0
10.439500 2.036321587 -87.200000 0.0 0.0
10.449200 2.033525901 -87.233333 0.0 0.0
10.459000 2.031531199 -87.333333 0.0 0.0
10.468800 2.028757957 -87.433333 0.0 0.0
10.478500 2.025967392 -87.500000 0.0 0.0
10.488300 2.023198221 -87.566667 0.0 0.0
10.498000 2.019636613 -87.666667 0.0 0.0
10.507800 2.015325181 -87.700000 0.0 0.0
10.517600 2.013337812 -87.766667 0.0 0.0
10.527300 2.011331550 -87.833333 0.0 0.0
10.537100 2.010887471 -87.900000 0.0 0.0
10.546900 2.007357977 -87.933333 0.0 0.0
10.556600 2.005352541 -88.033333 0.0 0.0
10.566400 2.001061243 -88.133333 0.0 0.0
10.576200 1.999844931 -88.233333 0.0 0.0
10.585900 1.997075362 -88.300000 0.0 0.0
10.595700 1.994326776 -88.333333 0.0 0.0
10.605500 1.991580269 -88.366667 0.0 0.0
10.615200 1.989580494 -88.433333 0.0 0.0
10.625000 1.986074820 -88.533333 0.0 0.0
10.634800 1.982573637 -88.633333 0.0 0.0
10.644500 1.978299007 -88.400000 0.0 0.0
10.654300 1.976324501 -88.466667 0.0 0.0
10.664100 1.971321880 -88.500000 0.0 0.0
10.673800 1.970844657 -88.833333 0.0 0.0
10.683600 1.970384365 -88.933333 0.0 0.0
10.693400 1.968411132 -89.000000 0.0 0.0
10.703100 1.965665354 -89.100000 0.0 0.0
10.712900 1.960681500 -89.133333 0.0 0.0
10.722700 1.957961534 -89.166667 0.0 0.0
10.732400 1.955975980 -89.233333 0.0 0.0
10.742200 1.954759056 -89.333333 0.0 0.0
10.752000 1.952042441 -89.366667 0.0 0.0
10.761700 1.949309867 -89.466667 0.0 0.0
10.771500 1.946597610 -89.533333 0.0 0.0
10.781300 1.943887517 -89.633333 0.0 0.0
10.791000 1.941906696 -89.633333 0.0 0.0
10.800800 1.939199948 -89.666667 0.0 0.0
10.810500 1.936477467 -89.733333 0.0 0.0
10.820300 1.933775122 -89.833333 0.0 0.0
10.830100 1.931074964 -89.900000 0.0 0.0
10.839800 1.928359208 -89.966667 0.0 0.0
10.849600 1.925663478 -90.066667 0.0 0.0
10.859400 1.923708056 -90.133333 0.0 0.0
10.869100 1.920998022 -90.200000 0.0 0.0
10.878900 1.918307912 -90.266667 0.0 0.0
10.888700 1.915620014 -90.300000 0.0 0.0
10.898400 1.912182813 -90.366667 0.0 0.0
10.908200 1.909500422 -90.433333 0.0 0.0
10.918000 1.906820255 -90.466667 0.0 0.0
10.927700 1.905586923 -90.533333 0.0 0.0
10.937500 1.902909201 -90.600000 0.0 0.0
10.947300 1.900233717 -90.666667 0.0 0.0
10.957000 1.898271504 -90.733333 0.0 0.0
10.966800 1.896327123 -90.800000 0.0 0.0
10.976600 1.893656364 -90.866667 0.0 0.0
10.986300 1.890970646 -90.966667 0.0 0.0
10.996100 1.887579914 -91.000000 0.0 0.0
11.005900 1.885640493 -91.033333 0.0 0.0
11.015600 1.882961719 -91.100000 0.0 0.0
11.025400 1.881024077 -91.166667 0.0 0.0
11.035200 1.878365957 -91.200000 0.0 0.0
11.044900 1.876413094 -91.266667 0.0 0.0
11.054700 1.873039608 -91.333333 0.0 0.0
11.064500 1.869670718 -91.466667 0.0 0.0
11.074200 1.867005924 -91.500000 0.0 0.0
11.084000 1.865791816 -91.566667 0.0 0.0
11.093800 1.863146473 -91.600000 0.0 0.0
11.103500 1.860486674 -91.666667 0.0 0.0
11.113300 1.858559082 -91.766667 0.0 0.0
11.123000 1.856615352 -91.800000 0.0 0.0
11.132800 1.854688904 -91.866667 0.0 0.0
11.142600 1.852052132 -91.966667 0.0 0.0
11.152300 1.849401094 -92.000000 0.0 0.0
11.162100 1.846060411 -92.066667 0.0 0.0
11.171900 1.844139229 -92.100000 0.0 0.0
11.181600 1.841495317 -92.166667 0.0 0.0
11.191400 1.839576071 -92.200000 0.0 0.0
11.201200 1.836952325 -92.266667 0.0 0.0
11.210900 1.827288603 -92.433333 0.0 0.0
11.220700 1.825379986 -92.500000 0.0 0.0
11.230500 1.822772323 -92.533333 0.0 0.0
11.240200 1.827149312 -92.566667 0.0 0.0
11.250000 1.824536360 -92.633333 0.0 0.0
11.259800 1.821925761 -92.700000 0.0 0.0
11.269500 1.819999692 -92.733333 0.0 0.0
11.279300 1.817392848 -92.766667 0.0 0.0
11.289100 1.814788367 -92.766667 0.0 0.0
11.298800 1.811474902 -92.766667 0.0 0.0
11.308600 1.810265089 -92.866667 0.0 0.0
11.318400 1.807666757 -93.033333 0.0 0.0
11.328100 1.805747716 -93.066667 0.0 0.0
11.337900 1.803153180 -93.166667 0.0 0.0
11.347700 1.801943540 -93.166667 0.0 0.0
11.357400 1.799335941 -93.266667 0.0 0.0
11.367200 1.796746612 -93.266667 0.0 0.0
11.377000 1.794159675 -93.366667 0.0 0.0
11.386700 1.791559400 -93.400000 0.0 0.0
11.396500 1.789663970 -93.466667 0.0 0.0
11.406300 1.788455437 -93.566667 0.0 0.0
11.416000 1.785859521 -93.633333 0.0 0.0
11.425800 1.781913499 -93.733333 0.0 0.0
11.435500 1.780007470 -93.733333 0.0 0.0
11.445300 1.777435490 -93.800000 0.0 0.0
11.455100 1.775547185 -93.833333 0.0 0.0
11.464800 1.772283318 -93.866667 0.0 0.0
11.474600 1.767682335 -93.966667 0.0 0.0
11.484400 1.765123013 -94.033333 0.0 0.0
11.494100 1.762550779 -94.133333 0.0 0.0
11.503900 1.762700108 -94.133333 0.0 0.0
11.513700 1.760144175 -94.166667 0.0 0.0
11.523400 1.758250046 -94.200000 0.0 0.0
11.533200 1.757046101 -94.266667 0.0 0.0
11.543000 1.755841713 -94.366667 0.0 0.0
11.552700 1.753275493 -94.433333 0.0 0.0
11.562500 1.750726931 -94.466667 0.0 0.0
11.572300 1.748180817 -94.566667 0.0 0.0
11.582000 1.746292119 -94.600000 0.0 0.0
11.591800 1.744419286 -94.666667 0.0 0.0
11.601600 1.741878617 -94.733333 0.0 0.0
11.611300 1.739993046 -94.766667 0.0 0.0
11.621100 1.741461610 -94.766667 0.0 0.0
11.630900 1.738254338 -94.866667 0.0 0.0
11.640600 1.735036835 -94.866667 0.0 0.0
11.650400 1.729846245 -94.966667 0.0 0.0
11.660200 1.727982473 -95.066667 0.0 0.0
11.669900 1.726767242 -95.066667 0.0 0.0
11.679700 1.724242535 -95.166667 0.0 0.0
11.689500 1.721720308 -95.166667 0.0 0.0
11.699200 1.719185866 -95.266667 0.0 0.0
11.709000 1.716009967 -95.333333 0.0 0.0
11.718800 1.713496187 -95.366667 0.0 0.0
11.728500 1.711627040 -95.466667 0.0 0.0
11.738300 1.709773329 -95.466667 0.0 0.0
11.748000 1.707905896 -95.566667 0.0 0.0
11.757800 1.705399254 -95.633333 0.0 0.0
11.767600 1.703548742 -95.666667 0.0 0.0
11.777300 1.701031690 -95.666667 0.0 0.0
11.787100 1.698531614 -95.766667 0.0 0.0
11.796900 1.697336295 -95.833333 0.0 0.0
11.806600 1.695475492 -95.900000 0.0 0.0
11.816400 1.693629920 -95.966667 0.0 0.0
11.826200 1.691136070 -95.966667 0.0 0.0
11.835900 1.688630466 -96.000000 0.0 0.0
11.845700 1.686141676 -96.066667 0.0 0.0
11.855500 1.686889137 -96.166667 0.0 0.0
11.865200 1.684386414 -96.200000 0.0 0.0
11.875000 1.681900443 -96.233333 0.0 0.0
11.884800 1.679416997 -96.266667 0.0 0.0
11.894500 1.676278561 -96.366667 0.0 0.0
11.904300 1.673801154 -96.433333 0.0 0.0
11.914100 1.671967794 -96.466667 0.0 0.0
11.923800 1.670762361 -96.466667 0.0 0.0
11.933600 1.668289732 -96.566667 0.0 0.0
11.943400 1.666459043 -96.633333 0.0 0.0
11.953100 1.664615316 -96.733333 0.0 0.0
11.962900 1.662148438 -96.766667 0.0 0.0
11.972700 1.660321151 -96.766667 0.0 0.0
11.982400 1.657208479 -96.800000 0.0 0.0
11.992200 1.654749262 -96.866667 0.0 0.0
12.002000 1.652926805 -96.966667 0.0 0.0
12.011700 1.651725259 -96.966667 0.0 0.0
12.021500 1.650537240 -97.033333 0.0 0.0
12.031300 1.648716140 -97.066667 0.0 0.0
12.041000 1.645618735 -97.100000 0.0 0.0
12.050800 1.643170182 -97.200000 0.0 0.0
12.060500 1.640710584 -97.266667 0.0 0.0
12.070300 1.638267180 -97.366667 0.0 0.0
12.080100 1.638339351 -97.400000 0.0 0.0
12.089800 1.636511707 -97.466667 0.0 0.0
12.099600 1.633444363 -97.533333 0.0 0.0
12.109400 1.631007501 -97.533333 0.0 0.0
12.119100 1.629184873 -97.566667 0.0 0.0
12.128900 1.627376657 -97.633333 0.0 0.0
12.138700 1.625569386 -97.700000 0.0 0.0
12.148400 1.623126680 -97.733333 0.0 0.0
12.158200 1.621322028 -97.766667 0.0 0.0
12.168000 1.618896936 -97.866667 0.0 0.0
12.177700 1.616461149 -97.866667 0.0 0.0
12.187500 1.614041246 -97.933333 0.0 0.0
12.197300 1.613480443 -97.966667 0.0 0.0
12.207000 1.610431578 -98.033333 0.0 0.0
12.216800 1.608017599 -98.066667 0.0 0.0
12.226600 1.606222496 -98.166667 0.0 0.0
12.236300 1.604415256 -98.166667 0.0 0.0
12.246100 1.603237275 -98.200000 0.0 0.0
12.255900 1.600829979 -98.266667 0.0 0.0
12.265600 1.599025775 -98.333333 0.0 0.0
12.275400 1.596622773 -98.366667 0.0 0.0
12.285200 1.594834289 -98.433333 0.0 0.0
12.294900 1.593033838 -98.500000 0.0 0.0
12.304700 1.591247361 -98.566667 0.0 0.0
12.314500 1.588242390 -98.600000 0.0 0.0
12.324200 1.587664512 -98.633333 0.0 0.0
12.334000 1.585272566 -98.666667 0.0 0.0
12.343800 1.583490795 -98.733333 0.0 0.0
12.353500 1.581697226 -98.800000 0.0 0.0
12.363300 1.578705327 -98.866667 0.0 0.0
12.373000 1.576915225 -98.866667 0.0 0.0
12.382800 1.575138905 -98.966667 0.0 0.0
12.392600 1.573363601 -98.966667 0.0 0.0
12.402300 1.571576643 -99.066667 0.0 0.0
12.412100 1.569201083 -99.066667 0.0 0.0
12.421900 1.567429545 -99.133333 0.0 0.0
12.431600 1.566848578 -99.166667 0.0 0.0
12.441400 1.563276934 -99.233333 0.0 0.0
12.451200 1.561509183 -99.266667 0.0 0.0
12.460900 1.559729947 -99.266667 0.0 0.0
12.470700 1.558562294 -99.366667 0.0 0.0
12.480500 1.556199667 -99.400000 0.0 0.0
12.490200 1.554423640 -99.466667 0.0 0.0
12.500000 1.552065384 -99.533333 0.0 0.0
12.509800 1.550304591 -99.566667 0.0 0.0
12.519500 1.548532476 -99.600000 0.0 0.0
12.529300 1.546773803 -99.666667 0.0 0.0
12.539100 1.545016182 -99.733333 0.0 0.0
12.548800 1.543839675 -99.766667 0.0 0.0
12.558600 1.542675426 -99.866667 0.0 0.0
12.568400 1.540328416 -99.900000 0.0 0.0
12.578100 1.537381709 -99.966667 0.0 0.0
12.587900 1.535040898 -99.966667 0.0 0.0
12.597700 1.532702722 -100.000000 0.0 0.0
12.607400 1.530355042 -100.066667 0.0 0.0
12.617200 1.528022165 -100.100000 0.0 0.0
12.627000 1.526863385 -100.133333 0.0 0.0
12.636700 1.525107097 -100.166667 0.0 0.0
12.646500 1.523948702 -100.266667 0.0 0.0
12.656300 1.522205992 -100.300000 0.0 0.0
12.666000 1.521035967 -100.400000 0.0 0.0
12.675800 1.519294777 -100.400000 0.0 0.0
12.685500 1.516960444 -100.466667 0.0 0.0
12.695300 1.514640742 -100.500000 0.0 0.0
12.705100 1.512323687 -100.533333 0.0 0.0
12.714800 1.511156812 -100.566667 0.0 0.0
12.724600 1.509422452 -100.633333 0.0 0.0
12.734400 1.507110703 -100.700000 0.0 0.0
12.744100 1.505945207 -100.733333 0.0 0.0
12.753900 1.504214165 -100.766667 0.0 0.0
12.763700 1.501907737 -100.800000 0.0 0.0
12.773400 1.499592221 -100.866667 0.0 0.0
12.783200 1.497291125 -100.900000 0.0 0.0
12.793000 1.494992681 -100.966667 0.0 0.0
12.802700 1.492112501 -100.966667 0.0 0.0
12.812500 1.490392118 -100.933333 0.0 0.0
12.822300 1.489244256 -100.966667 0.0 0.0
12.832000 1.489227398 -101.066667 0.0 0.0
12.841800 1.486366477 -101.266667 0.0 0.0
12.851600 1.484079615 -101.333333 0.0 0.0
12.861300 1.481783889 -101.433333 0.0 0.0
12.871100 1.481206689 -101.333333 0.0 0.0
12.880900 1.480060751 -101.366667 0.0 0.0
12.890600 1.478903371 -101.400000 0.0 0.0
12.900400 1.476057163 -101.466667 0.0 0.0
12.910200 1.473781058 -101.533333 0.0 0.0
12.919900 1.471496225 -101.566667 0.0 0.0
12.929700 1.470353574 -101.600000 0.0 0.0
12.939500 1.469210967 -101.666667 0.0 0.0
12.949200 1.466930726 -101.700000 0.0 0.0
12.959000 1.465789107 -101.766667 0.0 0.0
12.968800 1.464085567 -101.833333 0.0 0.0
12.978500 1.462371905 -101.833333 0.0 0.0
12.988300 1.461231339 -101.866667 0.0 0.0
12.998000 1.458959376 -101.866667 0.0 0.0
13.007800 1.456701333 -101.966667 0.0 0.0
13.017600 1.454445959 -102.000000 0.0 0.0
13.027300 1.452739509 -102.100000 0.0 0.0
13.037100 1.451602353 -102.100000 0.0 0.0
13.046900 1.449908737 -102.133333 0.0 0.0
13.056600 1.448205189 -102.200000 0.0 0.0
13.066400 1.446513915 -102.200000 0.0 0.0
13.076200 1.444823803 -102.266667 0.0 0.0
13.085900 1.442570114 -102.300000 0.0 0.0
13.095700 1.440883000 -102.366667 0.0 0.0
13.105500 1.439749473 -102.333333 0.0 0.0
13.115200 1.438605063 -102.366667 0.0 0.0
13.125000 1.436368852 -102.466667 0.0 0.0
13.134800 1.434135317 -102.600000 0.0 0.0
13.144500 1.432443180 -102.566667 0.0 0.0
13.154300 1.430214167 -102.600000 0.0 0.0
13.164100 1.428535945 -102.666667 0.0 0.0
13.173800 1.427395750 -102.700000 0.0 0.0
13.183600 1.426266509 -102.766667 0.0 0.0
13.193400 1.424043961 -102.800000 0.0 0.0
13.203100 1.422905024 -102.833333 0.0 0.0
13.212900 1.421231468 -102.866667 0.0 0.0
13.222700 1.419014428 -102.933333 0.0 0.0
13.232400 1.417333179 -103.000000 0.0 0.0
13.242200 1.416207238 -103.066667 0.0 0.0
13.252000 1.415081415 -103.100000 0.0 0.0
13.261700 1.412860226 -103.100000 0.0 0.0
13.271500 1.410652398 -103.133333 0.0 0.0
13.281300 1.408447252 -103.200000 0.0 0.0
13.291000 1.407313946 -103.233333 0.0 0.0
13.300800 1.405651833 -103.300000 0.0 0.0
13.310500 1.403980372 -103.300000 0.0 0.0
13.320300 1.401782626 -103.333333 0.0 0.0
13.330100 1.400662197 -103.400000 0.0 0.0
13.339800 1.399531416 -103.400000 0.0 0.0
13.349600 1.398948047 -103.500000 0.0 0.0
13.359400 1.395683530 -103.500000 0.0 0.0
13.369100 1.394019467 -103.566667 0.0 0.0
13.378900 1.393436153 -103.500000 0.0 0.0
13.388700 1.392317912 -103.566667 0.0 0.0
13.398400 1.390122073 -103.633333 0.0 0.0
13.408200 1.387939320 -103.733333 0.0 0.0
13.418000 1.386823272 -103.866667 0.0 0.0
13.427700 1.385697063 -103.900000 0.0 0.0
13.437500 1.382988208 -103.900000 0.0 0.0
13.447300 1.380813721 -103.900000 0.0 0.0
13.457000 1.378631675 -103.933333 0.0 0.0
13.466800 1.378048207 -104.000000 0.0 0.0
13.476600 1.376935736 -104.033333 0.0 0.0
13.486300 1.375285348 -104.100000 0.0 0.0
13.496100 1.374173663 -104.133333 0.0 0.0
13.505900 1.372008693 -104.166667 0.0 0.0
13.515600 1.370362073 -104.200000 0.0 0.0
13.525400 1.368201675 -104.266667 0.0 0.0
13.535200 1.367617588 -104.300000 0.0 0.0
13.544900 1.366498428 -104.300000 0.0 0.0
13.554700 1.363818498 -104.366667 0.0 0.0
13.564500 1.361665571 -104.400000 0.0 0.0
13.574200 1.360027146 -104.433333 0.0 0.0
13.584000 1.358921405 -104.500000 0.0 0.0
13.593800 1.357815857 -104.533333 0.0 0.0
13.603500 1.355659622 -104.600000 0.0 0.0
13.613300 1.354035597 -104.666667 0.0 0.0
13.623000 1.352921993 -104.666667 0.0 0.0
13.632800 1.351299855 -104.733333 0.0 0.0
13.642600 1.350197022 -104.733333 0.0 0.0
13.652300 1.348566881 -104.833333 0.0 0.0
13.662100 1.347464896 -104.800000 0.0 0.0
13.671900 1.345330144 -104.866667 0.0 0.0
13.681600 1.343188266 -104.900000 0.0 0.0
13.691400 1.341573668 -104.966667 0.0 0.0
13.701200 1.339960324 -104.966667 0.0 0.0
13.710900 1.338338475 -105.033333 0.0 0.0
13.720700 1.337240749 -105.066667 0.0 0.0
13.730500 1.335630576 -105.100000 0.0 0.0
13.740200 1.334523997 -105.100000 0.0 0.0
13.750000 1.332915745 -105.166667 0.0 0.0
13.759800 1.331819762 -105.166667 0.0 0.0
13.769500 1.330203758 -105.266667 0.0 0.0
13.779300 1.329108664 -105.266667 0.0 0.0
13.789100 1.326994902 -105.300000 0.0 0.0
13.798800 1.325382769 -105.400000 0.0 0.0
13.808600 1.323781526 -105.400000 0.0 0.0
13.818400 1.322689055 -105.466667 0.0 0.0
13.828100 1.321587264 -105.466667 0.0 0.0
13.837900 1.318975882 -105.600000 0.0 0.0
13.847700 1.316369000 -105.633333 0.0 0.0
13.857400 1.314765865 -105.666667 0.0 0.0
13.867200 1.313173508 -105.700000 0.0 0.0
13.877000 1.311582424 -105.766667 0.0 0.0
13.886700 1.310989017 -105.800000 0.0 0.0
13.896500 1.310404669 -105.766667 0.0 0.0
13.906300 1.308814991 -105.800000 0.0 0.0
13.916000 1.306715633 -105.833333 0.0 0.0
13.925800 1.304628376 -105.900000 0.0 0.0
13.935500 1.304034923 -105.933333 0.0 0.0
13.945300 1.302950334 -105.966667 0.0 0.0
13.955100 1.301366490 -106.000000 0.0 0.0
13.964800 1.300772620 -106.000000 0.0 0.0
13.974600 1.298193367 -106.100000 0.0 0.0
13.984400 1.296613397 -106.100000 0.0 0.0
13.994100 1.294528570 -106.166667 0.0 0.0
14.003900 1.293944555 -106.200000 0.0 0.0
14.013700 1.291376313 -106.200000 0.0 0.0
14.023400 1.289298038 -106.200000 0.0 0.0
14.033200 1.287725754 -106.300000 0.0 0.0
14.043000 1.287142299 -106.333333 0.0 0.0
14.052700 1.289020354 -106.333333 0.0 0.0
14.062500 1.286952552 -106.366667 0.0 0.0
14.072300 1.285380632 -106.433333 0.0 0.0
14.082000 1.281831697 -106.500000 0.0 0.0
14.091800 1.279773572 -106.500000 0.0 0.0
14.101600 1.277718133 -106.600000 0.0 0.0
14.111300 1.276635817 -106.600000 0.0 0.0
14.121100 1.276542256 -106.633333 0.0 0.0
14.130900 1.274979366 -106.700000 0.0 0.0
14.140600 1.273897555 -106.700000 0.0 0.0
14.150400 1.271848503 -106.800000 0.0 0.0
14.160200 1.270289536 -106.800000 0.0 0.0
14.169900 1.269209903 -106.833333 0.0 0.0
14.179700 1.267652963 -106.900000 0.0 0.0
14.189500 1.266583304 -106.900000 0.0 0.0
14.199200 1.265505032 -107.000000 0.0 0.0
14.209000 1.263465868 -107.000000 0.0 0.0
14.218800 1.261429390 -107.066667 0.0 0.0
14.228500 1.259870146 -107.133333 0.0 0.0
14.238300 1.258804072 -107.133333 0.0 0.0
14.248000 1.257729478 -107.133333 0.0 0.0
14.257800 1.255699877 -107.166667 0.0 0.0
14.267600 1.254635558 -107.200000 0.0 0.0
14.277300 1.253081789 -107.233333 0.0 0.0
14.287100 1.252018515 -107.300000 0.0 0.0
14.296900 1.249995778 -107.333333 0.0 0.0
14.306600 1.248446017 -107.400000 0.0 0.0
14.316400 1.246906314 -107.433333 0.0 0.0
14.326200 1.244890090 -107.466667 0.0 0.0
14.335900 1.243344935 -107.500000 0.0 0.0
14.345700 1.241333315 -107.500000 0.0 0.0
14.355500 1.240752018 -107.500000 0.0 0.0
14.365200 1.240637803 -107.533333 0.0 0.0
14.375000 1.238628837 -107.566667 0.0 0.0
14.384800 1.238047083 -107.633333 0.0 0.0
14.394500 1.236032577 -107.700000 0.0 0.0
14.404300 1.234976872 -107.700000 0.0 0.0
14.414100 1.233448054 -107.800000 0.0 0.0
14.423800 1.231912017 -107.800000 0.0 0.0
14.433600 1.230858131 -107.800000 0.0 0.0
14.443400 1.229804578 -107.766667 0.0 0.0
14.453100 1.228271404 -107.833333 0.0 0.0
14.462900 1.226277378 -107.866667 0.0 0.0
14.472700 1.224755955 -108.000000 0.0 0.0
14.482400 1.223696934 -108.000000 0.0 0.0
14.492200 1.223116014 -108.066667 0.0 0.0
14.502000 1.221128125 -108.100000 0.0 0.0
14.511700 1.219602460 -108.100000 0.0 0.0
14.521500 1.217619176 -108.166667 0.0 0.0
14.531300 1.216571959 -108.233333 0.0 0.0
14.541000 1.215983292 -108.233333 0.0 0.0
14.550800 1.214470224 -108.300000 0.0 0.0
14.560500 1.213415734 -108.300000 0.0 0.0
14.570300 1.210974953 -108.366667 0.0 0.0
14.580100 1.209930718 -108.400000 0.0 0.0
14.589800 1.209342564 -108.433333 0.0 0.0
14.599600 1.207835038 -108.466667 0.0 0.0
14.609400 1.206791882 -108.466667 0.0 0.0
14.619100 1.205278206 -108.466667 0.0 0.0
14.628900 1.204236181 -108.500000 0.0 0.0
14.638700 1.202271385 -108.533333 0.0 0.0
14.648400 1.200761784 -108.600000 0.0 0.0
14.658200 1.199722056 -108.600000 0.0 0.0
14.668000 1.198682692 -108.700000 0.0 0.0
14.677700 1.197635535 -108.700000 0.0 0.0
14.687500 1.196137794 -108.766667 0.0 0.0
14.697300 1.195558668 -108.800000 0.0 0.0
14.707000 1.194054343 -108.800000 0.0 0.0
14.716800 1.192559495 -108.866667 0.0 0.0
14.726600 1.191065991 -108.900000 0.0 0.0
14.736300 1.189565758 -108.933333 0.0 0.0
14.746100 1.188987188 -109.000000 0.0 0.0
14.755900 1.187496587 -109.000000 0.0 0.0
14.765600 1.185999300 -109.066667 0.0 0.0
14.775400 1.184511406 -109.100000 0.0 0.0
14.785200 1.183024858 -109.100000 0.0 0.0
14.794900 1.182438878 -109.133333 0.0 0.0
14.804700 1.181407195 -109.166667 0.0 0.0
14.814500 1.179922995 -109.200000 0.0 0.0
14.824200 1.178884522 -109.233333 0.0 0.0
14.834000 1.176950709 -109.266667 0.0 0.0
14.843800 1.175019555 -109.300000 0.0 0.0
14.853500 1.173533434 -109.400000 0.0 0.0
14.863300 1.172056579 -109.433333 0.0 0.0
14.873000 1.171471996 -109.466667 0.0 0.0
14.882800 1.170445813 -109.466667 0.0 0.0
14.892600 1.168522803 -109.533333 0.0 0.0
14.902300 1.167490357 -109.566667 0.0 0.0
14.912100 1.166913885 -109.533333 0.0 0.0
14.921900 1.165442340 -109.600000 0.0 0.0
14.931600 1.164411128 -109.600000 0.0 0.0
14.941400 1.162941742 -109.700000 0.0 0.0
14.951200 1.161919529 -109.700000 0.0 0.0
14.960900 1.160444533 -109.766667 0.0 0.0
14.970700 1.158533975 -109.800000 0.0 0.0
14.980500 1.156626066 -109.800000 0.0 0.0
14.990200 1.156043281 -109.800000 0.0 0.0
15.000000 1.155468009 -109.833333 0.0 0.0
15.009800 1.153563676 -109.900000 0.0 0.0
15.019500 1.151654322 -109.900000 0.0 0.0
15.029300 1.150638108 -110.000000 0.0 0.0
15.039100 1.149181203 -110.000000 0.0 0.0
15.048800 1.148158566 -110.000000 0.0 0.0
15.058600 1.147143981 -110.033333 0.0 0.0
15.068400 1.145250457 -110.066667 0.0 0.0
15.078100 1.143790853 -110.100000 0.0 0.0
15.087900 1.142340209 -110.166667 0.0 0.0
15.097700 1.140890923 -110.166667 0.0 0.0
15.107400 1.139435453 -110.200000 0.0 0.0
15.117200 1.137988899 -110.233333 0.0 0.0
15.127000 1.136543703 -110.300000 0.0 0.0
15.136700 1.135092368 -110.300000 0.0 0.0
15.146500 1.134085042 -110.366667 0.0 0.0
15.156300 1.133078137 -110.400000 0.0 0.0
15.166000 1.131195629 -110.400000 0.0 0.0
15.175800 1.129323229 -110.466667 0.0 0.0
15.185500 1.127446033 -110.500000 0.0 0.0
15.195300 1.126010945 -110.500000 0.0 0.0
15.205100 1.125008872 -110.500000 0.0 0.0
15.214800 1.123568568 -110.600000 0.0 0.0
15.224600 1.122137022 -110.600000 0.0 0.0
15.234400 1.120706836 -110.666667 0.0 0.0
15.244100 1.119270667 -110.700000 0.0 0.0
15.253900 1.117414309 -110.733333 0.0 0.0
15.263700 1.116417122 -110.733333 0.0 0.0
15.273400 1.114129634 -110.800000 0.0 0.0
15.283200 1.111853659 -110.800000 0.0 0.0
15.293000 1.110860067 -110.833333 0.0 0.0
15.302700 1.109433812 -110.900000 0.0 0.0
15.312500 1.108016178 -110.933333 0.0 0.0
15.322300 1.106175311 -110.900000 0.0 0.0
15.332000 1.104753732 -110.900000 0.0 0.0
15.341800 1.102494209 -110.933333 0.0 0.0
15.351600 1.101506284 -111.000000 0.0 0.0
15.361300 1.099245351 -111.066667 0.0 0.0
15.371100 1.097838056 -111.100000 0.0 0.0
15.380900 1.095170529 -111.166667 0.0 0.0
15.390600 1.092921286 -111.200000 0.0 0.0
15.400400 1.092358857 -111.200000 0.0 0.0
15.410200 1.090540022 -111.200000 0.0 0.0
15.419900 1.088716715 -111.200000 0.0 0.0
15.429700 1.085235892 -111.266667 0.0 0.0
15.439500 1.083011908 -111.300000 0.0 0.0
15.449200 1.081199896 -111.366667 0.0 0.0
15.459000 1.078983319 -111.400000 0.0 0.0
15.468800 1.077597622 -111.400000 0.0 0.0
15.478500 1.075793390 -111.400000 0.0 0.0
15.488300 1.073586608 -111.500000 0.0 0.0
15.498000 1.071788246 -111.500000 0.0 0.0
15.507800 1.069178437 -111.566667 0.0 0.0
15.517600 1.067393498 -111.566667 0.0 0.0
15.527300 1.065195388 -111.633333 0.0 0.0
15.537100 1.063416254 -111.600000 0.0 0.0
15.546900 1.061232329 -111.633333 0.0 0.0
15.556600 1.058639315 -111.700000 0.0 0.0
15.566400 1.056059010 -111.700000 0.0 0.0
15.576200 1.054293466 -111.733333 0.0 0.0
15.585900 1.052119861 -111.766667 0.0 0.0
15.595700 1.050360076 -111.800000 0.0 0.0
15.605500 1.047396266 -111.833333 0.0 0.0
15.615200 1.044433719 -111.866667 0.0 0.0
15.625000 1.041885577 -111.900000 0.0 0.0
15.634800 1.040141274 -111.900000 0.0 0.0
15.644500 1.037596156 -112.000000 0.0 0.0
15.654300 1.035063480 -112.000000 0.0 0.0
15.664100 1.031744384 -112.000000 0.0 0.0
15.673800 1.029218619 -112.033333 0.0 0.0
15.683600 1.026311253 -112.066667 0.0 0.0
15.693400 1.023804524 -112.133333 0.0 0.0
15.703100 1.021689028 -112.166667 0.0 0.0
15.712900 1.019975359 -112.200000 0.0 0.0
15.722700 1.017092522 -112.200000 0.0 0.0
15.732400 1.014600285 -112.200000 0.0 0.0
15.742200 1.011343666 -112.300000 0.0 0.0
15.752000 1.008871150 -112.300000 0.0 0.0
15.761700 1.005239913 -112.300000 0.0 0.0
15.771500 1.002396789 -112.333333 0.0 0.0
15.781300 0.999177799 -112.333333 0.0 0.0
15.791000 0.996344743 -112.366667 0.0 0.0
15.800800 0.993525632 -112.400000 0.0 0.0
15.810500 0.990707851 -112.466667 0.0 0.0
15.820300 0.987524884 -112.500000 0.0 0.0
15.830100 0.983596538 -112.466667 0.0 0.0
15.839800 0.980805804 -112.500000 0.0 0.0
15.849600 0.977653531 -112.533333 0.0 0.0
15.859400 0.975259268 -112.566667 0.0 0.0
15.869100 0.971744960 -112.600000 0.0 0.0
15.878900 0.968249052 -112.633333 0.0 0.0
15.888700 0.964395181 -112.666667 0.0 0.0
15.898400 0.960918939 -112.666667 0.0 0.0
15.908200 0.957828398 -112.733333 0.0 0.0
15.918000 0.954747435 -112.800000 0.0 0.0
15.927700 0.951304900 -112.766667 0.0 0.0
15.937500 0.946789714 -112.800000 0.0 0.0
15.947300 0.943743190 -112.866667 0.0 0.0
15.957000 0.940339281 -112.966667 0.0 0.0
15.966800 0.936953171 -112.966667 0.0 0.0
15.976600 0.932504699 -112.966667 0.0 0.0
15.986300 0.928783786 -112.966667 0.0 0.0
15.996100 0.925793464 -113.000000 0.0 0.0
16.005900 0.922104410 -113.027000 0.0 0.0
16.015600 0.917719332 -113.054000 0.0 0.0
16.025400 0.913711053 -113.081000 0.0 0.0
16.035200 0.910069126 -113.108000 0.0 0.0
16.044900 0.906783651 -113.135000 0.0 0.0
16.054700 0.902129452 -113.162000 0.0 0.0
16.064500 0.898532685 -113.189000 0.0 0.0
16.074200 0.893914608 -113.216000 0.0 0.0
16.084000 0.890349935 -113.243000 0.0 0.0
16.093800 0.886458890 -113.270000 0.0 0.0
16.103500 0.882917810 -113.297000 0.0 0.0
16.113300 0.878384155 -113.324000 0.0 0.0
16.123000 0.873532741 -113.351000 0.0 0.0
16.132800 0.869380210 -113.378000 0.0 0.0
16.142600 0.865579214 -113.405000 0.0 0.0
16.152300 0.861789184 -113.432000 0.0 0.0
16.162100 0.857362445 -113.459000 0.0 0.0
16.171900 0.852303713 -113.486000 0.0 0.0
16.181600 0.847919835 -113.513000 0.0 0.0
16.191400 0.843563413 -113.540000 0.0 0.0
16.201200 0.839229066 -113.567000 0.0 0.0
16.210900 0.831394461 -113.594000 0.0 0.0
16.220700 0.827757121 -113.621000 0.0 0.0
16.230500 0.822871269 -113.648000 0.0 0.0
16.240200 0.822100111 -113.675000 0.0 0.0
16.250000 0.816933487 -113.702000 0.0 0.0
16.259800 0.812734195 -113.729000 0.0 0.0
16.269500 0.806691609 -113.756000 0.0 0.0
16.279300 0.801620952 -113.783000 0.0 0.0
16.289100 0.797193513 -113.810000 0.0 0.0
16.298800 0.793394095 -113.837000 0.0 0.0
16.308600 0.789314379 -113.864000 0.0 0.0
16.318400 0.784351818 -113.891000 0.0 0.0
16.328100 0.779116350 -113.918000 0.0 0.0
16.337900 0.774514525 -113.945000 0.0 0.0
16.347700 0.769348880 -113.972000 0.0 0.0
16.357400 0.764799521 -113.999000 0.0 0.0
16.367200 0.759115261 -114.026000 0.0 0.0
16.377000 0.753762191 -114.053000 0.0 0.0
16.386700 0.749016704 -114.080000 0.0 0.0
16.396500 0.745162778 -114.107000 0.0 0.0
16.406300 0.740475423 -114.134000 0.0 0.0
16.416000 0.735530484 -114.161000 0.0 0.0
16.425800 0.729502073 -114.188000 0.0 0.0
16.435500 0.725186294 -114.215000 0.0 0.0
16.445300 0.720070690 -114.242000 0.0 0.0
16.455100 0.715265360 -114.269000 0.0 0.0
16.464800 0.710214922 -114.296000 0.0 0.0
16.474600 0.704933601 -114.323000 0.0 0.0
16.484400 0.699154479 -114.350000 0.0 0.0
16.494100 0.693950708 -114.377000 0.0 0.0
16.503900 0.689847747 -114.404000 0.0 0.0
16.513700 0.685505679 -114.431000 0.0 0.0
16.523400 0.679619894 -114.458000 0.0 0.0
16.533200 0.673271534 -114.485000 0.0 0.0
16.543000 0.668263288 -114.512000 0.0 0.0
16.552700 0.663797344 -114.539000 0.0 0.0
16.562500 0.659365001 -114.566000 0.0 0.0
16.572300 0.652954300 -114.593000 0.0 0.0
16.582000 0.647843706 -114.620000 0.0 0.0
16.591800 0.643023489 -114.647000 0.0 0.0
16.601600 0.637749234 -114.674000 0.0 0.0
16.611300 0.632271523 -114.701000 0.0 0.0
16.621100 0.626123151 -114.728000 0.0 0.0
16.630900 0.620748605 -114.755000 0.0 0.0
16.640600 0.615416281 -114.782000 0.0 0.0
16.650400 0.610367412 -114.809000 0.0 0.0
16.660200 0.605127483 -114.836000 0.0 0.0
16.669900 0.600159007 -114.863000 0.0 0.0
16.679700 0.594321674 -114.890000 0.0 0.0
16.689500 0.589218887 -114.917000 0.0 0.0
16.699200 0.584380433 -114.944000 0.0 0.0
16.709000 0.579140307 -114.971000 0.0 0.0
16.718800 0.572407219 -114.998000 0.0 0.0
16.728500 0.566617957 -115.025000 0.0 0.0
16.738300 0.561321074 -115.052000 0.0 0.0
16.748000 0.557138220 -115.079000 0.0 0.0
16.757800 0.552141431 -115.106000 0.0 0.0
16.767600 0.546349947 -115.133000 0.0 0.0
16.777300 0.540408374 -115.160000 0.0 0.0
16.787100 0.534534422 -115.187000 0.0 0.0
16.796900 0.529739637 -115.214000 0.0 0.0
16.806600 0.524783128 -115.241000 0.0 0.0
16.816400 0.520275085 -115.268000 0.0 0.0
16.826200 0.515409849 -115.295000 0.0 0.0
16.835900 0.509999407 -115.322000 0.0 0.0
16.845700 0.504648588 -115.349000 0.0 0.0
16.855500 0.498970618 -115.376000 0.0 0.0
16.865200 0.493542810 -115.403000 0.0 0.0
16.875000 0.488926730 -115.430000 0.0 0.0
16.884800 0.481019395 -115.457000 0.0 0.0
16.894500 0.475421345 -115.484000 0.0 0.0
16.904300 0.470071432 -115.511000 0.0 0.0
16.914100 0.466926899 -115.538000 0.0 0.0
16.923800 0.462024016 -115.565000 0.0 0.0
16.933600 0.456473913 -115.592000 0.0 0.0
16.943400 0.452029971 -115.619000 0.0 0.0
16.953100 0.447111449 -115.646000 0.0 0.0
16.962900 0.442418659 -115.673000 0.0 0.0
16.972700 0.436935772 -115.700000 0.0 0.0
16.982400 0.431187073 -115.727000 0.0 0.0
16.992200 0.425843096 -115.754000 0.0 0.0
17.002000 0.421211298 -115.781000 0.0 0.0
17.011700 0.416627292 -115.808000 0.0 0.0
17.021500 0.411937342 -115.835000 0.0 0.0
17.031300 0.406831400 -115.862000 0.0 0.0
17.041000 0.401786256 -115.889000 0.0 0.0
17.050800 0.395134327 -115.916000 0.0 0.0
17.060500 0.389485913 -115.943000 0.0 0.0
17.070300 0.384657750 -115.970000 0.0 0.0
17.080100 0.381203672 -115.997000 0.0 0.0
17.089800 0.377054082 -116.024000 0.0 0.0
17.099600 0.372093958 -116.051000 0.0 0.0
17.109400 0.367058073 -116.078000 0.0 0.0
17.119100 0.362088108 -116.105000 0.0 0.0
17.128900 0.357736132 -116.132000 0.0 0.0
17.138700 0.353029673 -116.159000 0.0 0.0
17.148400 0.348115696 -116.186000 0.0 0.0
17.158200 0.343140299 -116.213000 0.0 0.0
17.168000 0.338885540 -116.240000 0.0 0.0
17.177700 0.334553066 -116.267000 0.0 0.0
17.187500 0.330658261 -116.294000 0.0 0.0
17.197300 0.326307408 -116.321000 0.0 0.0
17.207000 0.321394538 -116.348000 0.0 0.0
17.216800 0.316557374 -116.375000 0.0 0.0
17.226600 0.311434152 -116.402000 0.0 0.0
17.236300 0.307334073 -116.429000 0.0 0.0
17.246100 0.302708233 -116.456000 0.0 0.0
17.255900 0.298380851 -116.483000 0.0 0.0
17.265600 0.294339360 -116.510000 0.0 0.0
17.275400 0.290131430 -116.537000 0.0 0.0
17.285200 0.285764149 -116.564000 0.0 0.0
17.294900 0.280705802 -116.591000 0.0 0.0
17.304700 0.276798718 -116.618000 0.0 0.0
17.314500 0.272841202 -116.645000 0.0 0.0
17.324200 0.269248436 -116.672000 0.0 0.0
17.334000 0.264889936 -116.699000 0.0 0.0
17.343800 0.261202657 -116.726000 0.0 0.0
17.353500 0.256972755 -116.753000 0.0 0.0
17.363300 0.253201108 -116.780000 0.0 0.0
17.373000 0.248814004 -116.807000 0.0 0.0
17.382800 0.244973853 -116.834000 0.0 0.0
17.392600 0.240915370 -116.861000 0.0 0.0
17.402300 0.236922688 -116.888000 0.0 0.0
17.412100 0.233444951 -116.915000 0.0 0.0
17.421900 0.229577250 -116.942000 0.0 0.0
17.431600 0.225599042 -116.969000 0.0 0.0
17.441400 0.222116766 -116.996000 0.0 0.0
17.451200 0.218520388 -117.023000 0.0 0.0
17.460900 0.214568826 -117.050000 0.0 0.0
17.470700 0.210932568 -117.077000 0.0 0.0
17.480500 0.207198775 -117.104000 0.0 0.0
17.490200 0.204077336 -117.131000 0.0 0.0
17.500000 0.200541711 -117.158000 0.0 0.0
17.509800 0.197142920 -117.185000 0.0 0.0
17.519500 0.193949370 -117.212000 0.0 0.0
17.529300 0.190515906 -117.239000 0.0 0.0
17.539100 0.187143165 -117.266000 0.0 0.0
17.548800 0.183335862 -117.293000 0.0 0.0
17.558600 0.180090119 -117.320000 0.0 0.0
17.568400 0.177241552 -117.347000 0.0 0.0
17.578100 0.174102603 -117.374000 0.0 0.0
17.587900 0.170954546 -117.401000 0.0 0.0
17.597700 0.167348790 -117.428000 0.0 0.0
17.607400 0.164384891 -117.455000 0.0 0.0
17.617200 0.161102972 -117.482000 0.0 0.0
17.627000 0.158493603 -117.509000 0.0 0.0
17.636700 0.156105185 -117.536000 0.0 0.0
17.646500 0.153105895 -117.563000 0.0 0.0
17.656300 0.149933852 -117.590000 0.0 0.0
17.666000 0.146432753 -117.617000 0.0 0.0
17.675800 0.143895014 -117.644000 0.0 0.0
17.685500 0.141237713 -117.671000 0.0 0.0
17.695300 0.138843194 -117.698000 0.0 0.0
17.705100 0.135497636 -117.725000 0.0 0.0
17.714800 0.132842259 -117.752000 0.0 0.0
17.724600 0.130189645 -117.779000 0.0 0.0
17.734400 0.128425077 -117.806000 0.0 0.0
17.744100 0.125522229 -117.833000 0.0 0.0
17.753900 0.122874124 -117.860000 0.0 0.0
17.763700 0.120005209 -117.887000 0.0 0.0
17.773400 0.117969711 -117.914000 0.0 0.0
17.783200 0.115480834 -117.941000 0.0 0.0
17.793000 0.112697906 -117.968000 0.0 0.0
17.802700 0.110234924 -117.995000 0.0 0.0
17.812500 0.107991990 -118.022000 0.0 0.0
17.822300 0.105835269 -118.049000 0.0 0.0
17.832000 0.103641428 -118.076000 0.0 0.0
17.841800 0.101415733 -118.103000 0.0 0.0
17.851600 0.099314001 -118.130000 0.0 0.0
17.861300 0.096919924 -118.157000 0.0 0.0
17.871100 0.094802099 -118.184000 0.0 0.0
17.880900 0.092837344 -118.211000 0.0 0.0
17.890600 0.090773324 -118.238000 0.0 0.0
17.900400 0.088687566 -118.265000 0.0 0.0
17.910200 0.086782822 -118.292000 0.0 0.0
17.919900 0.084853335 -118.319000 0.0 0.0
17.929700 0.082999031 -118.346000 0.0 0.0
17.939500 0.080967426 -118.373000 0.0 0.0
17.949200 0.079106426 -118.400000 0.0 0.0
17.959000 0.077288608 -118.427000 0.0 0.0
17.968800 0.075599526 -118.454000 0.0 0.0
17.978500 0.073776852 -118.481000 0.0 0.0
17.988300 0.071888064 -118.508000 0.0 0.0
17.998000 0.070208697 -118.535000 0.0 0.0
18.007800 0.068964775 -118.562000 0.0 0.0
18.017600 0.067250720 -118.582000 0.0 0.0
18.027300 0.064679108 -118.602000 0.0 0.0
18.037100 0.062805843 -118.622000 0.0 0.0
18.046900 0.061291833 -118.642000 0.0 0.0
18.056600 0.060692633 -118.662000 0.0 0.0
18.066400 0.059070633 -118.682000 0.0 0.0
18.076200 0.057735173 -118.702000 0.0 0.0
18.085900 0.056235012 -118.722000 0.0 0.0
18.095700 0.054816174 -118.742000 0.0 0.0
18.105500 0.053453628 -118.762000 0.0 0.0
18.115200 0.052084656 -118.782000 0.0 0.0
18.125000 0.050770489 -118.802000 0.0 0.0
18.134800 0.049470478 -118.822000 0.0 0.0
18.144500 0.048277526 -118.842000 0.0 0.0
18.154300 0.047095510 -118.862000 0.0 0.0
18.164100 0.045713789 -118.882000 0.0 0.0
18.173800 0.044423463 -118.902000 0.0 0.0
18.183600 0.043236102 -118.922000 0.0 0.0
18.193400 0.042274700 -118.942000 0.0 0.0
18.203100 0.041097180 -118.962000 0.0 0.0
18.212900 0.039937337 -118.982000 0.0 0.0
18.222700 0.038825113 -119.002000 0.0 0.0
18.232400 0.038019859 -119.022000 0.0 0.0
18.242200 0.037017795 -119.042000 0.0 0.0
18.252000 0.035959236 -119.062000 0.0 0.0
18.261700 0.034730247 -119.082000 0.0 0.0
18.271500 0.033698265 -119.102000 0.0 0.0
18.281300 0.032709488 -119.122000 0.0 0.0
18.291000 0.031749541 -119.142000 0.0 0.0
18.300800 0.030924551 -119.162000 0.0 0.0
18.310500 0.029970929 -119.182000 0.0 0.0
18.320300 0.029169742 -119.202000 0.0 0.0
18.330100 0.028281222 -119.222000 0.0 0.0
18.339800 0.027525038 -119.242000 0.0 0.0
18.349600 0.026676362 -119.262000 0.0 0.0
18.359400 0.025863769 -119.282000 0.0 0.0
18.369100 0.025095039 -119.302000 0.0 0.0
18.378900 0.024414782 -119.322000 0.0 0.0
18.388700 0.023734734 -119.342000 0.0 0.0
18.398400 0.023038103 -119.362000 0.0 0.0
18.408200 0.022225148 -119.382000 0.0 0.0
18.418000 0.021589494 -119.402000 0.0 0.0
18.427700 0.020931698 -119.422000 0.0 0.0
18.437500 0.020239605 -119.442000 0.0 0.0
18.447300 0.019607978 -119.462000 0.0 0.0
18.457000 0.018952265 -119.482000 0.0 0.0
18.466800 0.018473888 -119.502000 0.0 0.0
18.476600 0.017835641 -119.522000 0.0 0.0
18.486300 0.017272293 -119.542000 0.0 0.0
18.496100 0.016771819 -119.562000 0.0 0.0
18.505900 0.016229689 -119.582000 0.0 0.0
18.515600 0.015704995 -119.602000 0.0 0.0
18.525400 0.015214847 -119.622000 0.0 0.0
18.535200 0.014785316 -119.642000 0.0 0.0
18.544900 0.014268922 -119.662000 0.0 0.0
18.554700 0.013686338 -119.682000 0.0 0.0
18.564500 0.013208391 -119.702000 0.0 0.0
18.574200 0.012820652 -119.722000 0.0 0.0
18.584000 0.012382429 -119.742000 0.0 0.0
18.593800 0.011968365 -119.762000 0.0 0.0
18.603500 0.011545905 -119.782000 0.0 0.0
18.613300 0.011159808 -119.802000 0.0 0.0
18.623000 0.010765883 -119.822000 0.0 0.0
18.632800 0.010362029 -119.842000 0.0 0.0
18.642600 0.010003988 -119.862000 0.0 0.0
18.652300 0.009621270 -119.882000 0.0 0.0
18.662100 0.009299520 -119.902000 0.0 0.0
18.671900 0.009009247 -119.922000 0.0 0.0
18.681600 0.008707913 -119.942000 0.0 0.0
18.691400 0.008442580 -119.962000 0.0 0.0
18.701200 0.008094738 -119.982000 0.0 0.0
18.710900 0.007767144 -120.002000 0.0 0.0
18.720700 0.007449985 -120.022000 0.0 0.0
18.730500 0.007195308 -120.042000 0.0 0.0
18.740200 0.006959973 -120.062000 0.0 0.0
18.750000 0.006686024 -120.082000 0.0 0.0
18.759800 0.006405625 -120.102000 0.0 0.0
18.769500 0.006170012 -120.122000 0.0 0.0
18.779300 0.005931703 -120.142000 0.0 0.0
18.789100 0.005698221 -120.162000 0.0 0.0
18.798800 0.005444568 -120.182000 0.0 0.0
18.808600 0.005228251 -120.202000 0.0 0.0
18.818400 0.005043701 -120.222000 0.0 0.0
18.828100 0.004882473 -120.242000 0.0 0.0
18.837900 0.004688485 -120.262000 0.0 0.0
18.847700 0.004509119 -120.282000 0.0 0.0
18.857400 0.004303434 -120.302000 0.0 0.0
18.867200 0.004124527 -120.322000 0.0 0.0
18.877000 0.003939426 -120.342000 0.0 0.0
18.886700 0.003769839 -120.362000 0.0 0.0
18.896500 0.003622831 -120.382000 0.0 0.0
18.906300 0.003486903 -120.402000 0.0 0.0
18.916000 0.003363793 -120.422000 0.0 0.0
18.925800 0.003223945 -120.442000 0.0 0.0
18.935500 0.003073336 -120.462000 0.0 0.0
18.945300 0.002929779 -120.482000 0.0 0.0
18.955100 0.002810128 -120.502000 0.0 0.0
18.964800 0.002671663 -120.522000 0.0 0.0
18.974600 0.002561568 -120.542000 0.0 0.0
18.984400 0.002443788 -120.562000 0.0 0.0
18.994100 0.002362937 -120.582000 0.0 0.0
19.003900 0.002243070 -120.602000 0.0 0.0
19.013700 0.002155592 -120.622000 0.0 0.0
19.023400 0.002054888 -120.642000 0.0 0.0
19.033200 0.001977023 -120.662000 0.0 0.0
19.043000 0.001869543 -120.682000 0.0 0.0
19.052700 0.001779467 -120.702000 0.0 0.0
19.062500 0.001687899 -120.722000 0.0 0.0
19.072300 0.001605350 -120.742000 0.0 0.0
19.082000 0.001534466 -120.762000 0.0 0.0
19.091800 0.001456063 -120.782000 0.0 0.0
19.101600 0.001363755 -120.802000 0.0 0.0
19.111300 0.001302038 -120.822000 0.0 0.0
19.121100 0.001257514 -120.842000 0.0 0.0
19.130900 0.001226221 -120.862000 0.0 0.0
19.140600 0.001164007 -120.882000 0.0 0.0
19.150400 0.001086037 -120.902000 0.0 0.0
19.160200 0.001026203 -120.922000 0.0 0.0
19.169900 0.001015360 -120.942000 0.0 0.0
19.179700 0.000978382 -120.962000 0.0 0.0
19.189500 0.000931244 -120.982000 0.0 0.0
19.199200 0.000845506 -121.002000 0.0 0.0
19.209000 0.000800150 -121.022000 0.0 0.0
19.218800 0.000750285 -121.042000 0.0 0.0
19.228500 0.000712217 -121.062000 0.0 0.0
19.238300 0.000671171 -121.082000 0.0 0.0
19.248000 0.000640795 -121.102000 0.0 0.0
19.257800 0.000601321 -121.122000 0.0 0.0
19.267600 0.000566449 -121.142000 0.0 0.0
19.277300 0.000526477 -121.162000 0.0 0.0
19.287100 0.000506719 -121.182000 0.0 0.0
19.296900 0.000481195 -121.202000 0.0 0.0
19.306600 0.000467418 -121.222000 0.0 0.0
19.316400 0.000442853 -121.242000 0.0 0.0
19.326200 0.000422973 -121.262000 0.0 0.0
19.335900 0.000396154 -121.282000 0.0 0.0
19.345700 0.000369474 -121.302000 0.0 0.0
19.355500 0.000340124 -121.322000 0.0 0.0
19.365200 0.000325229 -121.342000 0.0 0.0
19.375000 0.000299853 -121.362000 0.0 0.0
19.384800 0.000282354 -121.382000 0.0 0.0
19.394500 0.000246044 -121.402000 0.0 0.0
19.404300 0.000222791 -121.422000 0.0 0.0
19.414100 0.000194290 -121.442000 0.0 0.0
19.423800 0.000193123 -121.462000 0.0 0.0
19.433600 0.000185803 -121.482000 0.0 0.0
19.443400 0.000185826 -121.502000 0.0 0.0
19.453100 0.000176464 -121.522000 0.0 0.0
19.462900 0.000160894 -121.542000 0.0 0.0
19.472700 0.000146305 -121.562000 0.0 0.0
19.482400 0.000137872 -121.582000 0.0 0.0
19.492200 0.000135684 -121.602000 0.0 0.0
19.502000 0.000132255 -121.622000 0.0 0.0
19.511700 0.000098998 -121.642000 0.0 0.0
19.521500 0.000089780 -121.662000 0.0 0.0
19.531300 0.000168099 -121.682000 0.0 0.0
19.541000 0.000171375 -121.702000 0.0 0.0
19.550800 0.000167044 -121.722000 0.0 0.0
19.560500 0.000078592 -121.742000 0.0 0.0
19.570300 0.000075324 -121.762000 0.0 0.0
19.580100 0.000072747 -121.782000 0.0 0.0
19.589800 0.000081852 -121.802000 0.0 0.0
19.599600 0.000089484 -121.822000 0.0 0.0
19.609400 0.000117120 -121.842000 0.0 0.0
19.619100 0.000102019 -121.862000 0.0 0.0
19.628900 0.000092483 -121.882000 0.0 0.0
19.638700 0.000050189 -121.902000 0.0 0.0
19.648400 0.000043584 -121.922000 0.0 0.0
19.658200 0.000044195 -121.942000 0.0 0.0
19.668000 0.000057667 -121.962000 0.0 0.0
19.677700 0.000067062 -121.982000 0.0 0.0
19.687500 0.000058978 -122.002000 0.0 0.0
19.697300 0.000054711 -122.022000 0.0 0.0
19.707000 0.000050383 -122.042000 0.0 0.0
19.716800 0.000048084 -122.062000 0.0 0.0
19.726600 0.000040045 -122.082000 0.0 0.0
19.736300 0.000034655 -122.102000 0.0 0.0
19.746100 0.000044976 -122.122000 0.0 0.0
19.755900 0.000048588 -122.142000 0.0 0.0
19.765600 0.000053343 -122.162000 0.0 0.0
19.775400 0.000048006 -122.182000 0.0 0.0
19.785200 0.000104875 -122.202000 0.0 0.0
19.794900 0.000091072 -122.222000 0.0 0.0
19.804700 0.000080402 -122.242000 0.0 0.0
19.814500 0.000033380 -122.262000 0.0 0.0
19.824200 0.000041403 -122.282000 0.0 0.0
19.834000 0.000048370 -122.302000 0.0 0.0
19.843800 0.000041635 -122.322000 0.0 0.0
19.853500 0.000037054 -122.342000 0.0 0.0
19.863300 0.000038909 -122.362000 0.0 0.0
19.873000 0.000050555 -122.382000 0.0 0.0
19.882800 0.000065687 -122.402000 0.0 0.0
19.892600 0.000064248 -122.422000 0.0 0.0
19.902300 0.000052651 -122.442000 0.0 0.0
19.912100 0.000047619 -122.462000 0.0 0.0
19.921900 0.000043367 -122.482000 0.0 0.0
19.931600 0.000053114 -122.502000 0.0 0.0
19.941400 0.000044217 -122.522000 0.0 0.0
19.951200 0.000050115 -122.542000 0.0 0.0
19.960900 0.000033977 -122.562000 0.0 0.0
19.970700 0.000033746 -122.582000 0.0 0.0
19.980500 0.000035818 -122.602000 0.0 0.0
19.990200 0.000042379 -122.622000 0.0 0.0 