# Response file for CPUP BB site
# File received from station operator, October 2005
#
# C.Estabrook, 27 Oct 2005
#
# Original comments follow
#-------------------------------------------------------------------------
# UNCLASSIFIED
#
# Response info for CPUP BB site.
#
# Effective: 07 Oct 2005
# Created: 07 Oct 2005
# Inid:  
# Source:  James Neely (CTI)
# System equipment:  KS54000-01M1 Seismometer and AIM24S-3 Digitizer.
# 
# The response file was derived from actual RB calibrations.
# Displacement response normalized to 1.0 at 1.0 Hz.  The nominal calib
# values for this configuration are as follows:
#
# CPUPB BHZ is 0.006650 nm/count at 1.0 Hz.
# CPUPB BHN is 0.006740 nm/count at 1.0 Hz.
# CPUPB BHE is 0.006750 nm/count at 1.0 Hz.
# 
# Freq(Hz)     Amp(counts/nm)    Phase(deg)  Error(amp)  Error(phase)
#
   theoretical   0   instrument   fap
2047
0.009800	0.000066291	224.000000	0.0	0.0
0.019500	0.000317982	208.733333	0.0	0.0
0.029300	0.000785661	200.100000	0.0	0.0
0.039100	0.001462245	195.200000	0.0	0.0
0.048800	0.002314762	191.333333	0.0	0.0
0.058600	0.003376462	188.566667	0.0	0.0
0.068400	0.004639226	186.700000	0.0	0.0
0.078100	0.006076247	185.466667	0.0	0.0
0.087900	0.007717520	184.466667	0.0	0.0
0.097700	0.009541628	183.566667	0.0	0.0
0.107400	0.011548048	182.833333	0.0	0.0
0.117200	0.013730570	182.033333	0.0	0.0
0.127000	0.016110441	181.366667	0.0	0.0
0.136700	0.018658227	180.866667	0.0	0.0
0.146500	0.021445783	180.366667	0.0	0.0
0.156300	0.024457832	179.933333	0.0	0.0
0.166000	0.027619523	179.366667	0.0	0.0
0.175800	0.031012569	178.966667	0.0	0.0
0.185500	0.034463112	178.566667	0.0	0.0
0.195300	0.038142090	178.133333	0.0	0.0
0.205100	0.041985370	177.666667	0.0	0.0
0.214800	0.046085951	177.333333	0.0	0.0
0.224600	0.050406457	176.933333	0.0	0.0
0.234400	0.054964449	176.733333	0.0	0.0
0.244100	0.059768023	176.466667	0.0	0.0
0.253900	0.064688250	176.200000	0.0	0.0
0.263700	0.069805063	175.833333	0.0	0.0
0.273400	0.074862390	175.400000	0.0	0.0
0.283200	0.080356281	175.100000	0.0	0.0
0.293000	0.086079930	174.800000	0.0	0.0
0.302700	0.091803275	174.566667	0.0	0.0
0.312500	0.097731233	174.100000	0.0	0.0
0.322300	0.103917162	173.766667	0.0	0.0
0.332000	0.110435703	173.400000	0.0	0.0
0.341800	0.116961820	173.266667	0.0	0.0
0.351600	0.123717480	173.033333	0.0	0.0
0.361300	0.130587795	172.766667	0.0	0.0
0.371100	0.137979715	172.466667	0.0	0.0
0.380900	0.145530921	172.166667	0.0	0.0
0.390600	0.153037482	171.900000	0.0	0.0
0.400400	0.160813117	171.600000	0.0	0.0
0.410200	0.168716664	171.366667	0.0	0.0
0.419900	0.176790293	171.066667	0.0	0.0
0.429700	0.185138770	170.833333	0.0	0.0
0.439500	0.193531246	170.633333	0.0	0.0
0.449200	0.202245792	170.366667	0.0	0.0
0.459000	0.211004656	170.066667	0.0	0.0
0.468800	0.220280070	169.800000	0.0	0.0
0.478500	0.229313990	169.533333	0.0	0.0
0.488300	0.238986544	169.266667	0.0	0.0
0.498000	0.248671121	169.033333	0.0	0.0
0.507800	0.258455271	168.800000	0.0	0.0
0.517600	0.268321332	168.566667	0.0	0.0
0.527300	0.278258780	168.233333	0.0	0.0
0.537100	0.288919578	167.966667	0.0	0.0
0.546900	0.299674080	167.666667	0.0	0.0
0.556600	0.310517731	167.400000	0.0	0.0
0.566400	0.321548501	167.133333	0.0	0.0
0.576200	0.332771794	166.900000	0.0	0.0
0.585900	0.344202217	166.700000	0.0	0.0
0.595700	0.355949620	166.433333	0.0	0.0
0.605500	0.367898735	166.100000	0.0	0.0
0.615200	0.379926267	165.900000	0.0	0.0
0.625000	0.392428043	165.700000	0.0	0.0
0.634800	0.404675740	165.533333	0.0	0.0
0.644500	0.416977393	165.233333	0.0	0.0
0.654300	0.429260085	164.833333	0.0	0.0
0.664100	0.442215160	164.566667	0.0	0.0
0.673800	0.455227700	164.333333	0.0	0.0
0.683600	0.468386218	164.100000	0.0	0.0
0.693400	0.482096903	163.900000	0.0	0.0
0.703100	0.494919079	163.666667	0.0	0.0
0.712900	0.508616638	163.400000	0.0	0.0
0.722700	0.522696320	163.133333	0.0	0.0
0.732400	0.537440022	162.866667	0.0	0.0
0.742200	0.552130705	162.600000	0.0	0.0
0.752000	0.566807621	162.366667	0.0	0.0
0.761700	0.581078194	162.166667	0.0	0.0
0.771500	0.596126636	161.900000	0.0	0.0
0.781300	0.611132878	161.600000	0.0	0.0
0.791000	0.626882722	161.366667	0.0	0.0
0.800800	0.642512324	161.100000	0.0	0.0
0.810500	0.657666981	160.900000	0.0	0.0
0.820300	0.673925811	160.633333	0.0	0.0
0.830100	0.690389474	160.366667	0.0	0.0
0.839800	0.706618615	160.133333	0.0	0.0
0.849600	0.722929046	159.866667	0.0	0.0
0.859400	0.739986901	159.600000	0.0	0.0
0.869100	0.756495182	159.366667	0.0	0.0
0.878900	0.773651899	159.100000	0.0	0.0
0.888700	0.790090840	158.833333	0.0	0.0
0.898400	0.807432364	158.566667	0.0	0.0
0.908200	0.825143840	158.333333	0.0	0.0
0.918000	0.843047469	158.166667	0.0	0.0
0.927700	0.861288099	157.866667	0.0	0.0
0.937500	0.879581094	157.666667	0.0	0.0
0.947300	0.898066317	157.466667	0.0	0.0
0.957000	0.916552210	157.166667	0.0	0.0
0.966800	0.935419926	156.966667	0.0	0.0
0.976600	0.954479869	156.666667	0.0	0.0
0.986300	0.973534619	156.433333	0.0	0.0
0.996100	0.992215210	156.200000	0.0	0.0
1.005900	1.011834810	156.000000	0.0	0.0
1.015600	1.031443360	155.666667	0.0	0.0
1.025400	1.051445160	155.466667	0.0	0.0
1.035200	1.072050376	155.166667	0.0	0.0
1.044900	1.091816010	154.966667	0.0	0.0
1.054700	1.112392090	154.700000	0.0	0.0
1.064500	1.131856402	154.466667	0.0	0.0
1.074200	1.152577921	154.166667	0.0	0.0
1.084000	1.173253606	153.900000	0.0	0.0
1.093800	1.194563309	153.666667	0.0	0.0
1.103500	1.216311114	153.400000	0.0	0.0
1.113300	1.238961330	153.166667	0.0	0.0
1.123000	1.260645117	153.000000	0.0	0.0
1.132800	1.281759310	152.733333	0.0	0.0
1.142600	1.303532227	152.533333	0.0	0.0
1.152300	1.325249931	152.200000	0.0	0.0
1.162100	1.348922511	151.966667	0.0	0.0
1.171900	1.371769393	151.766667	0.0	0.0
1.181600	1.394572075	151.566667	0.0	0.0
1.191400	1.417256720	151.266667	0.0	0.0
1.201200	1.440668234	150.933333	0.0	0.0
1.210900	1.462906462	150.700000	0.0	0.0
1.220700	1.486681336	150.466667	0.0	0.0
1.230500	1.510647847	150.200000	0.0	0.0
1.240200	1.534558517	149.966667	0.0	0.0
1.250000	1.558906350	149.700000	0.0	0.0
1.259800	1.583445820	149.500000	0.0	0.0
1.269500	1.606073478	149.233333	0.0	0.0
1.279300	1.630965595	149.000000	0.0	0.0
1.289100	1.656049130	148.733333	0.0	0.0
1.298800	1.681065208	148.500000	0.0	0.0
1.308600	1.706529625	148.200000	0.0	0.0
1.318400	1.731520836	148.000000	0.0	0.0
1.328100	1.757093559	147.700000	0.0	0.0
1.337900	1.783804715	147.466667	0.0	0.0
1.347700	1.810032849	147.200000	0.0	0.0
1.357400	1.836181848	146.966667	0.0	0.0
1.367200	1.861361668	146.700000	0.0	0.0
1.377000	1.887417079	146.500000	0.0	0.0
1.386700	1.914836502	146.300000	0.0	0.0
1.396500	1.941996965	146.100000	0.0	0.0
1.406300	1.968593077	145.800000	0.0	0.0
1.416000	1.995843604	145.500000	0.0	0.0
1.425800	2.022788864	145.200000	0.0	0.0
1.435500	2.050405353	145.000000	0.0	0.0
1.445300	2.076902004	144.733333	0.0	0.0
1.455100	2.105162773	144.500000	0.0	0.0
1.464800	2.134142081	144.233333	0.0	0.0
1.474600	2.163624011	143.933333	0.0	0.0
1.484400	2.191636668	143.700000	0.0	0.0
1.494100	2.219521373	143.466667	0.0	0.0
1.503900	2.247007828	143.233333	0.0	0.0
1.513700	2.278135868	143.000000	0.0	0.0
1.523400	2.307426641	142.733333	0.0	0.0
1.533200	2.337209383	142.500000	0.0	0.0
1.543000	2.366274837	142.266667	0.0	0.0
1.552700	2.394280927	142.000000	0.0	0.0
1.562500	2.424599728	141.733333	0.0	0.0
1.572300	2.452284363	141.433333	0.0	0.0
1.582000	2.482635483	141.233333	0.0	0.0
1.591800	2.512524666	140.933333	0.0	0.0
1.601600	2.544533191	140.733333	0.0	0.0
1.611300	2.575448169	140.500000	0.0	0.0
1.621100	2.606871425	140.233333	0.0	0.0
1.630900	2.638485218	140.000000	0.0	0.0
1.640600	2.669964054	139.733333	0.0	0.0
1.650400	2.698848027	139.466667	0.0	0.0
1.660200	2.730994459	139.233333	0.0	0.0
1.669900	2.763000283	138.966667	0.0	0.0
1.679700	2.795525412	138.700000	0.0	0.0
1.689500	2.824986601	138.433333	0.0	0.0
1.699200	2.857518158	138.233333	0.0	0.0
1.709000	2.889465137	138.033333	0.0	0.0
1.718800	2.923820387	137.733333	0.0	0.0
1.728500	2.956914505	137.433333	0.0	0.0
1.738300	2.990538930	137.233333	0.0	0.0
1.748000	3.024007449	136.933333	0.0	0.0
1.757800	3.058010134	136.700000	0.0	0.0
1.767600	3.092202919	136.433333	0.0	0.0
1.777300	3.122636859	136.133333	0.0	0.0
1.787100	3.157168126	135.933333	0.0	0.0
1.796900	3.191889274	135.633333	0.0	0.0
1.806600	3.226443110	135.433333	0.0	0.0
1.816400	3.261542083	135.133333	0.0	0.0
1.826200	3.294301497	134.933333	0.0	0.0
1.835900	3.328112848	134.633333	0.0	0.0
1.845700	3.363738488	134.433333	0.0	0.0
1.855500	3.398249414	134.166667	0.0	0.0
1.865200	3.431237768	133.866667	0.0	0.0
1.875000	3.467388817	133.633333	0.0	0.0
1.884800	3.507765450	133.366667	0.0	0.0
1.894500	3.539885537	133.133333	0.0	0.0
1.904300	3.576602986	132.866667	0.0	0.0
1.914100	3.609352067	132.566667	0.0	0.0
1.923800	3.646026667	132.366667	0.0	0.0
1.933600	3.683267617	132.133333	0.0	0.0
1.943400	3.720697794	131.866667	0.0	0.0
1.953100	3.753608380	131.566667	0.0	0.0
1.962900	3.797196017	131.300000	0.0	0.0
1.972700	3.833734995	131.066667	0.0	0.0
1.982400	3.873015586	130.800000	0.0	0.0
1.992200	3.905403144	130.566667	0.0	0.0
2.002000	3.943920448	130.300000	0.0	0.0
2.011700	3.977648770	130.066667	0.0	0.0
2.021500	4.016497411	129.833333	0.0	0.0
2.031300	4.052423300	129.566667	0.0	0.0
2.041000	4.094359847	129.333333	0.0	0.0
2.050800	4.129016492	129.033333	0.0	0.0
2.060500	4.168168217	128.766667	0.0	0.0
2.070300	4.204682728	128.466667	0.0	0.0
2.080100	4.244583629	128.200000	0.0	0.0
2.089800	4.284262932	127.966667	0.0	0.0
2.099600	4.327859249	127.766667	0.0	0.0
2.109400	4.368354585	127.533333	0.0	0.0
2.119100	4.408622400	127.233333	0.0	0.0
2.128900	4.444373239	126.933333	0.0	0.0
2.138700	4.480224110	126.666667	0.0	0.0
2.148400	4.515754126	126.433333	0.0	0.0
2.158200	4.562295135	126.133333	0.0	0.0
2.168000	4.603822337	125.900000	0.0	0.0
2.177700	4.645111063	125.666667	0.0	0.0
2.187500	4.681619608	125.433333	0.0	0.0
2.197300	4.723660882	125.133333	0.0	0.0
2.207000	4.763629759	124.866667	0.0	0.0
2.216800	4.802341340	124.600000	0.0	0.0
2.226600	4.844895448	124.300000	0.0	0.0
2.236300	4.887200174	124.033333	0.0	0.0
2.246100	4.930127782	123.833333	0.0	0.0
2.255900	4.967520734	123.600000	0.0	0.0
2.265600	5.008409208	123.333333	0.0	0.0
2.275400	5.049892977	123.033333	0.0	0.0
2.285200	5.095440846	122.800000	0.0	0.0
2.294900	5.138789940	122.500000	0.0	0.0
2.304700	5.184761740	122.266667	0.0	0.0
2.314500	5.226942271	122.000000	0.0	0.0
2.324200	5.266802023	121.766667	0.0	0.0
2.334000	5.305199297	121.500000	0.0	0.0
2.343800	5.349843773	121.266667	0.0	0.0
2.353500	5.392147189	121.000000	0.0	0.0
2.363300	5.437146605	120.700000	0.0	0.0
2.373000	5.475563373	120.466667	0.0	0.0
2.382800	5.520882652	120.166667	0.0	0.0
2.392600	5.559983850	119.900000	0.0	0.0
2.402300	5.605157442	119.666667	0.0	0.0
2.412100	5.650982348	119.366667	0.0	0.0
2.421900	5.696993812	119.133333	0.0	0.0
2.431600	5.742719485	118.866667	0.0	0.0
2.441400	5.784660567	118.666667	0.0	0.0
2.451200	5.822249728	118.366667	0.0	0.0
2.460900	5.866169387	118.066667	0.0	0.0
2.470700	5.910715153	117.800000	0.0	0.0
2.480500	5.955411786	117.533333	0.0	0.0
2.490200	5.999777213	117.266667	0.0	0.0
2.500000	6.044773292	116.966667	0.0	0.0
2.509800	6.089919659	116.766667	0.0	0.0
2.519500	6.130022361	116.400000	0.0	0.0
2.529300	6.177802518	116.166667	0.0	0.0
2.539100	6.218604607	115.900000	0.0	0.0
2.548800	6.266208628	115.700000	0.0	0.0
2.558600	6.314487741	115.466667	0.0	0.0
2.568400	6.362952128	115.200000	0.0	0.0
2.578100	6.406185613	114.900000	0.0	0.0
2.587900	6.452504476	114.600000	0.0	0.0
2.597700	6.501466394	114.300000	0.0	0.0
2.607400	6.555140265	114.066667	0.0	0.0
2.617200	6.596908948	113.900000	0.0	0.0
2.627000	6.641305816	113.600000	0.0	0.0
2.636700	6.677615958	113.300000	0.0	0.0
2.646500	6.724765274	113.000000	0.0	0.0
2.656300	6.766866021	112.700000	0.0	0.0
2.666000	6.816377331	112.466667	0.0	0.0
2.675800	6.863947696	112.200000	0.0	0.0
2.685500	6.908498168	112.000000	0.0	0.0
2.695300	6.956341421	111.700000	0.0	0.0
2.705100	7.001643306	111.466667	0.0	0.0
2.714800	7.051946590	111.166667	0.0	0.0
2.724600	7.100225979	110.866667	0.0	0.0
2.734400	7.145908058	110.600000	0.0	0.0
2.744100	7.191175166	110.300000	0.0	0.0
2.753900	7.242630548	110.066667	0.0	0.0
2.763700	7.288672955	109.800000	0.0	0.0
2.773400	7.337109869	109.500000	0.0	0.0
2.783200	7.383384715	109.266667	0.0	0.0
2.793000	7.429767178	109.000000	0.0	0.0
2.802700	7.472855084	108.733333	0.0	0.0
2.812500	7.510780365	108.466667	0.0	0.0
2.822300	7.557410596	108.166667	0.0	0.0
2.832000	7.615290904	107.866667	0.0	0.0
2.841800	7.668086792	107.666667	0.0	0.0
2.851600	7.721065062	107.400000	0.0	0.0
2.861300	7.758780335	107.166667	0.0	0.0
2.871100	7.809021856	106.866667	0.0	0.0
2.880900	7.862422311	106.633333	0.0	0.0
2.890600	7.918495301	106.366667	0.0	0.0
2.900400	7.966161858	106.100000	0.0	0.0
2.910200	8.007783804	105.800000	0.0	0.0
2.919900	8.051978802	105.533333	0.0	0.0
2.929700	8.106118884	105.233333	0.0	0.0
2.939500	8.151050723	105.000000	0.0	0.0
2.949200	8.192349098	104.700000	0.0	0.0
2.959000	8.240557555	104.400000	0.0	0.0
2.968800	8.288867856	104.100000	0.0	0.0
2.978500	8.349527040	103.833333	0.0	0.0
2.988300	8.391669857	103.600000	0.0	0.0
2.998000	8.436518380	103.300000	0.0	0.0
3.007800	8.481993006	103.066667	0.0	0.0
3.017600	8.527531692	102.800000	0.0	0.0
3.027300	8.579149880	102.500000	0.0	0.0
3.037100	8.634784772	102.233333	0.0	0.0
3.046900	8.690599474	101.966667	0.0	0.0
3.056600	8.739311462	101.700000	0.0	0.0
3.066400	8.795440854	101.400000	0.0	0.0
3.076200	8.841564829	101.133333	0.0	0.0
3.085900	8.880355739	100.900000	0.0	0.0
3.095700	8.926565602	100.600000	0.0	0.0
3.105500	8.976280192	100.300000	0.0	0.0
3.115200	9.039377736	100.066667	0.0	0.0
3.125000	9.089361506	99.800000	0.0	0.0
3.134800	9.164026637	99.500000	0.0	0.0
3.144500	9.213752275	99.200000	0.0	0.0
3.154300	9.267714757	98.966667	0.0	0.0
3.164100	9.286108096	98.633333	0.0	0.0
3.173800	9.339546275	98.400000	0.0	0.0
3.183600	9.390102337	98.133333	0.0	0.0
3.193400	9.437130817	97.866667	0.0	0.0
3.203100	9.487264199	97.600000	0.0	0.0
3.212900	9.530764762	97.300000	0.0	0.0
3.222700	9.577961599	97.033333	0.0	0.0
3.232400	9.624618623	96.733333	0.0	0.0
3.242200	9.686783713	96.433333	0.0	0.0
3.252000	9.734218128	96.233333	0.0	0.0
3.261700	9.788617550	95.933333	0.0	0.0
3.271500	9.839971697	95.633333	0.0	0.0
3.281300	9.891417742	95.333333	0.0	0.0
3.291000	9.938536368	95.133333	0.0	0.0
3.300800	9.993978740	94.733333	0.0	0.0
3.310500	10.041236231	94.533333	0.0	0.0
3.320300	10.093024268	94.200000	0.0	0.0
3.330100	10.137119132	93.966667	0.0	0.0
3.339800	10.196260458	93.700000	0.0	0.0
3.349600	10.232597602	93.400000	0.0	0.0
3.359400	10.280717743	93.033333	0.0	0.0
3.369100	10.324312387	92.800000	0.0	0.0
3.378900	10.388448178	92.600000	0.0	0.0
3.388700	10.436773184	92.333333	0.0	0.0
3.398400	10.484530566	92.066667	0.0	0.0
3.408200	10.532952950	91.800000	0.0	0.0
3.418000	10.581423994	91.533333	0.0	0.0
3.427700	10.633403047	91.233333	0.0	0.0
3.437500	10.690189743	91.000000	0.0	0.0
3.447300	10.734739060	90.700000	0.0	0.0
3.457000	10.782813468	90.500000	0.0	0.0
3.466800	10.831557490	90.166667	0.0	0.0
3.476600	10.880347970	89.900000	0.0	0.0
3.486300	10.941146801	89.500000	0.0	0.0
3.496100	10.998522800	89.266667	0.0	0.0
3.505900	11.051783843	89.000000	0.0	0.0
3.515600	11.095977777	88.700000	0.0	0.0
3.525400	11.153644557	88.400000	0.0	0.0
3.535200	11.194240773	88.100000	0.0	0.0
3.544900	11.247119518	87.800000	0.0	0.0
3.554700	11.287711696	87.600000	0.0	0.0
3.564500	11.341327844	87.366667	0.0	0.0
3.574200	11.390016878	87.066667	0.0	0.0
3.584000	11.439384788	86.766667	0.0	0.0
3.593800	11.497616233	86.466667	0.0	0.0
3.603500	11.550897218	86.233333	0.0	0.0
3.613300	11.600446588	85.966667	0.0	0.0
3.623000	11.653865498	85.700000	0.0	0.0
3.632800	11.708007118	85.433333	0.0	0.0
3.642600	11.748695099	85.166667	0.0	0.0
3.652300	11.793233205	84.900000	0.0	0.0
3.662100	11.838419679	84.566667	0.0	0.0
3.671900	11.892733591	84.266667	0.0	0.0
3.681600	11.941893745	84.033333	0.0	0.0
3.691400	11.991740332	83.733333	0.0	0.0
3.701200	12.046247272	83.433333	0.0	0.0
3.710900	12.095537417	83.133333	0.0	0.0
3.720700	12.140856013	82.933333	0.0	0.0
3.730500	12.190852836	82.633333	0.0	0.0
3.740200	12.240232065	82.333333	0.0	0.0
3.750000	12.304459339	82.033333	0.0	0.0
3.759800	12.354622704	81.733333	0.0	0.0
3.769500	12.394646983	81.533333	0.0	0.0
3.779300	12.444842415	81.233333	0.0	0.0
3.789100	12.480695883	80.933333	0.0	0.0
3.798800	12.544678206	80.633333	0.0	0.0
3.808600	12.580485248	80.400000	0.0	0.0
3.818400	12.630760765	80.133333	0.0	0.0
3.828100	12.695014902	79.866667	0.0	0.0
3.837900	12.774796066	79.533333	0.0	0.0
3.847700	12.830268352	79.233333	0.0	0.0
3.857400	12.880202341	78.966667	0.0	0.0
3.867200	12.891197620	78.666667	0.0	0.0
3.877000	12.931778840	78.433333	0.0	0.0
3.886700	12.971654539	78.200000	0.0	0.0
3.896500	13.012158991	77.933333	0.0	0.0
3.906300	13.062646893	77.633333	0.0	0.0
3.916000	13.117528998	77.333333	0.0	0.0
3.925800	13.163044253	77.066667	0.0	0.0
3.935500	13.212951275	76.766667	0.0	0.0
3.945300	13.258469635	76.466667	0.0	0.0
3.955100	13.309087200	76.166667	0.0	0.0
3.964800	13.364187784	75.966667	0.0	0.0
3.974600	13.414881985	75.666667	0.0	0.0
3.984400	13.455273488	75.466667	0.0	0.0
3.994100	13.494947566	75.166667	0.0	0.0
4.003900	13.550847079	74.866667	0.0	0.0
4.013700	13.596375499	74.566667	0.0	0.0
4.023400	13.641216128	74.166667	0.0	0.0
4.033200	13.691977718	73.966667	0.0	0.0
4.043000	13.737492954	73.700000	0.0	0.0
4.052700	13.777029219	73.466667	0.0	0.0
4.062500	13.827810354	73.166667	0.0	0.0
4.072300	13.878617138	72.866667	0.0	0.0
4.082000	13.918080181	72.600000	0.0	0.0
4.091800	13.974259250	72.333333	0.0	0.0
4.101600	14.019739438	72.033333	0.0	0.0
4.111300	14.064522856	71.733333	0.0	0.0
4.121100	14.104563138	71.466667	0.0	0.0
4.130900	14.155417954	71.166667	0.0	0.0
4.140600	14.200159491	70.966667	0.0	0.0
4.150400	14.256510627	70.666667	0.0	0.0
4.160200	14.290971485	70.366667	0.0	0.0
4.169900	14.330167945	70.066667	0.0	0.0
4.179700	14.370004001	69.833333	0.0	0.0
4.189500	14.426391801	69.533333	0.0	0.0
4.199200	14.459938733	69.233333	0.0	0.0
4.209000	14.510794269	68.966667	0.0	0.0
4.218800	14.556083605	68.700000	0.0	0.0
4.228500	14.589463994	68.400000	0.0	0.0
4.238300	14.623457087	68.066667	0.0	0.0
4.248000	14.673566440	67.800000	0.0	0.0
4.257800	14.724385592	67.566667	0.0	0.0
4.267600	14.775224199	67.333333	0.0	0.0
4.277300	14.808330210	67.033333	0.0	0.0
4.287100	14.864851026	66.800000	0.0	0.0
4.296900	14.909983401	66.500000	0.0	0.0
4.306600	14.954402726	66.233333	0.0	0.0
4.316400	14.993742028	65.933333	0.0	0.0
4.326200	15.027261800	65.633333	0.0	0.0
4.335900	15.065787869	65.366667	0.0	0.0
4.345700	15.104956680	65.100000	0.0	0.0
4.355500	15.149886161	64.833333	0.0	0.0
4.365200	15.199931347	64.566667	0.0	0.0
4.375000	15.244836866	64.333333	0.0	0.0
4.384800	15.289721615	64.100000	0.0	0.0
4.394500	15.333887440	63.800000	0.0	0.0
4.404300	15.372828662	63.500000	0.0	0.0
4.414100	15.417631767	63.200000	0.0	0.0
4.423800	15.449851232	62.933333	0.0	0.0
4.433600	15.494575537	62.600000	0.0	0.0
4.443400	15.527355204	62.366667	0.0	0.0
4.453100	15.559354022	62.100000	0.0	0.0
4.462900	15.603941429	61.833333	0.0	0.0
4.472700	15.642501511	61.533333	0.0	0.0
4.482400	15.686325366	61.233333	0.0	0.0
4.492200	15.730825023	60.966667	0.0	0.0
4.502000	15.781355920	60.733333	0.0	0.0
4.511700	15.819051069	60.433333	0.0	0.0
4.521500	15.863477746	60.166667	0.0	0.0
4.531300	15.895674665	59.866667	0.0	0.0
4.541000	15.927086442	59.666667	0.0	0.0
4.550800	15.977500219	59.366667	0.0	0.0
4.560500	16.008780629	59.066667	0.0	0.0
4.570300	16.059157245	58.766667	0.0	0.0
4.580100	16.091008119	58.500000	0.0	0.0
4.589800	16.122072008	58.233333	0.0	0.0
4.599600	16.153753965	57.966667	0.0	0.0
4.609400	16.191563782	57.700000	0.0	0.0
4.619100	16.228612693	57.466667	0.0	0.0
4.628900	16.266305726	57.166667	0.0	0.0
4.638700	16.303940147	56.933333	0.0	0.0
4.648400	16.334542869	56.666667	0.0	0.0
4.658200	16.384615798	56.366667	0.0	0.0
4.668000	16.422087485	56.100000	0.0	0.0
4.677700	16.465113567	55.800000	0.0	0.0
4.687500	16.496148650	55.566667	0.0	0.0
4.697300	16.527097754	55.333333	0.0	0.0
4.707000	16.569970298	55.000000	0.0	0.0
4.716800	16.607142939	54.766667	0.0	0.0
4.726600	16.637869029	54.466667	0.0	0.0
4.736300	16.667804815	54.166667	0.0	0.0
4.746100	16.691951048	53.866667	0.0	0.0
4.755900	16.735245796	53.666667	0.0	0.0
4.765600	16.771368738	53.400000	0.0	0.0
4.775400	16.801685204	53.166667	0.0	0.0
4.785200	16.831914695	52.866667	0.0	0.0
4.794900	16.867825843	52.600000	0.0	0.0
4.804700	16.910867444	52.366667	0.0	0.0
4.814500	16.953877809	52.066667	0.0	0.0
4.824200	16.976595805	51.766667	0.0	0.0
4.834000	17.026025996	51.500000	0.0	0.0
4.843800	17.075459751	51.266667	0.0	0.0
4.853500	17.104487576	51.033333	0.0	0.0
4.863300	17.114417452	50.766667	0.0	0.0
4.873000	17.123511224	50.500000	0.0	0.0
4.882800	17.166082884	50.200000	0.0	0.0
4.892600	17.202018958	49.933333	0.0	0.0
4.902300	17.237188704	49.666667	0.0	0.0
4.912100	17.272998385	49.400000	0.0	0.0
4.921900	17.308744670	49.133333	0.0	0.0
4.931600	17.337069406	48.900000	0.0	0.0
4.941400	17.359345827	48.666667	0.0	0.0
4.951200	17.381514139	48.366667	0.0	0.0
4.960900	17.409552668	48.066667	0.0	0.0
4.970700	17.458292762	47.766667	0.0	0.0
4.980500	17.500315925	47.566667	0.0	0.0
4.990200	17.541601352	47.266667	0.0	0.0
5.000000	17.570063942	47.033333	0.0	0.0
5.009800	17.584935384	46.766667	0.0	0.0
5.019500	17.612496391	46.533333	0.0	0.0
5.029300	17.640670354	46.266667	0.0	0.0
5.039100	17.682321685	46.033333	0.0	0.0
5.048800	17.716434965	45.733333	0.0	0.0
5.058600	17.723956659	45.500000	0.0	0.0
5.068400	17.751774175	45.200000	0.0	0.0
5.078100	17.778802187	44.900000	0.0	0.0
5.087900	17.806441358	44.666667	0.0	0.0
5.097700	17.840836529	44.366667	0.0	0.0
5.107400	17.874466062	44.166667	0.0	0.0
5.117200	17.901858323	43.866667	0.0	0.0
5.127000	17.929161046	43.666667	0.0	0.0
5.136700	17.948785653	43.400000	0.0	0.0
5.146500	17.982798897	43.166667	0.0	0.0
5.156300	18.002922881	42.866667	0.0	0.0
5.166000	18.022241446	42.600000	0.0	0.0
5.175800	18.042150693	42.300000	0.0	0.0
5.185500	18.068188406	42.066667	0.0	0.0
5.195300	18.087890830	41.833333	0.0	0.0
5.205100	18.128344895	41.666667	0.0	0.0
5.214800	18.154124676	41.366667	0.0	0.0
5.224600	18.201454408	41.100000	0.0	0.0
5.234400	18.227781526	40.866667	0.0	0.0
5.244100	18.253322600	40.600000	0.0	0.0
5.253900	18.279470221	40.366667	0.0	0.0
5.263700	18.291483297	40.066667	0.0	0.0
5.273400	18.316736440	39.800000	0.0	0.0
5.283200	18.328521635	39.566667	0.0	0.0
5.293000	18.354270221	39.300000	0.0	0.0
5.302700	18.386290400	39.066667	0.0	0.0
5.312500	18.418936591	38.800000	0.0	0.0
5.322300	18.444435496	38.500000	0.0	0.0
5.332000	18.462065247	38.266667	0.0	0.0
5.341800	18.473190729	38.033333	0.0	0.0
5.351600	18.498391082	37.800000	0.0	0.0
5.361300	18.522810590	37.500000	0.0	0.0
5.371100	18.562073005	37.300000	0.0	0.0
5.380900	18.587023249	37.000000	0.0	0.0
5.390600	18.604052108	36.800000	0.0	0.0
5.400400	18.621665615	36.566667	0.0	0.0
5.410200	18.646327456	36.300000	0.0	0.0
5.419900	18.663046894	36.000000	0.0	0.0
5.429700	18.687519959	35.800000	0.0	0.0
5.439500	18.704723622	35.500000	0.0	0.0
5.449200	18.728320342	35.300000	0.0	0.0
5.459000	18.738127453	35.100000	0.0	0.0
5.468800	18.762213866	34.800000	0.0	0.0
5.478500	18.771111899	34.600000	0.0	0.0
5.488300	18.802215180	34.300000	0.0	0.0
5.498000	18.818115843	34.100000	0.0	0.0
5.507800	18.849058259	33.800000	0.0	0.0
5.517600	18.865446685	33.600000	0.0	0.0
5.527300	18.881047031	33.300000	0.0	0.0
5.537100	18.904479914	33.000000	0.0	0.0
5.546900	18.935088512	32.766667	0.0	0.0
5.556600	18.957668983	32.500000	0.0	0.0
5.566400	18.980842674	32.300000	0.0	0.0
5.576200	18.982060395	32.100000	0.0	0.0
5.585900	19.004348237	31.833333	0.0	0.0
5.595700	19.027227560	31.533333	0.0	0.0
5.605500	19.035401747	31.333333	0.0	0.0
5.615200	19.050094109	31.100000	0.0	0.0
5.625000	19.065361903	30.900000	0.0	0.0
5.634800	19.080526101	30.600000	0.0	0.0
5.644500	19.116906737	30.400000	0.0	0.0
5.654300	19.124541305	30.100000	0.0	0.0
5.664100	19.146754016	29.900000	0.0	0.0
5.673800	19.146146570	29.633333	0.0	0.0
5.683600	19.160801769	29.433333	0.0	0.0
5.693400	19.175354165	29.200000	0.0	0.0
5.703100	19.189130958	29.000000	0.0	0.0
5.712900	19.210849849	28.700000	0.0	0.0
5.722700	19.232480132	28.466667	0.0	0.0
5.732400	19.253350098	28.266667	0.0	0.0
5.742200	19.267408106	28.033333	0.0	0.0
5.752000	19.288764974	27.766667	0.0	0.0
5.761700	19.294548339	27.500000	0.0	0.0
5.771500	19.300892862	27.266667	0.0	0.0
5.781300	19.307128138	27.033333	0.0	0.0
5.791000	19.327416093	26.800000	0.0	0.0
5.800800	19.355710489	26.533333	0.0	0.0
5.810500	19.375831293	26.300000	0.0	0.0
5.820300	19.396531413	26.066667	0.0	0.0
5.830100	19.394801600	25.833333	0.0	0.0
5.839800	19.407188055	25.633333	0.0	0.0
5.849600	19.405239452	25.433333	0.0	0.0
5.859400	19.403182125	25.200000	0.0	0.0
5.869100	19.430158880	24.933333	0.0	0.0
5.878900	19.435340147	24.666667	0.0	0.0
5.888700	19.470279807	24.433333	0.0	0.0
5.898400	19.467123099	24.166667	0.0	0.0
5.908200	19.486942781	23.966667	0.0	0.0
5.918000	19.506675302	23.766667	0.0	0.0
5.927700	19.510681164	23.600000	0.0	0.0
5.937500	19.530224938	23.333333	0.0	0.0
5.947300	19.534682594	23.100000	0.0	0.0
5.957000	19.545878743	22.833333	0.0	0.0
5.966800	19.535129541	22.633333	0.0	0.0
5.976600	19.546772018	22.400000	0.0	0.0
5.986300	19.565169811	22.133333	0.0	0.0
5.996100	19.561601213	22.033333	0.0	0.0
6.005900	19.557928777	21.800000	0.0	0.0
6.015600	19.553502804	21.600000	0.0	0.0
6.025400	19.587173319	21.233333	0.0	0.0
6.035200	19.590702073	21.033333	0.0	0.0
6.044900	19.601000582	20.833333	0.0	0.0
6.054700	19.611851325	20.633333	0.0	0.0
6.064500	19.630137160	20.366667	0.0	0.0
6.074200	19.655232025	20.133333	0.0	0.0
6.084000	19.665805705	19.900000	0.0	0.0
6.093800	19.661186657	19.700000	0.0	0.0
6.103500	19.655822931	19.466667	0.0	0.0
6.113300	19.673641376	19.266667	0.0	0.0
6.123000	19.675624192	19.033333	0.0	0.0
6.132800	19.693259506	18.800000	0.0	0.0
6.142600	19.695687162	18.566667	0.0	0.0
6.152300	19.697374510	18.300000	0.0	0.0
6.162100	19.692044888	18.133333	0.0	0.0
6.171900	19.709295230	17.900000	0.0	0.0
6.181600	19.725822997	17.666667	0.0	0.0
6.191400	19.727757722	17.400000	0.0	0.0
6.201200	19.737166740	17.200000	0.0	0.0
6.210900	19.730696080	17.000000	0.0	0.0
6.220700	19.747487536	16.800000	0.0	0.0
6.230500	19.749031418	16.566667	0.0	0.0
6.240200	19.757425438	16.300000	0.0	0.0
6.250000	19.758775859	16.100000	0.0	0.0
6.259800	19.767613855	15.900000	0.0	0.0
6.269500	19.768140242	15.700000	0.0	0.0
6.279300	19.784380906	15.500000	0.0	0.0
6.289100	19.777755359	15.300000	0.0	0.0
6.298800	19.793182892	15.033333	0.0	0.0
6.308600	19.809156506	14.833333	0.0	0.0
6.318400	19.825047328	14.633333	0.0	0.0
6.328100	19.840228380	14.400000	0.0	0.0
6.337900	19.833107467	14.166667	0.0	0.0
6.347700	19.803082036	13.933333	0.0	0.0
6.357400	19.795162678	13.733333	0.0	0.0
6.367200	19.802969415	13.533333	0.0	0.0
6.377000	19.818289461	13.333333	0.0	0.0
6.386700	19.817690125	13.133333	0.0	0.0
6.396500	19.810015185	12.933333	0.0	0.0
6.406300	19.809851107	12.733333	0.0	0.0
6.416000	19.816580259	12.533333	0.0	0.0
6.425800	19.816231861	12.333333	0.0	0.0
6.435500	19.830390022	12.033333	0.0	0.0
6.445300	19.829858106	11.833333	0.0	0.0
6.455100	19.844459861	11.633333	0.0	0.0
6.464800	19.850746996	11.433333	0.0	0.0
6.474600	19.842324716	11.233333	0.0	0.0
6.484400	19.849043990	10.966667	0.0	0.0
6.494100	19.839829872	10.800000	0.0	0.0
6.503900	19.838753307	10.600000	0.0	0.0
6.513700	19.829975226	10.333333	0.0	0.0
6.523400	19.896713751	10.100000	0.0	0.0
6.533200	19.887731138	9.900000	0.0	0.0
6.543000	19.893926417	9.733333	0.0	0.0
6.552700	19.853659558	9.566667	0.0	0.0
6.562500	19.852047218	9.366667	0.0	0.0
6.572300	19.850346474	9.133333	0.0	0.0
6.582000	19.847954511	8.933333	0.0	0.0
6.591800	19.861317049	8.766667	0.0	0.0
6.601600	19.882229350	8.466667	0.0	0.0
6.611300	19.871945880	8.200000	0.0	0.0
6.621100	19.862182181	8.000000	0.0	0.0
6.630900	19.844719142	7.933333	0.0	0.0
6.640600	19.857046012	7.700000	0.0	0.0
6.650400	19.854648445	7.500000	0.0	0.0
6.660200	19.859784961	7.266667	0.0	0.0
6.669900	19.856619423	7.066667	0.0	0.0
6.679700	19.853964862	6.900000	0.0	0.0
6.689500	19.858844849	6.700000	0.0	0.0
6.699200	19.855426507	6.533333	0.0	0.0
6.709000	19.867760547	6.300000	0.0	0.0
6.718800	19.864764788	6.100000	0.0	0.0
6.728500	19.876344413	5.866667	0.0	0.0
6.738300	19.865554192	5.666667	0.0	0.0
6.748000	19.861718141	5.500000	0.0	0.0
6.757800	19.858388480	5.300000	0.0	0.0
6.767600	19.862596956	5.100000	0.0	0.0
6.777300	19.873762122	4.900000	0.0	0.0
6.787100	19.870181288	4.700000	0.0	0.0
6.796900	19.858895663	4.566667	0.0	0.0
6.806600	19.839335668	4.333333	0.0	0.0
6.816400	19.843128078	4.133333	0.0	0.0
6.826200	19.839224121	3.933333	0.0	0.0
6.835900	19.827048483	3.666667	0.0	0.0
6.845700	19.838205870	3.533333	0.0	0.0
6.855500	19.826448991	3.333333	0.0	0.0
6.865200	19.821646240	3.133333	0.0	0.0
6.875000	19.802137494	2.933333	0.0	0.0
6.884800	19.790160853	2.733333	0.0	0.0
6.894500	19.800320430	2.433333	0.0	0.0
6.904300	19.810980665	2.300000	0.0	0.0
6.914100	19.798759479	2.133333	0.0	0.0
6.923800	19.785894793	2.033333	0.0	0.0
6.933600	19.796309442	1.833333	0.0	0.0
6.943400	19.791454103	1.633333	0.0	0.0
6.953100	19.808744528	1.400000	0.0	0.0
6.962900	19.796130856	1.166667	0.0	0.0
6.972700	19.791040471	1.000000	0.0	0.0
6.982400	19.777715067	0.833333	0.0	0.0
6.992200	19.787655957	0.633333	0.0	0.0
7.002000	19.774744438	0.466667	0.0	0.0
7.011700	19.761200253	0.233333	0.0	0.0
7.021500	19.748152261	0.066667	0.0	0.0
7.031300	19.757769880	-0.133333	0.0	0.0
7.041000	19.774341130	-0.300000	0.0	0.0
7.050800	19.776227906	-0.566667	0.0	0.0
7.060500	19.762304260	-0.733333	0.0	0.0
7.070300	19.756454873	-0.933333	0.0	0.0
7.080100	19.758112329	-1.100000	0.0	0.0
7.089800	19.751555415	-1.300000	0.0	0.0
7.099600	19.753062057	-1.500000	0.0	0.0
7.109400	19.746913922	-1.666667	0.0	0.0
7.119100	19.740138107	-1.833333	0.0	0.0
7.128900	19.726273284	-2.000000	0.0	0.0
7.138700	19.727479286	-2.133333	0.0	0.0
7.148400	19.712923004	-2.333333	0.0	0.0
7.158200	19.721547510	-2.533333	0.0	0.0
7.168000	19.730101827	-2.733333	0.0	0.0
7.177700	19.722892387	-2.933333	0.0	0.0
7.187500	19.708597283	-3.133333	0.0	0.0
7.197300	19.694239313	-3.300000	0.0	0.0
7.207000	19.694382909	-3.500000	0.0	0.0
7.216800	19.679890287	-3.733333	0.0	0.0
7.226600	19.665335803	-3.933333	0.0	0.0
7.236300	19.650176704	-4.066667	0.0	0.0
7.246100	19.643037533	-4.300000	0.0	0.0
7.255900	19.643366096	-4.466667	0.0	0.0
7.265600	19.635545414	-4.633333	0.0	0.0
7.275400	19.635731496	-4.766667	0.0	0.0
7.285200	19.635846323	-4.966667	0.0	0.0
7.294900	19.627817854	-5.133333	0.0	0.0
7.304700	19.612732371	-5.266667	0.0	0.0
7.314500	19.612635414	-5.433333	0.0	0.0
7.324200	19.596885565	-5.666667	0.0	0.0
7.334000	19.589129829	-5.866667	0.0	0.0
7.343800	19.588823283	-6.066667	0.0	0.0
7.353500	19.580398524	-6.233333	0.0	0.0
7.363300	19.572440895	-6.366667	0.0	0.0
7.373000	19.571395854	-6.566667	0.0	0.0
7.382800	19.570813293	-6.600000	0.0	0.0
7.392600	19.562652897	-6.766667	0.0	0.0
7.402300	19.546396206	-6.966667	0.0	0.0
7.412100	19.530612941	-7.200000	0.0	0.0
7.421900	19.537254345	-7.266667	0.0	0.0
7.431600	19.543303902	-7.466667	0.0	0.0
7.441400	19.519827101	-7.666667	0.0	0.0
7.451200	19.503794296	-7.966667	0.0	0.0
7.460900	19.487184853	-8.166667	0.0	0.0
7.470700	19.500957106	-8.366667	0.0	0.0
7.480500	19.484738782	-8.533333	0.0	0.0
7.490200	19.482895228	-8.666667	0.0	0.0
7.500000	19.481506009	-8.833333	0.0	0.0
7.509800	19.465104615	-8.966667	0.0	0.0
7.519500	19.448133514	-9.133333	0.0	0.0
7.529300	19.454013070	-9.333333	0.0	0.0
7.539100	19.437437406	-9.433333	0.0	0.0
7.548800	19.420295703	-9.633333	0.0	0.0
7.558600	19.403618457	-9.833333	0.0	0.0
7.568400	19.409223190	-10.033333	0.0	0.0
7.578100	19.391913434	-10.166667	0.0	0.0
7.587900	19.382503191	-10.333333	0.0	0.0
7.597700	19.365599635	-10.433333	0.0	0.0
7.607400	19.362993713	-10.633333	0.0	0.0
7.617200	19.368264951	-10.833333	0.0	0.0
7.627000	19.358609503	-11.000000	0.0	0.0
7.636700	19.348388254	-11.133333	0.0	0.0
7.646500	19.331195772	-11.333333	0.0	0.0
7.656300	19.321368543	-11.466667	0.0	0.0
7.666000	19.310979219	-11.633333	0.0	0.0
7.675800	19.308445050	-11.833333	0.0	0.0
7.685500	19.290534172	-12.033333	0.0	0.0
7.695300	19.287877723	-12.166667	0.0	0.0
7.705100	19.277759552	-12.300000	0.0	0.0
7.714800	19.259692266	-12.466667	0.0	0.0
7.724600	19.242079275	-12.666667	0.0	0.0
7.734400	19.224420506	-12.833333	0.0	0.0
7.744100	19.228344958	-12.966667	0.0	0.0
7.753900	19.210576209	-13.166667	0.0	0.0
7.763700	19.200129472	-13.366667	0.0	0.0
7.773400	19.196499062	-13.466667	0.0	0.0
7.783200	19.185938474	-13.666667	0.0	0.0
7.793000	19.190046149	-13.833333	0.0	0.0
7.802700	19.171517284	-14.033333	0.0	0.0
7.812500	19.168143884	-14.166667	0.0	0.0
7.822300	19.150006949	-14.333333	0.0	0.0
7.832000	19.131338572	-14.466667	0.0	0.0
7.841800	19.127792715	-14.666667	0.0	0.0
7.851600	19.109515054	-14.766667	0.0	0.0
7.861300	19.105367969	-14.900000	0.0	0.0
7.871100	19.079670049	-15.133333	0.0	0.0
7.880900	19.083218970	-15.300000	0.0	0.0
7.890600	19.071582150	-15.466667	0.0	0.0
7.900400	19.060377333	-15.600000	0.0	0.0
7.910200	19.056432249	-15.766667	0.0	0.0
7.919900	19.051948377	-15.966667	0.0	0.0
7.929700	19.040580336	-16.100000	0.0	0.0
7.939500	19.029160950	-16.266667	0.0	0.0
7.949200	19.002621341	-16.433333	0.0	0.0
7.959000	19.012986627	-16.600000	0.0	0.0
7.968800	19.008704563	-16.833333	0.0	0.0
7.978500	19.003889598	-16.966667	0.0	0.0
7.988300	18.977633978	-17.133333	0.0	0.0
7.998000	18.972714270	-17.233333	0.0	0.0
8.007800	18.946388381	-17.333333	0.0	0.0
8.017600	18.934569591	-17.466667	0.0	0.0
8.027300	18.914969901	-17.633333	0.0	0.0
8.037100	18.910314163	-17.800000	0.0	0.0
8.046900	18.898349451	-18.033333	0.0	0.0
8.056600	18.900368456	-18.233333	0.0	0.0
8.066400	18.902801554	-18.333333	0.0	0.0
8.076200	18.883426288	-18.433333	0.0	0.0
8.085900	18.841843781	-18.566667	0.0	0.0
8.095700	18.829645591	-18.733333	0.0	0.0
8.105500	18.824622980	-18.833333	0.0	0.0
8.115200	18.804644248	-19.033333	0.0	0.0
8.125000	18.785095443	-19.233333	0.0	0.0
8.134800	18.765512360	-19.333333	0.0	0.0
8.144500	18.788647646	-19.533333	0.0	0.0
8.154300	18.768952587	-19.700000	0.0	0.0
8.164100	18.770822283	-19.833333	0.0	0.0
8.173800	18.750578905	-19.966667	0.0	0.0
8.183600	18.752339369	-20.133333	0.0	0.0
8.193400	18.754046209	-20.333333	0.0	0.0
8.203100	18.733661919	-20.466667	0.0	0.0
8.212900	18.692170616	-20.633333	0.0	0.0
8.222700	18.679369993	-20.766667	0.0	0.0
8.232400	18.658909630	-20.866667	0.0	0.0
8.242200	18.653183557	-21.033333	0.0	0.0
8.252000	18.654564096	-21.166667	0.0	0.0
8.261700	18.655440498	-21.300000	0.0	0.0
8.271500	18.635249633	-21.466667	0.0	0.0
8.281300	18.607885949	-21.633333	0.0	0.0
8.291000	18.580062204	-21.833333	0.0	0.0
8.300800	18.574048140	-21.933333	0.0	0.0
8.310500	18.574664336	-22.133333	0.0	0.0
8.320300	18.575676452	-22.266667	0.0	0.0
8.330100	18.548142765	-22.400000	0.0	0.0
8.339800	18.534374680	-22.500000	0.0	0.0
8.349600	18.513904006	-22.666667	0.0	0.0
8.359400	18.493404987	-22.800000	0.0	0.0
8.369100	18.479526862	-22.966667	0.0	0.0
8.378900	18.480228971	-23.133333	0.0	0.0
8.388700	18.495070589	-23.266667	0.0	0.0
8.398400	18.473950581	-23.366667	0.0	0.0
8.408200	18.460327444	-23.500000	0.0	0.0
8.418000	18.432511329	-23.700000	0.0	0.0
8.427700	18.425451359	-23.800000	0.0	0.0
8.437500	18.404650371	-23.966667	0.0	0.0
8.447300	18.390879673	-24.066667	0.0	0.0
8.457000	18.390745220	-24.266667	0.0	0.0
8.466800	18.369835570	-24.400000	0.0	0.0
8.476600	18.355943532	-24.566667	0.0	0.0
8.486300	18.348620892	-24.700000	0.0	0.0
8.496100	18.334647482	-24.866667	0.0	0.0
8.505900	18.327668115	-25.000000	0.0	0.0
8.515600	18.306156602	-25.166667	0.0	0.0
8.525400	18.299091523	-25.266667	0.0	0.0
8.535200	18.284962370	-25.400000	0.0	0.0
8.544900	18.270368318	-25.533333	0.0	0.0
8.554700	18.249160953	-25.733333	0.0	0.0
8.564500	18.283978169	-25.833333	0.0	0.0
8.574200	18.269243002	-25.966667	0.0	0.0
8.584000	18.261905226	-26.066667	0.0	0.0
8.593800	18.198565297	-26.233333	0.0	0.0
8.603500	18.197720599	-26.433333	0.0	0.0
8.613300	18.176313909	-26.566667	0.0	0.0
8.623000	18.175377459	-26.700000	0.0	0.0
8.632800	18.153903633	-26.833333	0.0	0.0
8.642600	18.139368348	-26.933333	0.0	0.0
8.652300	18.124379140	-27.033333	0.0	0.0
8.662100	18.109774933	-27.233333	0.0	0.0
8.671900	18.109030033	-27.366667	0.0	0.0
8.681600	18.107821754	-27.533333	0.0	0.0
8.691400	18.086150569	-27.633333	0.0	0.0
8.701200	18.085268841	-27.833333	0.0	0.0
8.710900	18.063118162	-27.933333	0.0	0.0
8.720700	18.055216202	-28.100000	0.0	0.0
8.730500	18.040347549	-28.233333	0.0	0.0
8.740200	18.018117216	-28.366667	0.0	0.0
8.750000	18.017012204	-28.500000	0.0	0.0
8.759800	18.002039680	-28.633333	0.0	0.0
8.769500	17.986624364	-28.733333	0.0	0.0
8.779300	17.964692150	-28.833333	0.0	0.0
8.789100	17.949629068	-29.033333	0.0	0.0
8.798800	17.941010166	-29.200000	0.0	0.0
8.808600	17.925878346	-29.366667	0.0	0.0
8.818400	17.910714951	-29.433333	0.0	0.0
8.828100	17.895114765	-29.566667	0.0	0.0
8.837900	17.893618201	-29.733333	0.0	0.0
8.847700	17.892077764	-29.900000	0.0	0.0
8.857400	17.869504726	-30.033333	0.0	0.0
8.867200	17.840472055	-30.133333	0.0	0.0
8.877000	17.825119078	-30.233333	0.0	0.0
8.886700	17.823009506	-30.366667	0.0	0.0
8.896500	17.800752678	-30.500000	0.0	0.0
8.906300	17.798960516	-30.633333	0.0	0.0
8.916000	17.776248780	-30.766667	0.0	0.0
8.925800	17.760736434	-30.900000	0.0	0.0
8.935500	17.751608788	-31.033333	0.0	0.0
8.945300	17.736032951	-31.200000	0.0	0.0
8.955100	17.720428244	-31.300000	0.0	0.0
8.964800	17.697606870	-31.466667	0.0	0.0
8.974600	17.688738793	-31.566667	0.0	0.0
8.984400	17.686619185	-31.700000	0.0	0.0
8.994100	17.677279301	-31.866667	0.0	0.0
9.003900	17.654739991	-32.033333	0.0	0.0
9.013700	17.632187643	-32.166667	0.0	0.0
9.023400	17.629517221	-32.266667	0.0	0.0
9.033200	17.606914355	-32.366667	0.0	0.0
9.043000	17.604555407	-32.500000	0.0	0.0
9.052700	17.581513432	-32.666667	0.0	0.0
9.062500	17.579075815	-32.800000	0.0	0.0
9.072300	17.556373266	-32.866667	0.0	0.0
9.082000	17.533273005	-33.066667	0.0	0.0
9.091800	17.510548383	-33.166667	0.0	0.0
9.101600	17.521400772	-33.300000	0.0	0.0
9.111300	17.504942681	-33.366667	0.0	0.0
9.121100	17.482133581	-33.500000	0.0	0.0
9.130900	17.466015436	-33.633333	0.0	0.0
9.140600	17.456187921	-33.766667	0.0	0.0
9.150400	17.446707970	-33.900000	0.0	0.0
9.160200	17.430502680	-34.000000	0.0	0.0
9.169900	17.427263558	-34.166667	0.0	0.0
9.179700	17.417680106	-34.333333	0.0	0.0
9.189500	17.401382934	-34.433333	0.0	0.0
9.199200	17.391356405	-34.533333	0.0	0.0
9.209000	17.368338683	-34.666667	0.0	0.0
9.218800	17.351969926	-34.800000	0.0	0.0
9.228500	17.328550371	-34.933333	0.0	0.0
9.238300	17.325433999	-35.033333	0.0	0.0
9.248000	17.308614638	-35.200000	0.0	0.0
9.257800	17.305424434	-35.333333	0.0	0.0
9.267600	17.295557352	-35.433333	0.0	0.0
9.277300	17.272022744	-35.533333	0.0	0.0
9.287100	17.248853904	-35.633333	0.0	0.0
9.296900	17.238904054	-35.800000	0.0	0.0
9.306600	17.215333080	-35.933333	0.0	0.0
9.316400	17.198725042	-36.066667	0.0	0.0
9.326200	17.188690139	-36.233333	0.0	0.0
9.335900	17.171664015	-36.333333	0.0	0.0
9.345700	17.168156828	-36.433333	0.0	0.0
9.355500	17.164612609	-36.533333	0.0	0.0
9.365200	17.154080597	-36.700000	0.0	0.0
9.375000	17.143883999	-36.833333	0.0	0.0
9.384800	17.127081995	-36.933333	0.0	0.0
9.394500	17.103329982	-37.033333	0.0	0.0
9.404300	17.093052096	-37.133333	0.0	0.0
9.414100	17.063087366	-37.266667	0.0	0.0
9.423800	17.052397765	-37.400000	0.0	0.0
9.433600	17.035501184	-37.533333	0.0	0.0
9.443400	17.025116988	-37.700000	0.0	0.0
9.453100	17.014342499	-37.833333	0.0	0.0
9.462900	17.003898400	-37.933333	0.0	0.0
9.472700	16.999946979	-38.033333	0.0	0.0
9.482400	16.976045977	-38.133333	0.0	0.0
9.492200	16.959007298	-38.266667	0.0	0.0
9.502000	16.928951164	-38.366667	0.0	0.0
9.511700	16.911532125	-38.533333	0.0	0.0
9.521500	16.881488743	-38.633333	0.0	0.0
9.531300	16.877350845	-38.733333	0.0	0.0
9.541000	16.859879191	-38.833333	0.0	0.0
9.550800	16.868617923	-38.933333	0.0	0.0
9.560500	16.851085352	-39.066667	0.0	0.0
9.570300	16.840349622	-39.200000	0.0	0.0
9.580100	16.829585437	-39.333333	0.0	0.0
9.589800	16.818442174	-39.466667	0.0	0.0
9.599600	16.801173144	-39.566667	0.0	0.0
9.609400	16.777447043	-39.700000	0.0	0.0
9.619100	16.766234883	-39.800000	0.0	0.0
9.628900	16.755344160	-39.933333	0.0	0.0
9.638700	16.738001144	-40.066667	0.0	0.0
9.648400	16.713879496	-40.200000	0.0	0.0
9.658200	16.709330745	-40.266667	0.0	0.0
9.668000	16.685527848	-40.366667	0.0	0.0
9.677700	16.680573461	-40.500000	0.0	0.0
9.687500	16.675931316	-40.600000	0.0	0.0
9.697300	16.658465588	-40.700000	0.0	0.0
9.707000	16.640641302	-40.866667	0.0	0.0
9.716800	16.623145041	-41.000000	0.0	0.0
9.726600	16.605633394	-41.100000	0.0	0.0
9.736300	16.594132784	-41.200000	0.0	0.0
9.746100	16.589312682	-41.366667	0.0	0.0
9.755900	16.565377864	-41.466667	0.0	0.0
9.765600	16.541105431	-41.566667	0.0	0.0
9.775400	16.536200954	-41.666667	0.0	0.0
9.785200	16.512243332	-41.800000	0.0	0.0
9.794900	16.506944063	-41.900000	0.0	0.0
9.804700	16.489289884	-42.000000	0.0	0.0
9.814500	16.471621674	-42.100000	0.0	0.0
9.824200	16.453604623	-42.233333	0.0	0.0
9.834000	16.448529368	-42.333333	0.0	0.0
9.843800	16.443423019	-42.433333	0.0	0.0
9.853500	16.431644935	-42.566667	0.0	0.0
9.863300	16.413876149	-42.666667	0.0	0.0
9.873000	16.408351114	-42.800000	0.0	0.0
9.882800	16.384254291	-42.900000	0.0	0.0
9.892600	16.379006859	-43.000000	0.0	0.0
9.902300	16.354558546	-43.100000	0.0	0.0
9.912100	16.330444890	-43.233333	0.0	0.0
9.921900	16.306334908	-43.333333	0.0	0.0
9.931600	16.294402489	-43.466667	0.0	0.0
9.941400	16.289025255	-43.566667	0.0	0.0
9.951200	16.271124806	-43.700000	0.0	0.0
9.960900	16.265365505	-43.833333	0.0	0.0
9.970700	16.259903557	-43.933333	0.0	0.0
9.980500	16.235709223	-44.033333	0.0	0.0
9.990200	16.229869661	-44.133333	0.0	0.0
10.000000	16.218100974	-44.300000	0.0	0.0
10.009800	16.212530285	-44.433333	0.0	0.0
10.019500	16.194172680	-44.533333	0.0	0.0
10.029300	16.169921488	-44.633333	0.0	0.0
10.039100	16.158072802	-44.733333	0.0	0.0
10.048800	16.139685653	-44.833333	0.0	0.0
10.058600	16.121609937	-44.933333	0.0	0.0
10.068400	16.109705034	-45.033333	0.0	0.0
10.078100	16.097458964	-45.133333	0.0	0.0
10.087900	16.079339449	-45.233333	0.0	0.0
10.097700	16.073542180	-45.333333	0.0	0.0
10.107400	16.048911165	-45.500000	0.0	0.0
10.117200	16.043064789	-45.600000	0.0	0.0
10.127000	16.031037128	-45.700000	0.0	0.0
10.136700	16.018672429	-45.833333	0.0	0.0
10.146500	16.006603460	-45.933333	0.0	0.0
10.156300	15.988376800	-46.033333	0.0	0.0
10.166000	15.982088973	-46.133333	0.0	0.0
10.175800	15.969958655	-46.233333	0.0	0.0
10.185500	15.945251472	-46.333333	0.0	0.0
10.195300	15.920865953	-46.433333	0.0	0.0
10.205100	15.914800399	-46.533333	0.0	0.0
10.214800	15.902292434	-46.633333	0.0	0.0
10.224600	15.890076462	-46.733333	0.0	0.0
10.234400	15.865658683	-46.900000	0.0	0.0
10.244100	15.853103143	-47.000000	0.0	0.0
10.253900	15.846918417	-47.100000	0.0	0.0
10.263700	15.840707166	-47.200000	0.0	0.0
10.273400	15.834161219	-47.333333	0.0	0.0
10.283200	15.803619515	-47.433333	0.0	0.0
10.293000	15.791277988	-47.533333	0.0	0.0
10.302700	15.772557086	-47.633333	0.0	0.0
10.312500	15.760183016	-47.733333	0.0	0.0
10.322300	15.753834808	-47.833333	0.0	0.0
10.332000	15.735074193	-48.000000	0.0	0.0
10.341800	15.722644786	-48.100000	0.0	0.0
10.351600	15.710196983	-48.200000	0.0	0.0
10.361300	15.703453161	-48.233333	0.0	0.0
10.371100	15.684944163	-48.333333	0.0	0.0
10.380900	15.672442372	-48.466667	0.0	0.0
10.390600	15.647606621	-48.566667	0.0	0.0
10.400400	15.629080157	-48.700000	0.0	0.0
10.410200	15.616539827	-48.800000	0.0	0.0
10.419900	15.615663269	-48.900000	0.0	0.0
10.429700	15.597091973	-48.933333	0.0	0.0
10.439500	15.584494879	-49.066667	0.0	0.0
10.449200	15.565607799	-49.166667	0.0	0.0
10.459000	15.558951463	-49.300000	0.0	0.0
10.468800	15.546303405	-49.400000	0.0	0.0
10.478500	15.533341923	-49.500000	0.0	0.0
10.488300	15.514705476	-49.600000	0.0	0.0
10.498000	15.501716979	-49.700000	0.0	0.0
10.507800	15.483064730	-49.800000	0.0	0.0
10.517600	15.470343847	-49.900000	0.0	0.0
10.527300	15.469181392	-50.000000	0.0	0.0
10.537100	15.462351319	-50.100000	0.0	0.0
10.546900	15.437713964	-50.200000	0.0	0.0
10.556600	15.430552104	-50.300000	0.0	0.0
10.566400	15.405912533	-50.433333	0.0	0.0
10.576200	15.399004402	-50.600000	0.0	0.0
10.585900	15.391782138	-50.666667	0.0	0.0
10.595700	15.378924809	-50.700000	0.0	0.0
10.605500	15.360156122	-50.800000	0.0	0.0
10.615200	15.341095100	-50.900000	0.0	0.0
10.625000	15.328201849	-51.066667	0.0	0.0
10.634800	15.309417042	-51.166667	0.0	0.0
10.644500	15.290341995	-50.866667	0.0	0.0
10.654300	15.277413824	-50.933333	0.0	0.0
10.664100	15.252759335	-51.033333	0.0	0.0
10.673800	15.239525861	-51.500000	0.0	0.0
10.683600	15.244104088	-51.600000	0.0	0.0
10.693400	15.242807263	-51.733333	0.0	0.0
10.703100	15.217821986	-51.833333	0.0	0.0
10.712900	15.193136347	-51.900000	0.0	0.0
10.722700	15.174287596	-52.000000	0.0	0.0
10.732400	15.166790965	-52.100000	0.0	0.0
10.742200	15.159555514	-52.233333	0.0	0.0
10.752000	15.152298294	-52.333333	0.0	0.0
10.761700	15.138927033	-52.400000	0.0	0.0
10.771500	15.114218798	-52.533333	0.0	0.0
10.781300	15.106908371	-52.633333	0.0	0.0
10.791000	15.093503220	-52.733333	0.0	0.0
10.800800	15.086153253	-52.800000	0.0	0.0
10.810500	15.072717596	-52.900000	0.0	0.0
10.820300	15.053769806	-53.000000	0.0	0.0
10.830100	15.034821169	-53.100000	0.0	0.0
10.839800	15.021358299	-53.233333	0.0	0.0
10.849600	15.013920805	-53.333333	0.0	0.0
10.859400	15.000704669	-53.433333	0.0	0.0
10.869100	14.987199978	-53.533333	0.0	0.0
10.878900	14.973958876	-53.600000	0.0	0.0
10.888700	14.954964910	-53.700000	0.0	0.0
10.898400	14.929966064	-53.800000	0.0	0.0
10.908200	14.922428870	-53.900000	0.0	0.0
10.918000	14.903428211	-53.933333	0.0	0.0
10.927700	14.895583744	-54.033333	0.0	0.0
10.937500	14.882279800	-54.133333	0.0	0.0
10.947300	14.874671135	-54.266667	0.0	0.0
10.957000	14.866771164	-54.333333	0.0	0.0
10.966800	14.847722659	-54.500000	0.0	0.0
10.976600	14.840060675	-54.566667	0.0	0.0
10.986300	14.826418047	-54.666667	0.0	0.0
10.996100	14.813034288	-54.733333	0.0	0.0
11.005900	14.788284316	-54.833333	0.0	0.0
11.015600	14.774619830	-54.933333	0.0	0.0
11.025400	14.766878757	-55.033333	0.0	0.0
11.035200	14.759118419	-55.100000	0.0	0.0
11.044900	14.745411932	-55.233333	0.0	0.0
11.054700	14.726309461	-55.300000	0.0	0.0
11.064500	14.707208621	-55.433333	0.0	0.0
11.074200	14.693481998	-55.533333	0.0	0.0
11.084000	14.680010545	-55.600000	0.0	0.0
11.093800	14.672158082	-55.700000	0.0	0.0
11.103500	14.658396351	-55.766667	0.0	0.0
11.113300	14.644888729	-55.900000	0.0	0.0
11.123000	14.636723693	-55.966667	0.0	0.0
11.132800	14.628803763	-56.066667	0.0	0.0
11.142600	14.615255571	-56.166667	0.0	0.0
11.152300	14.595833048	-56.266667	0.0	0.0
11.162100	14.576675461	-56.333333	0.0	0.0
11.171900	14.563108304	-56.433333	0.0	0.0
11.181600	14.543688729	-56.533333	0.0	0.0
11.191400	14.535685023	-56.633333	0.0	0.0
11.201200	14.522089315	-56.733333	0.0	0.0
11.210900	14.474857295	-56.933333	0.0	0.0
11.220700	14.466825251	-57.066667	0.0	0.0
11.230500	14.458775606	-57.100000	0.0	0.0
11.240200	14.478205757	-57.133333	0.0	0.0
11.250000	14.459004012	-57.200000	0.0	0.0
11.259800	14.439805818	-57.300000	0.0	0.0
11.269500	14.431427629	-57.333333	0.0	0.0
11.279300	14.417754597	-57.433333	0.0	0.0
11.289100	14.393021479	-57.533333	0.0	0.0
11.298800	14.368054804	-57.633333	0.0	0.0
11.308600	14.359886884	-57.700000	0.0	0.0
11.318400	14.357210777	-57.833333	0.0	0.0
11.328100	14.348752623	-57.933333	0.0	0.0
11.337900	14.340531388	-58.033333	0.0	0.0
11.347700	14.332293448	-58.100000	0.0	0.0
11.357400	14.312796941	-58.133333	0.0	0.0
11.367200	14.299043999	-58.233333	0.0	0.0
11.377000	14.285283035	-58.333333	0.0	0.0
11.386700	14.276741321	-58.433333	0.0	0.0
11.396500	14.262959741	-58.533333	0.0	0.0
11.406300	14.243703119	-58.666667	0.0	0.0
11.416000	14.235123966	-58.733333	0.0	0.0
11.425800	14.210408708	-58.833333	0.0	0.0
11.435500	14.201808420	-58.900000	0.0	0.0
11.445300	14.182551245	-59.000000	0.0	0.0
11.455100	14.179614906	-59.033333	0.0	0.0
11.464800	14.160099313	-59.133333	0.0	0.0
11.474600	14.146264594	-59.200000	0.0	0.0
11.484400	14.132422776	-59.333333	0.0	0.0
11.494100	14.118328276	-59.433333	0.0	0.0
11.503900	14.109886784	-59.533333	0.0	0.0
11.513700	14.101429873	-59.600000	0.0	0.0
11.523400	14.081900610	-59.700000	0.0	0.0
11.533200	14.073419931	-59.800000	0.0	0.0
11.543000	14.059527471	-59.933333	0.0	0.0
11.552700	14.050776472	-60.000000	0.0	0.0
11.562500	14.036866134	-60.100000	0.0	0.0
11.572300	14.022949419	-60.200000	0.0	0.0
11.582000	14.008784501	-60.300000	0.0	0.0
11.591800	13.994855720	-60.366667	0.0	0.0
11.601600	13.986287208	-60.433333	0.0	0.0
11.611300	13.972100218	-60.533333	0.0	0.0
11.621100	13.979591360	-60.633333	0.0	0.0
11.630900	13.954897263	-60.666667	0.0	0.0
11.640600	13.946034399	-60.766667	0.0	0.0
11.650400	13.916018786	-60.900000	0.0	0.0
11.660200	13.902044233	-61.000000	0.0	0.0
11.669900	13.882497453	-61.033333	0.0	0.0
11.679700	13.873840871	-61.133333	0.0	0.0
11.689500	13.865170163	-61.200000	0.0	0.0
11.699200	13.840305105	-61.300000	0.0	0.0
11.709000	13.831616701	-61.400000	0.0	0.0
11.718800	13.817610663	-61.500000	0.0	0.0
11.728500	13.808662372	-61.566667	0.0	0.0
11.738300	13.799936123	-61.633333	0.0	0.0
11.748000	13.790961383	-61.766667	0.0	0.0
11.757800	13.776920019	-61.800000	0.0	0.0
11.767600	13.762873829	-61.900000	0.0	0.0
11.777300	13.748589412	-61.966667	0.0	0.0
11.787100	13.734534230	-62.066667	0.0	0.0
11.796900	13.720474448	-62.166667	0.0	0.0
11.806600	13.706177961	-62.233333	0.0	0.0
11.816400	13.697365184	-62.366667	0.0	0.0
11.826200	13.688539243	-62.400000	0.0	0.0
11.835900	13.668973695	-62.500000	0.0	0.0
11.845700	13.660128748	-62.566667	0.0	0.0
11.855500	13.656510713	-62.666667	0.0	0.0
11.865200	13.647406456	-62.700000	0.0	0.0
11.875000	13.628055805	-62.800000	0.0	0.0
11.884800	13.613937593	-62.900000	0.0	0.0
11.894500	13.594368809	-63.000000	0.0	0.0
11.904300	13.585461393	-63.100000	0.0	0.0
11.914100	13.571332221	-63.200000	0.0	0.0
11.923800	13.556972003	-63.233333	0.0	0.0
11.933600	13.548034278	-63.300000	0.0	0.0
11.943400	13.533889365	-63.400000	0.0	0.0
11.953100	13.524704105	-63.500000	0.0	0.0
11.962900	13.515733239	-63.600000	0.0	0.0
11.972700	13.501567782	-63.700000	0.0	0.0
11.982400	13.481999080	-63.766667	0.0	0.0
11.992200	13.473002562	-63.800000	0.0	0.0
12.002000	13.463994065	-63.900000	0.0	0.0
12.011700	13.454749621	-64.000000	0.0	0.0
12.021500	13.445717682	-64.100000	0.0	0.0
12.031300	13.436673947	-64.133333	0.0	0.0
12.041000	13.417093496	-64.200000	0.0	0.0
12.050800	13.402889104	-64.300000	0.0	0.0
12.060500	13.388460019	-64.400000	0.0	0.0
12.070300	13.379384313	-64.500000	0.0	0.0
12.080100	13.375429159	-64.600000	0.0	0.0
12.089800	13.366105956	-64.700000	0.0	0.0
12.099600	13.351867887	-64.766667	0.0	0.0
12.109400	13.327394406	-64.833333	0.0	0.0
12.119100	13.307834915	-64.900000	0.0	0.0
12.128900	13.298709445	-64.966667	0.0	0.0
12.138700	13.289572880	-65.066667	0.0	0.0
12.148400	13.280206646	-65.133333	0.0	0.0
12.158200	13.265956422	-65.233333	0.0	0.0
12.168000	13.251704269	-65.333333	0.0	0.0
12.177700	13.237232853	-65.400000	0.0	0.0
12.187500	13.228052932	-65.433333	0.0	0.0
12.197300	13.218862283	-65.533333	0.0	0.0
12.207000	13.204376201	-65.600000	0.0	0.0
12.216800	13.195168130	-65.700000	0.0	0.0
12.226600	13.175832804	-65.800000	0.0	0.0
12.236300	13.166395572	-65.866667	0.0	0.0
12.246100	13.152115163	-65.933333	0.0	0.0
12.255900	13.142876213	-66.033333	0.0	0.0
12.265600	13.133412807	-66.133333	0.0	0.0
12.275400	13.114084332	-66.200000	0.0	0.0
12.285200	13.114884257	-66.300000	0.0	0.0
12.294900	13.095336669	-66.400000	0.0	0.0
12.304700	13.086054539	-66.500000	0.0	0.0
12.314500	13.071744969	-66.500000	0.0	0.0
12.324200	13.062234467	-66.566667	0.0	0.0
12.334000	13.052926369	-66.633333	0.0	0.0
12.343800	13.028600067	-66.733333	0.0	0.0
12.353500	13.019072310	-66.833333	0.0	0.0
12.363300	12.999764417	-66.933333	0.0	0.0
12.373000	12.985241344	-67.033333	0.0	0.0
12.382800	12.980887428	-67.100000	0.0	0.0
12.392600	12.971539748	-67.200000	0.0	0.0
12.402300	12.957000175	-67.233333	0.0	0.0
12.412100	12.947637499	-67.300000	0.0	0.0
12.421900	12.938265458	-67.366667	0.0	0.0
12.431600	12.933638624	-67.433333	0.0	0.0
12.441400	12.919285818	-67.500000	0.0	0.0
12.451200	12.904932925	-67.600000	0.0	0.0
12.460900	12.890373113	-67.666667	0.0	0.0
12.470700	12.876020623	-67.733333	0.0	0.0
12.480500	12.866605022	-67.833333	0.0	0.0
12.490200	12.847110272	-67.866667	0.0	0.0
12.500000	12.837684336	-67.966667	0.0	0.0
12.509800	12.828249547	-68.033333	0.0	0.0
12.519500	12.823521443	-68.133333	0.0	0.0
12.529300	12.814065791	-68.233333	0.0	0.0
12.539100	12.799688439	-68.333333	0.0	0.0
12.548800	12.790015241	-68.400000	0.0	0.0
12.558600	12.775633843	-68.533333	0.0	0.0
12.568400	12.761253073	-68.633333	0.0	0.0
12.578100	12.751562965	-68.633333	0.0	0.0
12.587900	12.742067508	-68.666667	0.0	0.0
12.597700	12.722794832	-68.766667	0.0	0.0
12.607400	12.708210430	-68.833333	0.0	0.0
12.617200	12.698701303	-68.933333	0.0	0.0
12.627000	12.684315261	-69.000000	0.0	0.0
12.636700	12.674592850	-69.066667	0.0	0.0
12.646500	12.665063260	-69.133333	0.0	0.0
12.656300	12.655525636	-69.233333	0.0	0.0
12.666000	12.650634278	-69.333333	0.0	0.0
12.675800	12.636227118	-69.433333	0.0	0.0
12.685500	12.621622284	-69.500000	0.0	0.0
12.695300	12.602380929	-69.566667	0.0	0.0
12.705100	12.592815545	-69.633333	0.0	0.0
12.714800	12.583044519	-69.666667	0.0	0.0
12.724600	12.568639744	-69.733333	0.0	0.0
12.734400	12.554236567	-69.833333	0.0	0.0
12.744100	12.544451437	-69.933333	0.0	0.0
12.753900	12.534855975	-70.000000	0.0	0.0
12.763700	12.525253062	-70.033333	0.0	0.0
12.773400	12.510644729	-70.133333	0.0	0.0
12.783200	12.496234530	-70.233333	0.0	0.0
12.793000	12.481826259	-70.333333	0.0	0.0
12.802700	12.472010600	-70.366667	0.0	0.0
12.812500	12.448043295	-70.433333	0.0	0.0
12.822300	12.443193865	-70.466667	0.0	0.0
12.832000	12.433365535	-70.533333	0.0	0.0
12.841800	12.423724258	-70.633333	0.0	0.0
12.851600	12.409312834	-70.733333	0.0	0.0
12.861300	12.394710967	-70.833333	0.0	0.0
12.871100	12.389810454	-70.933333	0.0	0.0
12.880900	12.384897518	-70.966667	0.0	0.0
12.890600	12.375030118	-71.033333	0.0	0.0
12.900400	12.355861167	-71.133333	0.0	0.0
12.910200	12.346180077	-71.200000	0.0	0.0
12.919900	12.331568067	-71.266667	0.0	0.0
12.929700	12.326607380	-71.333333	0.0	0.0
12.939500	12.312180956	-71.400000	0.0	0.0
12.949200	12.297567372	-71.533333	0.0	0.0
12.959000	12.287861653	-71.566667	0.0	0.0
12.968800	12.273438541	-71.633333	0.0	0.0
12.978500	12.272951074	-71.733333	0.0	0.0
12.988300	12.263222910	-71.733333	0.0	0.0
12.998000	12.248598488	-71.833333	0.0	0.0
13.007800	12.234165984	-71.933333	0.0	0.0
13.017600	12.219736613	-72.000000	0.0	0.0
13.027300	12.214494423	-72.100000	0.0	0.0
13.037100	12.204743603	-72.133333	0.0	0.0
13.046900	12.190307684	-72.200000	0.0	0.0
13.056600	12.180362083	-72.266667	0.0	0.0
13.066400	12.170597450	-72.333333	0.0	0.0
13.076200	12.156160969	-72.433333	0.0	0.0
13.085900	12.141542406	-72.533333	0.0	0.0
13.095700	12.131768147	-72.533333	0.0	0.0
13.105500	12.140610409	-72.600000	0.0	0.0
13.115200	12.125970355	-72.700000	0.0	0.0
13.125000	12.111519260	-72.800000	0.0	0.0
13.134800	12.078516454	-72.900000	0.0	0.0
13.144500	12.073174418	-72.933333	0.0	0.0
13.154300	12.054119276	-72.966667	0.0	0.0
13.164100	12.048944727	-73.033333	0.0	0.0
13.173800	12.034335967	-73.100000	0.0	0.0
13.183600	12.033760640	-73.200000	0.0	0.0
13.193400	12.023939785	-73.300000	0.0	0.0
13.203100	12.009322067	-73.400000	0.0	0.0
13.212900	11.994890735	-73.433333	0.0	0.0
13.222700	11.985062119	-73.533333	0.0	0.0
13.232400	11.975047403	-73.600000	0.0	0.0
13.242200	11.965208910	-73.633333	0.0	0.0
13.252000	11.959954325	-73.733333	0.0	0.0
13.261700	11.945336781	-73.766667	0.0	0.0
13.271500	11.935483667	-73.833333	0.0	0.0
13.281300	11.921049924	-73.933333	0.0	0.0
13.291000	11.906441505	-74.000000	0.0	0.0
13.300800	11.896581741	-74.100000	0.0	0.0
13.310500	11.886538632	-74.133333	0.0	0.0
13.320300	11.872112744	-74.200000	0.0	0.0
13.330100	11.866796136	-74.300000	0.0	0.0
13.339800	11.856740187	-74.333333	0.0	0.0
13.349600	11.846857717	-74.433333	0.0	0.0
13.359400	11.832428993	-74.500000	0.0	0.0
13.369100	11.817828329	-74.533333	0.0	0.0
13.378900	11.826080074	-74.566667	0.0	0.0
13.388700	11.816172458	-74.666667	0.0	0.0
13.398400	11.801554376	-74.700000	0.0	0.0
13.408200	11.778074366	-74.800000	0.0	0.0
13.418000	11.768169321	-74.933333	0.0	0.0
13.427700	11.771629720	-75.033333	0.0	0.0
13.437500	11.748171774	-75.100000	0.0	0.0
13.447300	11.733750632	-75.100000	0.0	0.0
13.457000	11.719160571	-75.200000	0.0	0.0
13.466800	11.718233672	-75.300000	0.0	0.0
13.476600	11.708304530	-75.333333	0.0	0.0
13.486300	11.698197946	-75.433333	0.0	0.0
13.496100	11.683776526	-75.500000	0.0	0.0
13.505900	11.669360580	-75.566667	0.0	0.0
13.515600	11.659251227	-75.600000	0.0	0.0
13.525400	11.644841158	-75.700000	0.0	0.0
13.535200	11.643834434	-75.766667	0.0	0.0
13.544900	11.638176505	-75.800000	0.0	0.0
13.554700	11.614837907	-75.866667	0.0	0.0
13.564500	11.609341319	-76.000000	0.0	0.0
13.574200	11.599212035	-76.100000	0.0	0.0
13.584000	11.589250383	-76.133333	0.0	0.0
13.593800	11.574842371	-76.166667	0.0	0.0
13.603500	11.564707563	-76.300000	0.0	0.0
13.613300	11.554739636	-76.366667	0.0	0.0
13.623000	11.553463055	-76.400000	0.0	0.0
13.632800	11.534624479	-76.466667	0.0	0.0
13.642600	11.524646819	-76.500000	0.0	0.0
13.652300	11.514497224	-76.566667	0.0	0.0
13.662100	11.508929234	-76.600000	0.0	0.0
13.671900	11.494526337	-76.700000	0.0	0.0
13.681600	11.484368294	-76.766667	0.0	0.0
13.691400	11.474375307	-76.800000	0.0	0.0
13.701200	11.464379268	-76.866667	0.0	0.0
13.710900	11.454213135	-76.933333	0.0	0.0
13.720700	11.444211377	-77.033333	0.0	0.0
13.730500	11.434206686	-77.100000	0.0	0.0
13.740200	11.419649521	-77.166667	0.0	0.0
13.750000	11.409643188	-77.233333	0.0	0.0
13.759800	11.399634041	-77.300000	0.0	0.0
13.769500	11.380718312	-77.400000	0.0	0.0
13.779300	11.370711602	-77.433333	0.0	0.0
13.789100	11.365062865	-77.500000	0.0	0.0
13.798800	11.359240817	-77.533333	0.0	0.0
13.808600	11.353574972	-77.600000	0.0	0.0
13.818400	11.343546440	-77.700000	0.0	0.0
13.828100	11.333351447	-77.766667	0.0	0.0
13.837900	11.310289179	-77.900000	0.0	0.0
13.847700	11.300264943	-77.966667	0.0	0.0
13.857400	11.281413206	-78.000000	0.0	0.0
13.867200	11.280046547	-78.066667	0.0	0.0
13.877000	11.274341269	-78.166667	0.0	0.0
13.886700	11.268465345	-78.200000	0.0	0.0
13.896500	11.258422178	-78.200000	0.0	0.0
13.906300	11.239746639	-78.300000	0.0	0.0
13.916000	11.229545353	-78.400000	0.0	0.0
13.925800	11.219503557	-78.466667	0.0	0.0
13.935500	11.209298762	-78.500000	0.0	0.0
13.945300	11.207852058	-78.533333	0.0	0.0
13.955100	11.202094684	-78.600000	0.0	0.0
13.964800	11.196168876	-78.666667	0.0	0.0
13.974600	11.181809906	-78.700000	0.0	0.0
13.984400	11.163173520	-78.800000	0.0	0.0
13.994100	11.148675616	-78.866667	0.0	0.0
14.003900	11.142894065	-78.933333	0.0	0.0
14.013700	11.120021632	-78.966667	0.0	0.0
14.023400	11.109810311	-79.066667	0.0	0.0
14.033200	11.095497066	-79.100000	0.0	0.0
14.043000	11.093956493	-79.166667	0.0	0.0
14.052700	11.105025238	-79.266667	0.0	0.0
14.062500	11.094942885	-79.300000	0.0	0.0
14.072300	11.080605764	-79.400000	0.0	0.0
14.082000	11.057628966	-79.400000	0.0	0.0
14.091800	11.043318764	-79.500000	0.0	0.0
14.101600	11.029016413	-79.566667	0.0	0.0
14.111300	11.023023071	-79.600000	0.0	0.0
14.121100	11.021407424	-79.700000	0.0	0.0
14.130900	11.011326648	-79.766667	0.0	0.0
14.140600	11.001088915	-79.833333	0.0	0.0
14.150400	10.991005701	-79.900000	0.0	0.0
14.160200	10.980921195	-79.966667	0.0	0.0
14.169900	10.970680587	-80.033333	0.0	0.0
14.179700	10.960593852	-80.100000	0.0	0.0
14.189500	10.946304324	-80.166667	0.0	0.0
14.199200	10.948662943	-80.233333	0.0	0.0
14.209000	10.934368228	-80.300000	0.0	0.0
14.218800	10.920081786	-80.366667	0.0	0.0
14.228500	10.909836358	-80.400000	0.0	0.0
14.238300	10.899743514	-80.466667	0.0	0.0
14.248000	10.889496832	-80.533333	0.0	0.0
14.257800	10.879402308	-80.600000	0.0	0.0
14.267600	10.869306872	-80.700000	0.0	0.0
14.277300	10.859058439	-80.700000	0.0	0.0
14.287100	10.853125767	-80.766667	0.0	0.0
14.296900	10.838863800	-80.800000	0.0	0.0
14.306600	10.828613917	-80.900000	0.0	0.0
14.316400	10.810214583	-80.933333	0.0	0.0
14.326200	10.808415202	-81.000000	0.0	0.0
14.335900	10.798164166	-81.100000	0.0	0.0
14.345700	10.783924097	-81.200000	0.0	0.0
14.355500	10.769692756	-81.200000	0.0	0.0
14.365200	10.763578612	-81.300000	0.0	0.0
14.375000	10.757607799	-81.333333	0.0	0.0
14.384800	10.747505005	-81.400000	0.0	0.0
14.394500	10.741373910	-81.500000	0.0	0.0
14.404300	10.731266554	-81.500000	0.0	0.0
14.414100	10.721158784	-81.600000	0.0	0.0
14.423800	10.710902114	-81.666667	0.0	0.0
14.433600	10.704901223	-81.700000	0.0	0.0
14.443400	10.694788765	-81.766667	0.0	0.0
14.453100	10.692731996	-81.800000	0.0	0.0
14.462900	10.678512658	-81.866667	0.0	0.0
14.472700	10.664302436	-81.933333	0.0	0.0
14.482400	10.649954283	-82.033333	0.0	0.0
14.492200	10.643929054	-82.066667	0.0	0.0
14.502000	10.625657219	-82.100000	0.0	0.0
14.511700	10.615405372	-82.200000	0.0	0.0
14.521500	10.601230850	-82.233333	0.0	0.0
14.531300	10.587065610	-82.333333	0.0	0.0
14.541000	10.580882271	-82.333333	0.0	0.0
14.550800	10.578897506	-82.433333	0.0	0.0
14.560500	10.568643389	-82.500000	0.0	0.0
14.570300	10.562587537	-82.600000	0.0	0.0
14.580100	10.556525603	-82.633333	0.0	0.0
14.589800	10.554362598	-82.733333	0.0	0.0
14.599600	10.544239154	-82.800000	0.0	0.0
14.609400	10.534115928	-82.800000	0.0	0.0
14.619100	10.527888427	-82.833333	0.0	0.0
14.628900	10.517762076	-82.900000	0.0	0.0
14.638700	10.495545633	-83.000000	0.0	0.0
14.648400	10.485288422	-83.033333	0.0	0.0
14.658200	10.475174974	-83.100000	0.0	0.0
14.668000	10.461046581	-83.200000	0.0	0.0
14.677700	10.458819799	-83.233333	0.0	0.0
14.687500	10.448703991	-83.300000	0.0	0.0
14.697300	10.446603661	-83.333333	0.0	0.0
14.707000	10.436339172	-83.400000	0.0	0.0
14.716800	10.426217388	-83.466667	0.0	0.0
14.726600	10.416096184	-83.500000	0.0	0.0
14.736300	10.405834360	-83.566667	0.0	0.0
14.746100	10.403696703	-83.633333	0.0	0.0
14.755900	10.397559319	-83.700000	0.0	0.0
14.765600	10.387288605	-83.766667	0.0	0.0
14.775400	10.369197836	-83.833333	0.0	0.0
14.785200	10.359077302	-83.833333	0.0	0.0
14.794900	10.348817655	-83.900000	0.0	0.0
14.804700	10.338698949	-83.966667	0.0	0.0
14.814500	10.340479151	-84.100000	0.0	0.0
14.824200	10.330211133	-84.133333	0.0	0.0
14.834000	10.316123896	-84.200000	0.0	0.0
14.843800	10.306001193	-84.233333	0.0	0.0
14.853500	10.295740815	-84.333333	0.0	0.0
14.863300	10.281673788	-84.366667	0.0	0.0
14.873000	10.275362589	-84.433333	0.0	0.0
14.882800	10.269184529	-84.433333	0.0	0.0
14.892600	10.263001284	-84.533333	0.0	0.0
14.902300	10.252739837	-84.600000	0.0	0.0
14.912100	10.242617343	-84.666667	0.0	0.0
14.921900	10.232496005	-84.700000	0.0	0.0
14.931600	10.226162610	-84.800000	0.0	0.0
14.941400	10.216040008	-84.833333	0.0	0.0
14.951200	10.205918644	-84.900000	0.0	0.0
14.960900	10.195662248	-84.933333	0.0	0.0
14.970700	10.185543670	-85.033333	0.0	0.0
14.980500	10.171522197	-85.066667	0.0	0.0
14.990200	10.169076658	-85.133333	0.0	0.0
15.000000	10.158958467	-85.166667	0.0	0.0
15.009800	10.148841679	-85.233333	0.0	0.0
15.019500	10.130812645	-85.300000	0.0	0.0
15.029300	10.124591438	-85.333333	0.0	0.0
15.039100	10.106722952	-85.433333	0.0	0.0
15.048800	10.104242039	-85.466667	0.0	0.0
15.058600	10.094136997	-85.566667	0.0	0.0
15.068400	10.084033519	-85.633333	0.0	0.0
15.078100	10.069932789	-85.700000	0.0	0.0
15.087900	10.055976751	-85.733333	0.0	0.0
15.097700	10.053599556	-85.733333	0.0	0.0
15.107400	10.043369860	-85.800000	0.0	0.0
15.117200	10.033275040	-85.833333	0.0	0.0
15.127000	10.023181942	-85.933333	0.0	0.0
15.136700	10.009116414	-86.000000	0.0	0.0
15.146500	9.995194395	-86.033333	0.0	0.0
15.156300	9.985114577	-86.100000	0.0	0.0
15.166000	9.978733786	-86.133333	0.0	0.0
15.175800	9.964829115	-86.200000	0.0	0.0
15.185500	9.946986433	-86.233333	0.0	0.0
15.195300	9.936922229	-86.333333	0.0	0.0
15.205100	9.926859950	-86.366667	0.0	0.0
15.214800	9.916669264	-86.433333	0.0	0.0
15.224600	9.906611127	-86.500000	0.0	0.0
15.234400	9.900353662	-86.566667	0.0	0.0
15.244100	9.893962153	-86.566667	0.0	0.0
15.253900	9.876319325	-86.666667	0.0	0.0
15.263700	9.862483960	-86.733333	0.0	0.0
15.273400	9.844752105	-86.800000	0.0	0.0
15.283200	9.834718333	-86.833333	0.0	0.0
15.293000	9.824686708	-86.933333	0.0	0.0
15.302700	9.810763241	-87.000000	0.0	0.0
15.312500	9.800740044	-87.033333	0.0	0.0
15.322300	9.783207296	-87.066667	0.0	0.0
15.332000	9.769318930	-87.100000	0.0	0.0
15.341800	9.751826526	-87.166667	0.0	0.0
15.351600	9.745571046	-87.233333	0.0	0.0
15.361300	9.731712606	-87.300000	0.0	0.0
15.371100	9.717992568	-87.333333	0.0	0.0
15.380900	9.696838529	-87.433333	0.0	0.0
15.390600	9.683026092	-87.466667	0.0	0.0
15.400400	9.669351221	-87.533333	0.0	0.0
15.410200	9.659394061	-87.566667	0.0	0.0
15.419900	9.638211404	-87.600000	0.0	0.0
15.429700	9.624576548	-87.633333	0.0	0.0
15.439500	9.603579377	-87.733333	0.0	0.0
15.449200	9.593534850	-87.833333	0.0	0.0
15.459000	9.576264384	-87.833333	0.0	0.0
15.468800	9.562686439	-87.900000	0.0	0.0
15.478500	9.545332835	-87.966667	0.0	0.0
15.488300	9.531783531	-88.033333	0.0	0.0
15.498000	9.510820381	-88.033333	0.0	0.0
15.507800	9.490018290	-88.133333	0.0	0.0
15.517600	9.480162294	-88.166667	0.0	0.0
15.527300	9.462921150	-88.233333	0.0	0.0
15.537100	9.449451245	-88.333333	0.0	0.0
15.546900	9.421519332	-88.333333	0.0	0.0
15.556600	9.400754330	-88.433333	0.0	0.0
15.566400	9.387350611	-88.433333	0.0	0.0
15.576200	9.366766554	-88.533333	0.0	0.0
15.585900	9.346100303	-88.533333	0.0	0.0
15.595700	9.325592015	-88.633333	0.0	0.0
15.605500	9.305121381	-88.633333	0.0	0.0
15.615200	9.284569442	-88.733333	0.0	0.0
15.625000	9.264174327	-88.766667	0.0	0.0
15.634800	9.247364866	-88.833333	0.0	0.0
15.644500	9.226919009	-88.900000	0.0	0.0
15.654300	9.206628903	-88.933333	0.0	0.0
15.664100	9.182851489	-88.966667	0.0	0.0
15.673800	9.159011443	-89.033333	0.0	0.0
15.683600	9.142357113	-89.200000	0.0	0.0
15.693400	9.125725940	-89.266667	0.0	0.0
15.703100	9.105506863	-89.300000	0.0	0.0
15.712900	9.085441293	-89.233333	0.0	0.0
15.722700	9.061934576	-89.333333	0.0	0.0
15.732400	9.041836019	-89.333333	0.0	0.0
15.742200	9.008051312	-89.433333	0.0	0.0
15.752000	8.984723978	-89.433333	0.0	0.0
15.761700	8.961336405	-89.533333	0.0	0.0
15.771500	8.931258660	-89.566667	0.0	0.0
15.781300	8.904691640	-89.633333	0.0	0.0
15.791000	8.878084353	-89.633333	0.0	0.0
15.800800	8.858458440	-89.733333	0.0	0.0
15.810500	8.831975908	-89.800000	0.0	0.0
15.820300	8.805677238	-89.866667	0.0	0.0
15.830100	8.776081547	-89.866667	0.0	0.0
15.839800	8.749825410	-89.933333	0.0	0.0
15.849600	8.727099870	-89.933333	0.0	0.0
15.859400	8.704426699	-90.000000	0.0	0.0
15.869100	8.678365302	-90.066667	0.0	0.0
15.878900	8.645845969	-90.133333	0.0	0.0
15.888700	8.610137033	-90.166667	0.0	0.0
15.898400	8.581044860	-90.233333	0.0	0.0
15.908200	8.558718675	-90.300000	0.0	0.0
15.918000	8.529894651	-90.333333	0.0	0.0
15.927700	8.491272940	-90.433333	0.0	0.0
15.937500	8.452925907	-90.433333	0.0	0.0
15.947300	8.427672718	-90.533333	0.0	0.0
15.957000	8.405608468	-90.633333	0.0	0.0
15.966800	8.380484054	-90.633333	0.0	0.0
15.976600	8.342612224	-90.733333	0.0	0.0
15.986300	8.304801391	-90.733333	0.0	0.0
15.996100	8.276782718	-90.833333	0.0	0.0
16.005900	8.248852383	-90.833333	0.0	0.0
16.015600	8.211448251	-90.866667	0.0	0.0
16.025400	8.177447356	-90.933333	0.0	0.0
16.035200	8.146706971	-90.966667	0.0	0.0
16.044900	8.109748064	-91.033333	0.0	0.0
16.054700	8.073051496	-91.133333	0.0	0.0
16.064500	8.036514990	-91.200000	0.0	0.0
16.074200	8.003109063	-91.200000	0.0	0.0
16.084000	7.972994458	-91.233333	0.0	0.0
16.093800	7.946036091	-91.266667	0.0	0.0
16.103500	7.909952737	-91.300000	0.0	0.0
16.113300	7.871104033	-91.366667	0.0	0.0
16.123000	7.826333938	-91.466667	0.0	0.0
16.132800	7.790873743	-91.533333	0.0	0.0
16.142600	7.758545372	-91.633333	0.0	0.0
16.152300	7.723285296	-91.666667	0.0	0.0
16.162100	7.685325140	-91.733333	0.0	0.0
16.171900	7.644611646	-91.766667	0.0	0.0
16.181600	7.612773751	-91.766667	0.0	0.0
16.191400	7.575340129	-91.800000	0.0	0.0
16.201200	7.532301578	-91.833333	0.0	0.0
16.210900	7.472184502	-91.833333	0.0	0.0
16.220700	7.438279916	-91.833333	0.0	0.0
16.230500	7.398842763	-91.866667	0.0	0.0
16.240200	7.379315519	-92.033333	0.0	0.0
16.250000	7.334548713	-92.100000	0.0	0.0
16.259800	7.295645649	-92.133333	0.0	0.0
16.269500	7.245723311	-92.233333	0.0	0.0
16.279300	7.196225874	-92.266667	0.0	0.0
16.289100	7.158040956	-92.333333	0.0	0.0
16.298800	7.128168018	-92.333333	0.0	0.0
16.308600	7.093055563	-92.400000	0.0	0.0
16.318400	7.049989696	-92.433333	0.0	0.0
16.328100	7.001718341	-92.533333	0.0	0.0
16.337900	6.961868253	-92.533333	0.0	0.0
16.347700	6.914275052	-92.666667	0.0	0.0
16.357400	6.874828698	-92.733333	0.0	0.0
16.367200	6.827820764	-92.933333	0.0	0.0
16.377000	6.781129393	-92.933333	0.0	0.0
16.386700	6.739841331	-92.966667	0.0	0.0
16.396500	6.711747969	-92.833333	0.0	0.0
16.406300	6.668394694	-92.833333	0.0	0.0
16.416000	6.625236007	-92.933333	0.0	0.0
16.425800	6.567293026	-93.033333	0.0	0.0
16.435500	6.529789403	-93.133333	0.0	0.0
16.445300	6.480128245	-93.133333	0.0	0.0
16.455100	6.435777955	-93.200000	0.0	0.0
16.464800	6.389196611	-93.233333	0.0	0.0
16.474600	6.343025017	-93.333333	0.0	0.0
16.484400	6.294766457	-93.433333	0.0	0.0
16.494100	6.251591325	-93.433333	0.0	0.0
16.503900	6.213550519	-93.366667	0.0	0.0
16.513700	6.170998600	-93.433333	0.0	0.0
16.523400	6.121607769	-93.433333	0.0	0.0
16.533200	6.068022355	-93.566667	0.0	0.0
16.543000	6.028767554	-93.666667	0.0	0.0
16.552700	5.987391935	-93.766667	0.0	0.0
16.562500	5.944086433	-93.833333	0.0	0.0
16.572300	5.887517889	-93.800000	0.0	0.0
16.582000	5.842613461	-93.833333	0.0	0.0
16.591800	5.802569373	-93.933333	0.0	0.0
16.601600	5.756164872	-94.033333	0.0	0.0
16.611300	5.703488585	-94.033333	0.0	0.0
16.621100	5.651358501	-94.033333	0.0	0.0
16.630900	5.601850371	-94.100000	0.0	0.0
16.640600	5.556968854	-94.133333	0.0	0.0
16.650400	5.510394295	-94.233333	0.0	0.0
16.660200	5.464206304	-94.166667	0.0	0.0
16.669900	5.420416465	-94.233333	0.0	0.0
16.679700	5.370851406	-94.266667	0.0	0.0
16.689500	5.325822054	-94.333333	0.0	0.0
16.699200	5.281103337	-94.400000	0.0	0.0
16.709000	5.228786606	-94.466667	0.0	0.0
16.718800	5.171027790	-94.466667	0.0	0.0
16.728500	5.119733260	-94.566667	0.0	0.0
16.738300	5.074843979	-94.633333	0.0	0.0
16.748000	5.038012466	-94.733333	0.0	0.0
16.757800	4.993832896	-94.733333	0.0	0.0
16.767600	4.940548233	-94.833333	0.0	0.0
16.777300	4.891523459	-94.866667	0.0	0.0
16.787100	4.843039617	-94.700000	0.0	0.0
16.796900	4.798714806	-94.700000	0.0	0.0
16.806600	4.752911501	-94.766667	0.0	0.0
16.816400	4.705791975	-95.000000	0.0	0.0
16.826200	4.664503538	-95.066667	0.0	0.0
16.835900	4.616427382	-95.100000	0.0	0.0
16.845700	4.565392536	-95.200000	0.0	0.0
16.855500	4.513186494	-95.300000	0.0	0.0
16.865200	4.466660988	-95.300000	0.0	0.0
16.875000	4.425756980	-95.333333	0.0	0.0
16.884800	4.356708553	-95.200000	0.0	0.0
16.894500	4.306826266	-95.200000	0.0	0.0
16.904300	4.257562673	-95.300000	0.0	0.0
16.914100	4.228286967	-95.500000	0.0	0.0
16.923800	4.184681754	-95.600000	0.0	0.0
16.933600	4.136807006	-95.600000	0.0	0.0
16.943400	4.097331736	-95.633333	0.0	0.0
16.953100	4.051957805	-95.700000	0.0	0.0
16.962900	4.013286865	-95.700000	0.0	0.0
16.972700	3.962797405	-95.733333	0.0	0.0
16.982400	3.912894440	-95.733333	0.0	0.0
16.992200	3.862180400	-95.833333	0.0	0.0
17.002000	3.822375573	-95.833333	0.0	0.0
17.011700	3.780031603	-95.933333	0.0	0.0
17.021500	3.736763896	-95.933333	0.0	0.0
17.031300	3.691154847	-96.100000	0.0	0.0
17.041000	3.644658314	-96.066667	0.0	0.0
17.050800	3.583627445	-95.933333	0.0	0.0
17.060500	3.533053199	-95.833333	0.0	0.0
17.070300	3.489921358	-96.000000	0.0	0.0
17.080100	3.463225879	-96.333333	0.0	0.0
17.089800	3.424842681	-96.500000	0.0	0.0
17.099600	3.381727190	-96.500000	0.0	0.0
17.109400	3.332751196	-96.500000	0.0	0.0
17.119100	3.288227504	-96.466667	0.0	0.0
17.128900	3.248071752	-96.533333	0.0	0.0
17.138700	3.205942684	-96.533333	0.0	0.0
17.148400	3.165535661	-96.733333	0.0	0.0
17.158200	3.119680499	-96.800000	0.0	0.0
17.168000	3.081575003	-96.833333	0.0	0.0
17.177700	3.041562143	-96.766667	0.0	0.0
17.187500	3.004406934	-96.833333	0.0	0.0
17.197300	2.965426755	-96.833333	0.0	0.0
17.207000	2.922426859	-96.933333	0.0	0.0
17.216800	2.878977046	-96.933333	0.0	0.0
17.226600	2.833995388	-97.066667	0.0	0.0
17.236300	2.796113237	-97.033333	0.0	0.0
17.246100	2.756651085	-97.100000	0.0	0.0
17.255900	2.717744115	-97.100000	0.0	0.0
17.265600	2.680381944	-97.233333	0.0	0.0
17.275400	2.640520583	-97.333333	0.0	0.0
17.285200	2.602248806	-97.400000	0.0	0.0
17.294900	2.555658244	-97.400000	0.0	0.0
17.304700	2.519579982	-97.300000	0.0	0.0
17.314500	2.484962901	-97.333333	0.0	0.0
17.324200	2.451732275	-97.400000	0.0	0.0
17.334000	2.413408944	-97.533333	0.0	0.0
17.343800	2.381159645	-97.466667	0.0	0.0
17.353500	2.342111107	-97.600000	0.0	0.0
17.363300	2.305496875	-97.733333	0.0	0.0
17.373000	2.267686281	-97.833333	0.0	0.0
17.382800	2.231376218	-97.633333	0.0	0.0
17.392600	2.194803706	-97.700000	0.0	0.0
17.402300	2.158804439	-97.733333	0.0	0.0
17.412100	2.129130618	-97.933333	0.0	0.0
17.421900	2.093426415	-97.933333	0.0	0.0
17.431600	2.057506283	-98.000000	0.0	0.0
17.441400	2.023777134	-97.933333	0.0	0.0
17.451200	1.992892739	-97.966667	0.0	0.0
17.460900	1.955689558	-98.033333	0.0	0.0
17.470700	1.922150014	-98.066667	0.0	0.0
17.480500	1.889184476	-98.133333	0.0	0.0
17.490200	1.860328122	-98.166667	0.0	0.0
17.500000	1.829122382	-98.233333	0.0	0.0
17.509800	1.799129278	-98.166667	0.0	0.0
17.519500	1.768927695	-98.266667	0.0	0.0
17.529300	1.738584543	-98.400000	0.0	0.0
17.539100	1.707449791	-98.500000	0.0	0.0
17.548800	1.673637952	-98.433333	0.0	0.0
17.558600	1.644295131	-98.400000	0.0	0.0
17.568400	1.617326696	-98.433333	0.0	0.0
17.578100	1.589560986	-98.633333	0.0	0.0
17.587900	1.560491145	-98.733333	0.0	0.0
17.597700	1.529015259	-98.733333	0.0	0.0
17.607400	1.501033763	-98.633333	0.0	0.0
17.617200	1.471319879	-98.633333	0.0	0.0
17.627000	1.447738562	-98.866667	0.0	0.0
17.636700	1.426159137	-98.933333	0.0	0.0
17.646500	1.398461434	-99.033333	0.0	0.0
17.656300	1.370248700	-98.933333	0.0	0.0
17.666000	1.338987283	-99.066667	0.0	0.0
17.675800	1.316006874	-99.066667	0.0	0.0
17.685500	1.290430696	-99.033333	0.0	0.0
17.695300	1.268282091	-98.800000	0.0	0.0
17.705100	1.238882452	-98.833333	0.0	0.0
17.714800	1.214336849	-99.000000	0.0	0.0
17.724600	1.190747155	-99.333333	0.0	0.0
17.734400	1.173905127	-99.466667	0.0	0.0
17.744100	1.147998409	-99.500000	0.0	0.0
17.753900	1.123968669	-99.600000	0.0	0.0
17.763700	1.097910302	-99.633333	0.0	0.0
17.773400	1.079462840	-99.633333	0.0	0.0
17.783200	1.056460245	-99.533333	0.0	0.0
17.793000	1.031173375	-99.533333	0.0	0.0
17.802700	1.009187231	-99.533333	0.0	0.0
17.812500	0.988818132	-99.533333	0.0	0.0
17.822300	0.969231454	-99.633333	0.0	0.0
17.832000	0.949292634	-99.633333	0.0	0.0
17.841800	0.927991504	-99.733333	0.0	0.0
17.851600	0.909957190	-99.700000	0.0	0.0
17.861300	0.888163245	-99.733333	0.0	0.0
17.871100	0.868898878	-99.733333	0.0	0.0
17.880900	0.850378129	-99.933333	0.0	0.0
17.890600	0.832881364	-100.200000	0.0	0.0
17.900400	0.813564778	-100.133333	0.0	0.0
17.910200	0.796222057	-100.233333	0.0	0.0
17.919900	0.777447665	-100.233333	0.0	0.0
17.929700	0.760873945	-100.333333	0.0	0.0
17.939500	0.741800865	-100.266667	0.0	0.0
17.949200	0.724864549	-100.333333	0.0	0.0
17.959000	0.708322386	-100.433333	0.0	0.0
17.968800	0.692954655	-100.433333	0.0	0.0
17.978500	0.677132370	-100.475833	0.0	0.0
17.988300	0.660156510	-100.518333	0.0	0.0
17.998000	0.644340102	-100.560833	0.0	0.0
18.007800	0.632297285	-100.603333	0.0	0.0
18.017600	0.616444358	-100.645833	0.0	0.0
18.027300	0.593646674	-100.688333	0.0	0.0
18.037100	0.576987971	-100.730833	0.0	0.0
18.046900	0.563384927	-100.773333	0.0	0.0
18.056600	0.557320847	-100.815833	0.0	0.0
18.066400	0.542720937	-100.858333	0.0	0.0
18.076200	0.529721511	-100.900833	0.0	0.0
18.085900	0.516036297	-100.943333	0.0	0.0
18.095700	0.502902864	-100.985833	0.0	0.0
18.105500	0.490856311	-101.028333	0.0	0.0
18.115200	0.478357881	-101.070833	0.0	0.0
18.125000	0.466182569	-101.113333	0.0	0.0
18.134800	0.454316881	-101.155833	0.0	0.0
18.144500	0.443428235	-101.198333	0.0	0.0
18.154300	0.432307081	-101.240833	0.0	0.0
18.164100	0.420011423	-101.283333	0.0	0.0
18.173800	0.408374067	-101.325833	0.0	0.0
18.183600	0.397215700	-101.368333	0.0	0.0
18.193400	0.388443390	-101.410833	0.0	0.0
18.203100	0.377825016	-101.453333	0.0	0.0
18.212900	0.366937028	-101.495833	0.0	0.0
18.222700	0.356910056	-101.538333	0.0	0.0
18.232400	0.349693597	-101.580833	0.0	0.0
18.242200	0.340529253	-101.623333	0.0	0.0
18.252000	0.330842215	-101.665833	0.0	0.0
18.261700	0.319459451	-101.708333	0.0	0.0
18.271500	0.309895358	-101.750833	0.0	0.0
18.281300	0.300732814	-101.793333	0.0	0.0
18.291000	0.291725840	-101.835833	0.0	0.0
18.300800	0.284625288	-101.878333	0.0	0.0
18.310500	0.275888591	-101.920833	0.0	0.0
18.320300	0.268451084	-101.963333	0.0	0.0
18.330100	0.260113565	-102.005833	0.0	0.0
18.339800	0.253292613	-102.048333	0.0	0.0
18.349600	0.245614048	-102.090833	0.0	0.0
18.359400	0.238076741	-102.133333	0.0	0.0
18.369100	0.231033925	-102.175833	0.0	0.0
18.378900	0.224718605	-102.218333	0.0	0.0
18.388700	0.218324289	-102.260833	0.0	0.0
18.398400	0.212028112	-102.303333	0.0	0.0
18.408200	0.204890890	-102.345833	0.0	0.0
18.418000	0.199136837	-102.388333	0.0	0.0
18.427700	0.193171151	-102.430833	0.0	0.0
18.437500	0.186883403	-102.473333	0.0	0.0
18.447300	0.180939043	-102.515833	0.0	0.0
18.457000	0.174845942	-102.558333	0.0	0.0
18.466800	0.170130936	-102.600833	0.0	0.0
18.476600	0.164277259	-102.643333	0.0	0.0
18.486300	0.159171995	-102.685833	0.0	0.0
18.496100	0.154701193	-102.728333	0.0	0.0
18.505900	0.149779976	-102.770833	0.0	0.0
18.515600	0.145013660	-102.813333	0.0	0.0
18.525400	0.140454348	-102.855833	0.0	0.0
18.535200	0.136299591	-102.898333	0.0	0.0
18.544900	0.131557514	-102.940833	0.0	0.0
18.554700	0.126252855	-102.983333	0.0	0.0
18.564500	0.121908273	-103.025833	0.0	0.0
18.574200	0.118164467	-103.068333	0.0	0.0
18.584000	0.114229531	-103.110833	0.0	0.0
18.593800	0.110383199	-103.153333	0.0	0.0
18.603500	0.106542443	-103.195833	0.0	0.0
18.613300	0.103033888	-103.238333	0.0	0.0
18.623000	0.099372440	-103.280833	0.0	0.0
18.632800	0.095548288	-103.323333	0.0	0.0
18.642600	0.092083036	-103.365833	0.0	0.0
18.652300	0.088742457	-103.408333	0.0	0.0
18.662100	0.085885733	-103.450833	0.0	0.0
18.671900	0.083248617	-103.493333	0.0	0.0
18.681600	0.080351651	-103.535833	0.0	0.0
18.691400	0.077764908	-103.578333	0.0	0.0
18.701200	0.074685957	-103.620833	0.0	0.0
18.710900	0.071838296	-103.663333	0.0	0.0
18.720700	0.068940988	-103.705833	0.0	0.0
18.730500	0.066440375	-103.748333	0.0	0.0
18.740200	0.064128110	-103.790833	0.0	0.0
18.750000	0.061683529	-103.833333	0.0	0.0
18.759800	0.059195643	-103.875833	0.0	0.0
18.769500	0.057069676	-103.918333	0.0	0.0
18.779300	0.054788843	-103.960833	0.0	0.0
18.789100	0.052700163	-104.003333	0.0	0.0
18.798800	0.050399580	-104.045833	0.0	0.0
18.808600	0.048496784	-104.088333	0.0	0.0
18.818400	0.046647896	-104.130833	0.0	0.0
18.828100	0.044989689	-104.173333	0.0	0.0
18.837900	0.043092164	-104.215833	0.0	0.0
18.847700	0.041449254	-104.258333	0.0	0.0
18.857400	0.039715829	-104.300833	0.0	0.0
18.867200	0.038143005	-104.343333	0.0	0.0
18.877000	0.036492136	-104.385833	0.0	0.0
18.886700	0.034872159	-104.428333	0.0	0.0
18.896500	0.033516815	-104.470833	0.0	0.0
18.906300	0.032300786	-104.513333	0.0	0.0
18.916000	0.031464822	-104.555833	0.0	0.0
18.925800	0.030045204	-104.598333	0.0	0.0
18.935500	0.028546545	-104.640833	0.0	0.0
18.945300	0.026946538	-104.683333	0.0	0.0
18.955100	0.025869349	-104.725833	0.0	0.0
18.964800	0.024749316	-104.768333	0.0	0.0
18.974600	0.023551140	-104.810833	0.0	0.0
18.984400	0.022540338	-104.853333	0.0	0.0
18.994100	0.021622410	-104.895833	0.0	0.0
19.003900	0.020591381	-104.938333	0.0	0.0
19.013700	0.019684903	-104.980833	0.0	0.0
19.023400	0.018753239	-105.023333	0.0	0.0
19.033200	0.018100488	-105.065833	0.0	0.0
19.043000	0.017151577	-105.108333	0.0	0.0
19.052700	0.016346059	-105.150833	0.0	0.0
19.062500	0.015370679	-105.193333	0.0	0.0
19.072300	0.014648938	-105.235833	0.0	0.0
19.082000	0.014046920	-105.278333	0.0	0.0
19.091800	0.013506011	-105.320833	0.0	0.0
19.101600	0.012724464	-105.363333	0.0	0.0
19.111300	0.012052592	-105.405833	0.0	0.0
19.121100	0.011513104	-105.448333	0.0	0.0
19.130900	0.011159313	-105.490833	0.0	0.0
19.140600	0.010667871	-105.533333	0.0	0.0
19.150400	0.010085305	-105.575833	0.0	0.0
19.160200	0.009516270	-105.618333	0.0	0.0
19.169900	0.008927702	-105.660833	0.0	0.0
19.179700	0.008446633	-105.703333	0.0	0.0
19.189500	0.008043789	-105.745833	0.0	0.0
19.199200	0.007689527	-105.788333	0.0	0.0
19.209000	0.007303138	-105.830833	0.0	0.0
19.218800	0.006909594	-105.873333	0.0	0.0
19.228500	0.006572402	-105.915833	0.0	0.0
19.238300	0.006218229	-105.958333	0.0	0.0
19.248000	0.005840337	-106.000833	0.0	0.0
19.257800	0.005515015	-106.043333	0.0	0.0
19.267600	0.005205813	-106.085833	0.0	0.0
19.277300	0.004904474	-106.128333	0.0	0.0
19.287100	0.004658011	-106.170833	0.0	0.0
19.296900	0.004401916	-106.213333	0.0	0.0
19.306600	0.004107507	-106.255833	0.0	0.0
19.316400	0.003838714	-106.298333	0.0	0.0
19.326200	0.003626266	-106.340833	0.0	0.0
19.335900	0.003462545	-106.383333	0.0	0.0
19.345700	0.003230990	-106.425833	0.0	0.0
19.355500	0.003029996	-106.468333	0.0	0.0
19.365200	0.002843658	-106.510833	0.0	0.0
19.375000	0.002665734	-106.553333	0.0	0.0
19.384800	0.002502780	-106.595833	0.0	0.0
19.394500	0.002326433	-106.638333	0.0	0.0
19.404300	0.002190093	-106.680833	0.0	0.0
19.414100	0.002066496	-106.723333	0.0	0.0
19.423800	0.001973188	-106.765833	0.0	0.0
19.433600	0.001825744	-106.808333	0.0	0.0
19.443400	0.001699069	-106.850833	0.0	0.0
19.453100	0.001545175	-106.893333	0.0	0.0
19.462900	0.001481091	-106.935833	0.0	0.0
19.472700	0.001363596	-106.978333	0.0	0.0
19.482400	0.001305524	-107.020833	0.0	0.0
19.492200	0.001182738	-107.063333	0.0	0.0
19.502000	0.001101095	-107.105833	0.0	0.0
19.511700	0.001044536	-107.148333	0.0	0.0
19.521500	0.000978422	-107.190833	0.0	0.0
19.531300	0.000986951	-107.233333	0.0	0.0
19.541000	0.000898587	-107.275833	0.0	0.0
19.550800	0.000857358	-107.318333	0.0	0.0
19.560500	0.000719051	-107.360833	0.0	0.0
19.570300	0.000642236	-107.403333	0.0	0.0
19.580100	0.000599970	-107.445833	0.0	0.0
19.589800	0.000598954	-107.488333	0.0	0.0
19.599600	0.000606030	-107.530833	0.0	0.0
19.609400	0.000552835	-107.573333	0.0	0.0
19.619100	0.000465255	-107.615833	0.0	0.0
19.628900	0.000377391	-107.658333	0.0	0.0
19.638700	0.000349590	-107.700833	0.0	0.0
19.648400	0.000314283	-107.743333	0.0	0.0
19.658200	0.000295294	-107.785833	0.0	0.0
19.668000	0.000252554	-107.828333	0.0	0.0
19.677700	0.000297131	-107.870833	0.0	0.0
19.687500	0.000279822	-107.913333	0.0	0.0
19.697300	0.000292177	-107.955833	0.0	0.0
19.707000	0.000230360	-107.998333	0.0	0.0
19.716800	0.000224047	-108.040833	0.0	0.0
19.726600	0.000220938	-108.083333	0.0	0.0
19.736300	0.000256369	-108.125833	0.0	0.0
19.746100	0.000242640	-108.168333	0.0	0.0
19.755900	0.000199324	-108.210833	0.0	0.0
19.765600	0.000131872	-108.253333	0.0	0.0
19.775400	0.000120990	-108.295833	0.0	0.0
19.785200	0.000231214	-108.338333	0.0	0.0
19.794900	0.000239482	-108.380833	0.0	0.0
19.804700	0.000227354	-108.423333	0.0	0.0
19.814500	0.000135873	-108.465833	0.0	0.0
19.824200	0.000153954	-108.508333	0.0	0.0
19.834000	0.000143876	-108.550833	0.0	0.0
19.843800	0.000094026	-108.593333	0.0	0.0
19.853500	0.000097388	-108.635833	0.0	0.0
19.863300	0.000101260	-108.678333	0.0	0.0
19.873000	0.000149117	-108.720833	0.0	0.0
19.882800	0.000137337	-108.763333	0.0	0.0
19.892600	0.000128939	-108.805833	0.0	0.0
19.902300	0.000086425	-108.848333	0.0	0.0
19.912100	0.000074800	-108.890833	0.0	0.0
19.921900	0.000073733	-108.933333	0.0	0.0
19.931600	0.000076486	-108.975833	0.0	0.0
19.941400	0.000115171	-109.018333	0.0	0.0
19.951200	0.000132873	-109.060833	0.0	0.0
19.960900	0.000121626	-109.103333	0.0	0.0
19.970700	0.000074580	-109.145833	0.0	0.0
19.980500	0.000074025	-109.188333	0.0	0.0
19.990200	0.000064809	-109.230833	0.0	0.0
