# Response info for CPUP short-period site CPUP1.
#
# Effective: 01 May 2002
# Source:  James Neely (CTI)
# System equipment: GS21 seismometer and AIM24S-1 digitizer.
# 
# This nominal response file is the actual amplitude and phase of the RB calibration.
# Displacement response relative to 1.0 at 1.0 Hz. The nominal calib value for
# this configuration is 0.011980 nm/count at 1.0 Hz.
#
# Freq(Hz) 	Ampl(counts/nm)  	Phase(deg)  Error(amp)  Error(phase)
#
 theoretical  0  system    fap   J.Neely
40				
0.3350		0.051262316		245.00000	0.0		0.0
0.3770		0.072917316		241.10000	0.0		0.0
0.4230	0.100653689	237.00000	0.0	0.0
0.4750	0.139325134	232.00000	0.0	0.0
0.5340	0.199770145	226.10000	0.0	0.0
0.5990	0.280812315	220.00000	0.0	0.0
0.6730	0.399028937	211.00000	0.0	0.0
0.7560	0.535000931	201.00000	0.0	0.0
0.8500	0.727626073	189.30000	0.0	0.0
0.9550	0.922555917	178.70000	0.0	0.0
1.0720	1.125081834	167.40000	0.0	0.0
1.2050	1.330382042	155.60000	0.0	0.0
1.3530	1.553413674	146.20000	0.0	0.0
1.5200	1.794043277	138.00000	0.0	0.0
1.7070	2.010123997	130.30000	0.0	0.0
1.9180	2.245628596	124.10000	0.0	0.0
2.1540	2.504580680	118.60000	0.0	0.0
2.4200	2.804172288	114.10000	0.0	0.0
2.7190	3.103834347	110.10000	0.0	0.0
3.0540	3.442376433	106.70000	0.0	0.0
3.4300	3.813146115	102.90000	0.0	0.0
3.8540	4.264823253	100.60000	0.0	0.0
4.3290	4.741075954	97.90000	0.0	0.0
4.8630	5.252833036	95.70000	0.0	0.0
5.4620	5.920263311	93.10000	0.0	0.0
6.1360	6.544472966	91.60000	0.0	0.0
6.8930	7.159745838	90.80000	0.0	0.0
7.7430	8.098388114	87.80000	0.0	0.0
8.6980	8.920901219	86.00000	0.0	0.0
9.7700	9.985823621	84.20000	0.0	0.0
10.000	10.185663563	84.40000	0.0	0.0
11.000	11.127100543	82.70000	0.0	0.0
12.000	11.999705102	81.20000	0.0	0.0
13.000	12.999680527	80.30000	0.0	0.0
14.000	13.775816934	79.00000	0.0	0.0
15.000	14.658198082	77.30000	0.0	0.0
16.000	13.855088679	76.70000	0.0	0.0
17.000	7.429134970	75.70000	0.0	0.0
18.000	1.400431376	73.80000	0.0	0.0
19.000	0.052874093	70.40000	0.0	0.0
