# Response info for CPUP broadband site CPUPB BHE, BHN, BHZ.
#
# Effective:  20 May 2002
# Source:  James Neely (CTI)
# System equipment:  KS54000 IRIS seismometer and AIM24S-3 digitizer.
# 
# This nominal response file is the average amplitude and phase of the RB calibrations.
# Displacement response relative to 1.0 at 1.0 Hz. The nominal calib value for
# this configuration is 0.020238 nm/count at 1.0 Hz.
#
# Freq(Hz)  Ampl(counts/nm)   	Phase(deg)  Error(amp)  Error(phase)
#
 theoretical  0  system    fap   J.Neely
70				
0.0100	0.006697119	147.00000	0.0	0.0
0.0120	0.008571654	142.00000	0.0	0.0
0.0130	0.009715263	138.00000	0.0	0.0
0.0150	0.011714568	134.00000	0.0	0.0
0.0160	0.012885897	132.20000	0.0	0.0
0.0180	0.014884135	129.00000	0.0	0.0
0.0210	0.018014626	123.66667	0.0	0.0
0.0230	0.020387447	122.50000	0.0	0.0
0.0260	0.023719655	117.83333	0.0	0.0
0.0290	0.026456538	117.00000	0.0	0.0
0.0330	0.030442456	113.70000	0.0	0.0
0.0370	0.035075463	110.70000	0.0	0.0
0.0410	0.039377869	108.03333	0.0	0.0
0.0460	0.044725944	106.13333	0.0	0.0
0.0520	0.050929767	104.60000	0.0	0.0
0.0590	0.057941139	103.36667	0.0	0.0
0.0660	0.065164683	100.86667	0.0	0.0
0.0740	0.072923371	99.16667	0.0	0.0
0.0830	0.082454262	97.83333	0.0	0.0
0.0930	0.090494938	96.80000	0.0	0.0
0.1050	0.103189587	95.53333	0.0	0.0
0.1180	0.112810716	93.06667	0.0	0.0
0.1320	0.128211672	92.80000	0.0	0.0
0.1490	0.143734296	90.60480	0.0	0.0
0.1670	0.161339030	89.40960	0.0	0.0
0.1870	0.181296807	88.21440	0.0	0.0
0.2110	0.204984623	87.01920	0.0	0.0
0.2360	0.227178499	85.82400	0.0	0.0
0.2660	0.260589116	84.62880	0.0	0.0
0.2980	0.289857547	84.37800	0.0	0.0
0.3350	0.336134551	84.86667	0.0	0.0
0.3770	0.375961205	85.00000	0.0	0.0
0.4230	0.427374609	84.00000	0.0	0.0
0.4750	0.475877632	83.03333	0.0	0.0
0.5340	0.533756208	81.46667	0.0	0.0
0.5990	0.597808159	79.93333	0.0	0.0
0.6730	0.673467661	78.30000	0.0	0.0
0.7560	0.757396821	76.70000	0.0	0.0
0.8500	0.849938055	74.73333	0.0	0.0
0.9550	0.955296941	72.56667	0.0	0.0
1.0720	1.071099462	70.30000	0.0	0.0
1.2050	1.204449870	67.60000	0.0	0.0
1.3530	1.350307912	64.60000	0.0	0.0
1.5200	1.513486682	61.23333	0.0	0.0
1.7070	1.697078260	57.46667	0.0	0.0
1.9180	1.901736251	53.03333	0.0	0.0
2.1540	2.129188187	48.06667	0.0	0.0
2.4200	2.372923378	42.53333	0.0	0.0
2.7190	2.637611878	36.03333	0.0	0.0
3.0540	2.908511029	28.53333	0.0	0.0
3.4300	3.181235369	20.06667	0.0	0.0
3.8540	3.431995628	10.43333	0.0	0.0
4.3290	3.629576336	-0.40000	0.0	0.0
4.8630	3.737139291	-12.23333	0.0	0.0
5.4620	3.723803120	-24.76667	0.0	0.0
6.1360	3.572895931	-37.53333	0.0	0.0
6.8930	3.312912464	-50.00000	0.0	0.0
7.7430	2.978820095	-61.76667	0.0	0.0
8.6980	2.607480598	-72.66667	0.0	0.0
9.7700	2.239732985	-82.46667	0.0	0.0
10.000	2.168378116	-84.33333	0.0	0.0
11.000	1.888836504	-91.46667	0.0	0.0
12.000	1.652530923	-97.40000	0.0	0.0
13.000	1.455163194	-102.40000	0.0	0.0
14.000	1.289524857	-106.70000	0.0	0.0
15.000	1.149192919	-110.36667	0.0	0.0
16.000	0.917462520	-113.60000	0.0	0.0
17.000	0.417590494	-116.40000	0.0	0.0
18.000	0.068797742	-118.86667	0.0	0.0
19.000	0.002183008	-120.50000	0.0	0.0
