# Response info for DBIC short period site.
#
# Effective: 23 June 2002
# File name: dbic_sp.txt
# Inid:  
# Source:  James Neely (CTI)
# System equipment:  GS21 seismometer and AIM24S-1 digitizer.
# 
# This nominal response file is the actual amplitude and phase of the RB calibration.
#
# Displacement response relative to 1.0 at 1.0 Hz. The nominal calib value for
# this configuration is 0.011660 nm/count at 1.0 Hz.
#
# Freq(Hz)      Ampl 		Phase(deg)       Error(amp)  Error(phase)
#
 theoretical  0       system    fap   J.Neely
61				
0.0930	0.001129958	261.60000	0.0	0.0
0.1020	0.001530599	261.00000	0.0	0.0
0.1120	0.001952422	260.50000	0.0	0.0
0.1230	0.002742093	260.00000	0.0	0.0
0.1350	0.003532054	259.60000	0.0	0.0
0.1490	0.004593674	259.30000	0.0	0.0
0.1630	0.006115626	258.80000	0.0	0.0
0.1790	0.007941148	258.30000	0.0	0.0
0.1960	0.009945880	257.50000	0.0	0.0
0.2150	0.012691807	256.40000	0.0	0.0
0.2360	0.016571566	255.40000	0.0	0.0
0.2600	0.022990709	254.30000	0.0	0.0
0.2850	0.031190382	252.00000	0.0	0.0
0.3130	0.040636363	250.00000	0.0	0.0
0.3430	0.053736334	247.40000	0.0	0.0
0.3770	0.073251288	242.90000	0.0	0.0
0.4130	0.091294191	238.00000	0.0	0.0
0.4530	0.118596567	234.10000	0.0	0.0
0.4980	0.151078707	228.50000	0.0	0.0
0.5460	0.198068076	222.00000	0.0	0.0
0.5990	0.277687303	217.30000	0.0	0.0
0.6580	0.359870050	212.25000	0.0	0.0
0.7220	0.456660605	204.90000	0.0	0.0
0.7920	0.591198608	195.40000	0.0	0.0
0.8700	0.740169495	184.60000	0.0	0.0
0.9550	0.898491687	176.10000	0.0	0.0
1.0480	1.089295975	169.10000	0.0	0.0
1.1500	1.219060879	157.40000	0.0	0.0
1.2620	1.405542464	149.40000	0.0	0.0
1.3850	1.582101672	141.50000	0.0	0.0
1.5200	1.740316365	135.70000	0.0	0.0
1.6680	1.888757455	131.00000	0.0	0.0
1.8310	2.067630645	124.60000	0.0	0.0
2.0090	2.255612813	119.10000	0.0	0.0
2.2050	2.438895598	115.30000	0.0	0.0
2.4200	2.655216768	112.00000	0.0	0.0
2.6560	2.870864446	108.70000	0.0	0.0
2.9150	3.129126894	105.90000	0.0	0.0
3.1990	3.382975528	102.70000	0.0	0.0
3.5110	3.760238966	100.20000	0.0	0.0
3.8540	4.015099631	98.00000	0.0	0.0
4.2290	4.340325509	96.40000	0.0	0.0
4.6420	4.747770878	94.20000	0.0	0.0
5.0940	5.156363870	92.20000	0.0	0.0
5.5910	5.607562314	90.30000	0.0	0.0
6.1360	6.132957668	88.70000	0.0	0.0
6.7340	6.653615928	87.00000	0.0	0.0
7.3910	7.235821061	85.70000	0.0	0.0
8.1110	7.849807695	84.00000	0.0	0.0
8.9020	8.565884339	82.20000	0.0	0.0
9.7700	9.433637412	80.90000	0.0	0.0
10.0000	9.589249446	80.30000	0.0	0.0
11.0000	10.415432321	78.70000	0.0	0.0
12.0000	11.232226749	77.00000	0.0	0.0
13.0000	12.126290509	75.70000	0.0	0.0
14.0000	12.909596010	74.00000	0.0	0.0
15.0000	13.768159076	73.20000	0.0	0.0
16.0000	12.732233620	71.80000	0.0	0.0
17.0000	6.694737260	70.80000	0.0	0.0
18.0000	1.297349896	69.70000	0.0	0.0
19.0000	0.046082732	68.70000	0.0	0.0
