# Terminal Sensitivity Response for Queen Charlotte HA02
# Channels H02N1/HHZ,H02N1/HHN,H02N1/HHE
# Seismometer: 3 component Guralp CMG3T, s/n T3C55
# Digitiser: GD2 (developed by Geological Survey of Canada)
# Effective: 18 May 2006
# File name: H02N_BB_Response_20061211_v4.txt
# Source: Jose Pereira
# System response: seismometer and digitiser
# Seismometer response: nominal velocity output 1500 volts/metre/second
# (cont.) individual component response within 2.5% of nominal.
# (cont.) amplitude and response functions derived from 5 poles (3 lowpass and 2 highpass) and 2 zeros
# Digitiser response: real resolution 27 bits, pk-pk 40 volts,
# (cont.) sensitivity 419400 counts/volt
# (cont.) amplitude and phase functions derived from all stages of FIR filtering (2) described by GSC
# Overall system sensitivity: 0.6291 counts/nanometre/second
# The following response file for seismometer_amp_GD2fir filter
# is in frequency (Hz)/ amplitude (counts/metre)/phase (deg) format
# Displacement response rel to 0.252970 nm/count @ 1 Hz
# Note that this response file does not incorporate the linear phase
# filter of the anti-alias (the phase delay is compensated in the digitizer)
# filters of the digitizer since the seismometer phase
# response equals the
# system phase response.
 theoretical  0   instrument    fap
209
0.001	5.58E+04	260.22	0.00	0.00
0.011	3.70E+07	158.27	0.00	0.00
0.021	8.03E+07	123.62	0.00	0.00
0.031	1.20E+08	112.23	0.00	0.00
0.041	1.58E+08	106.63	0.00	0.00
0.051	1.98E+08	103.28	0.00	0.00
0.061	2.36E+08	101.05	0.00	0.00
0.071	2.75E+08	99.452	0.00	0.00
0.081	3.13E+08	98.25	0.00	0.00
0.091	3.53E+08	97.311	0.00	0.00
0.1	3.95E+08	96.626	0.00	0.00
0.6	2.37E+09	90.29	0.00	0.00
1.1	4.35E+09	89.082	0.00	0.00
1.6	6.32E+09	88.194	0.00	0.00
2.1	8.30E+09	87.397	0.00	0.00
2.6	1.03E+10	86.64	0.00	0.00
3.1	1.23E+10	85.902	0.00	0.00
3.6	1.42E+10	85.176	0.00	0.00
4.1	1.62E+10	84.458	0.00	0.00
4.6	1.82E+10	83.745	0.00	0.00
5.1	2.01E+10	83.036	0.00	0.00
5.6	2.20E+10	82.33	0.00	0.00
6.1	2.40E+10	81.626	0.00	0.00
6.6	2.59E+10	80.924	0.00	0.00
7.1	2.79E+10	80.224	0.00	0.00
7.6	2.98E+10	79.525	0.00	0.00
8.1	3.18E+10	78.827	0.00	0.00
8.6	3.38E+10	78.131	0.00	0.00
9.1	3.57E+10	77.435	0.00	0.00
9.6	3.75E+10	76.741	0.00	0.00
10.1	3.94E+10	76.048	0.00	0.00
10.6	4.13E+10	75.355	0.00	0.00
11.1	4.33E+10	74.664	0.00	0.00
11.6	4.52E+10	73.974	0.00	0.00
12.1	4.72E+10	73.284	0.00	0.00
12.6	4.89E+10	72.596	0.00	0.00
13.1	5.07E+10	71.909	0.00	0.00
13.6	5.27E+10	71.222	0.00	0.00
14.1	5.46E+10	70.537	0.00	0.00
14.6	5.63E+10	69.853	0.00	0.00
15.1	5.81E+10	69.169	0.00	0.00
15.6	6.00E+10	68.487	0.00	0.00
16.1	6.19E+10	67.806	0.00	0.00
16.6	6.36E+10	67.126	0.00	0.00
17.1	6.53E+10	66.447	0.00	0.00
17.6	6.72E+10	65.769	0.00	0.00
18.1	6.91E+10	65.093	0.00	0.00
18.6	7.08E+10	64.417	0.00	0.00
19.1	7.24E+10	63.743	0.00	0.00
19.6	7.41E+10	63.07	0.00	0.00
20.1	7.58E+10	62.398	0.00	0.00
20.6	7.76E+10	61.728	0.00	0.00
21.1	7.95E+10	61.058	0.00	0.00
21.6	8.11E+10	60.391	0.00	0.00
22.1	8.27E+10	59.724	0.00	0.00
22.6	8.43E+10	59.059	0.00	0.00
23.1	8.60E+10	58.395	0.00	0.00
23.6	8.78E+10	57.733	0.00	0.00
24.1	8.95E+10	57.072	0.00	0.00
24.6	9.10E+10	56.412	0.00	0.00
25.1	9.25E+10	55.754	0.00	0.00
25.6	9.41E+10	55.097	0.00	0.00
26.1	9.57E+10	54.442	0.00	0.00
26.6	9.73E+10	53.788	0.00	0.00
27.1	9.89E+10	53.136	0.00	0.00
27.6	1.01E+11	52.486	0.00	0.00
28.1	1.02E+11	51.836	0.00	0.00
28.6	1.04E+11	51.189	0.00	0.00
29.1	1.05E+11	50.543	0.00	0.00
29.6	1.06E+11	49.899	0.00	0.00
30.1	1.08E+11	49.256	0.00	0.00
30.6	1.09E+11	48.615	0.00	0.00
31.1	1.11E+11	47.976	0.00	0.00
31.6	1.12E+11	47.338	0.00	0.00
32.1	1.14E+11	46.703	0.00	0.00
32.6	1.15E+11	46.068	0.00	0.00
33.1	1.16E+11	45.435	0.00	0.00
33.6	1.18E+11	44.805	0.00	0.00
34.1	1.19E+11	44.176	0.00	0.00
34.6	1.21E+11	43.548	0.00	0.00
35.1	1.22E+11	42.923	0.00	0.00
35.6	1.23E+11	42.299	0.00	0.00
36.1	1.24E+11	41.677	0.00	0.00
36.6	1.26E+11	41.056	0.00	0.00
37.1	1.27E+11	40.438	0.00	0.00
37.6	1.28E+11	39.822	0.00	0.00
38.1	1.30E+11	39.207	0.00	0.00
38.6	1.31E+11	38.594	0.00	0.00
39.1	1.32E+11	37.983	0.00	0.00
39.6	1.33E+11	37.374	0.00	0.00
40.1	1.34E+11	36.766	0.00	0.00
40.6	1.35E+11	36.161	0.00	0.00
41.1	1.36E+11	35.556	0.00	0.00
41.6	1.37E+11	34.955	0.00	0.00
42.1	1.38E+11	34.355	0.00	0.00
42.6	1.40E+11	33.757	0.00	0.00
43.1	1.41E+11	33.161	0.00	0.00
43.6	1.41E+11	32.567	0.00	0.00
44.1	1.42E+11	31.974	0.00	0.00
44.6	1.41E+11	31.384	0.00	0.00
45.1	1.37E+11	30.796	0.00	0.00
45.6	1.26E+11	30.209	0.00	0.00
46.1	1.11E+11	29.625	0.00	0.00
46.6	8.67E+10	29.042	0.00	0.00
47.1	6.28E+10	28.461	0.00	0.00
47.6	4.16E+10	27.882	0.00	0.00
48.1	2.27E+10	27.306	0.00	0.00
48.6	1.27E+10	26.73	0.00	0.00
49.1	4.19E+09	26.158	0.00	0.00
49.6	1.98E+09	25.586	0.00	0.00
50.1	1.85E+08	25.017	0.00	0.00
50.6	8.25E+07	24.451	0.00	0.00
51.1	1.44E+05	23.884	0.00	0.00
51.6	6.46E+04	23.322	0.00	0.00
52.1	8.47E+02	22.76	0.00	0.00
52.6	1.08E+03	22.201	0.00	0.00
53.1	1.25E+03	21.644	0.00	0.00
53.6	1.16E+03	21.087	0.00	0.00
54.1	1.07E+03	20.535	0.00	0.00
54.6	9.40E+02	19.983	0.00	0.00
55.1	8.19E+02	19.434	0.00	0.00
55.6	7.30E+02	18.887	0.00	0.00
56.1	6.48E+02	18.34	0.00	0.00
56.6	5.93E+02	17.797	0.00	0.00
57.1	5.18E+02	17.256	0.00	0.00
57.6	3.61E+02	16.714	0.00	0.00
58.1	2.77E+02	16.178	0.00	0.00
58.6	4.82E+02	15.642	0.00	0.00
59.1	7.43E+02	15.107	0.00	0.00
59.6	1.22E+03	14.577	0.00	0.00
60.1	1.66E+03	14.046	0.00	0.00
60.6	1.92E+03	13.517	0.00	0.00
61.1	2.14E+03	12.992	0.00	0.00
61.6	2.23E+03	12.467	0.00	0.00
62.1	2.32E+03	11.945	0.00	0.00
62.6	2.39E+03	11.425	0.00	0.00
63.1	2.49E+03	10.906	0.00	0.00
63.6	2.72E+03	10.389	0.00	0.00
64.1	2.90E+03	9.8757	0.00	0.00
64.6	2.93E+03	9.3622	0.00	0.00
65.1	2.94E+03	8.8507	0.00	0.00
65.6	2.91E+03	8.3432	0.00	0.00
66.1	2.89E+03	7.8357	0.00	0.00
66.6	2.87E+03	7.3293	0.00	0.00
67.1	2.84E+03	6.8278	0.00	0.00
67.6	2.80E+03	6.3263	0.00	0.00
68.1	2.75E+03	5.8249	0.00	0.00
68.6	2.69E+03	5.3292	0.00	0.00
69.1	2.62E+03	4.8339	0.00	0.00
69.6	2.51E+03	4.3386	0.00	0.00
70.1	2.37E+03	3.8472	0.00	0.00
70.6	2.14E+03	3.3581	0.00	0.00
71.1	1.89E+03	2.8691	0.00	0.00
71.6	1.50E+03	2.3815	0.00	0.00
72.1	1.16E+03	1.8988	0.00	0.00
72.6	9.93E+02	1.416	0.00	0.00
73.1	8.44E+02	0.9333	0.00	0.00
73.6	7.69E+02	0.45554	0.00	0.00
74.1	7.88E+02	-0.0207	0.00	0.00
74.6	1.18E+03	-0.4971	0.00	0.00
75.1	1.55E+03	-0.971	0.00	0.00
75.6	1.86E+03	-1.4418	0.00	0.00
76.1	2.09E+03	-1.9116	0.00	0.00
76.6	2.04E+03	-2.3814	0.00	0.00
77.1	1.95E+03	-2.8474	0.00	0.00
77.6	1.75E+03	-3.3106	0.00	0.00
78.1	1.50E+03	-3.7738	0.00	0.00
78.6	1.06E+03	-4.2371	0.00	0.00
79.1	7.22E+02	-4.6946	0.00	0.00
79.6	7.62E+02	-5.1511	0.00	0.00
80.1	8.82E+02	-5.6077	0.00	0.00
80.6	1.32E+03	-6.064	0.00	0.00
81.1	1.64E+03	-6.5138	0.00	0.00
81.6	1.48E+03	-6.9636	0.00	0.00
82.1	1.25E+03	-7.4134	0.00	0.00
82.6	7.44E+02	-7.8624	0.00	0.00
83.1	3.74E+02	-8.3054	0.00	0.00
83.6	5.25E+02	-8.7484	0.00	0.00
84.1	7.33E+02	-9.1914	0.00	0.00
84.6	1.17E+03	-9.6336	0.00	0.00
85.1	1.52E+03	-10.07	0.00	0.00
85.6	1.49E+03	-10.506	0.00	0.00
86.1	1.42E+03	-10.942	0.00	0.00
86.6	1.19E+03	-11.378	0.00	0.00
87.1	9.89E+02	-11.807	0.00	0.00
87.6	9.03E+02	-12.236	0.00	0.00
88.1	8.32E+02	-12.666	0.00	0.00
88.6	8.27E+02	-13.095	0.00	0.00
89.1	8.31E+02	-13.518	0.00	0.00
89.6	8.77E+02	-13.94	0.00	0.00
90.1	9.31E+02	-14.363	0.00	0.00
90.6	1.02E+03	-14.785	0.00	0.00
91.1	1.09E+03	-15.203	0.00	0.00
91.6	1.11E+03	-15.619	0.00	0.00
92.1	1.12E+03	-16.034	0.00	0.00
92.6	1.06E+03	-16.449	0.00	0.00
93.1	1.01E+03	-16.863	0.00	0.00
93.6	9.48E+02	-17.271	0.00	0.00
94.1	8.85E+02	-17.679	0.00	0.00
94.6	8.03E+02	-18.087	0.00	0.00
95.1	7.24E+02	-18.495	0.00	0.00
95.6	6.52E+02	-18.899	0.00	0.00
96.1	5.87E+02	-19.3	0.00	0.00
96.6	5.50E+02	-19.701	0.00	0.00
97.1	5.15E+02	-20.102	0.00	0.00
97.6	4.84E+02	-20.503	0.00	0.00
98.1	4.54E+02	-20.897	0.00	0.00
98.6	4.28E+02	-21.291	0.00	0.00
99.1	4.03E+02	-21.685	0.00	0.00
