# HA02 [H02S2] - Dawson Inlet, British Columbia, Canada
# PAZ:
#
# Displacement response for H02S2 broad-band channels 
# (H02S2.HHZ, H02S2.HHN, H02S2.HHE)  
# Seismometer type = Nanometrics Trillium 120QA, 
# bandwidth 120s ~ 150 Hz, sensitivity = 1202.5 v/(m/s) 
# Digitizer   type = Nanometrics Centaur 
# Digitizer   Sensitivity = 400000 counts/v
# ncalib = 0.330883 nanometer/count @ calper=1 second  
# Data sample rate = 100s/s
#  
# PAZ represented in radians/second.
# 7th Zero added at 0.0 to convert to displacement.
#
# descript    sn  description  type comment
 theoretical  1   instrument    paz  
8.32573E+17
11
-3.661400E-02  3.705900E-02  0.000000E+00  0.000000E+00
-3.661400E-02 -3.705900E-02  0.000000E+00  0.000000E+00
-3.255000E+01  0.000000E+00  0.000000E+00  0.000000E+00
-1.420000E+02  0.000000E+00  0.000000E+00  0.000000E+00
-3.640000E+02  4.040000E+02  0.000000E+00  0.000000E+00
-3.640000E+02 -4.040000E+02  0.000000E+00  0.000000E+00
-1.260000E+03  0.000000E+00  0.000000E+00  0.000000E+00
-4.900000E+03  5.200000E+03  0.000000E+00  0.000000E+00
-4.900000E+03 -5.200000E+03  0.000000E+00  0.000000E+00
-7.100000E+03  1.700000E+03  0.000000E+00  0.000000E+00
-7.100000E+03 -1.700000E+03  0.000000E+00  0.000000E+00
7
 0.000000E+00  0.000000E+00  0.000000E+00  0.000000E+00
 0.000000E+00  0.000000E+00  0.000000E+00  0.000000E+00
-3.163000E+01  0.000000E+00  0.000000E+00  0.000000E+00
-1.600000E+02  0.000000E+00  0.000000E+00  0.000000E+00
-3.500000E+02  0.000000E+00  0.000000E+00  0.000000E+00
-3.177000E+03  0.000000E+00  0.000000E+00  0.000000E+00
 0.000000E+00  0.000000E+00  0.000000E+00  0.000000E+00
 theoretical  2   instrument    paz   
1.333890E+04 
1 
-1.333890E+04	0	0	0   
0 
 theoretical  3   digitizer     fir  
30000
165
-4.047910E-10   0
-1.390290E-10   0
6.728000E-10    0
2.757970E-09    0
7.546510E-09    0
1.766680E-08    0
3.769360E-08    0
7.523130E-08    0
1.424250E-07    0
2.579990E-07    0
4.499040E-07    0
7.586550E-07    0
1.241390E-06    0
1.976580E-06    0
3.069390E-06    0
4.657280E-06    0
6.915690E-06    0
1.006310E-05    0
1.436490E-05    0
2.013500E-05    0
2.773460E-05    0
3.756610E-05    0
5.006170E-05    0
6.566520E-05    0
8.480490E-05    0
1.078590E-04    0
1.351080E-04    0
1.666850E-04    0
2.025050E-04    0
2.422000E-04    0
2.850380E-04    0
3.298500E-04    0
3.749560E-04    0
4.180990E-04    0
4.564000E-04    0
4.863390E-04    0
5.037570E-04    0
5.039130E-04    0
4.815800E-04    0
4.311950E-04    0
3.470680E-04    0
2.236550E-04    0
5.588180E-05    0
-1.604760E-04   0
-4.283650E-04   0
-7.490080E-04   0
-1.121430E-03   0
-1.542010E-03   0
-2.004060E-03   0
-2.497460E-03   0
-3.008410E-03   0
-3.519250E-03   0
-4.008520E-03   0
-4.451070E-03   0
-4.818470E-03   0
-5.079530E-03   0
-5.201070E-03   0
-5.148890E-03   0
-4.888840E-03   0
-4.388130E-03   0
-3.616640E-03   0
-2.548400E-03   0
-1.162930E-03   0
5.533500E-04    0
2.605950E-03    0
4.991290E-03    0
7.695920E-03    0
1.069610E-02    0
1.395760E-02    0
1.743630E-02    0
2.107830E-02    0
2.482170E-02    0
2.859760E-02    0
3.233180E-02    0
3.594740E-02    0
3.936640E-02    0
4.251270E-02    0
4.531410E-02    0
4.770470E-02    0
4.962750E-02    0
5.103560E-02    0
5.189470E-02    0
5.218340E-02    0
5.189470E-02    0
5.103560E-02    0
4.962750E-02    0
4.770470E-02    0
4.531410E-02    0
4.251270E-02    0
3.936640E-02    0
3.594740E-02    0
3.233180E-02    0
2.859760E-02    0
2.482170E-02    0
2.107830E-02    0
1.743630E-02    0
1.395760E-02    0
1.069610E-02    0
7.695920E-03    0
4.991290E-03    0
2.605950E-03    0
5.533500E-04    0
-1.162930E-03   0
-2.548400E-03   0
-3.616640E-03   0
-4.388130E-03   0
-4.888840E-03   0
-5.148890E-03   0
-5.201070E-03   0
-5.079530E-03   0
-4.818470E-03   0
-4.451070E-03   0
-4.008520E-03   0
-3.519250E-03   0
-3.008410E-03   0
-2.497460E-03   0
-2.004060E-03   0
-1.542010E-03   0
-1.121430E-03   0
-7.490080E-04   0
-4.283650E-04   0
-1.604760E-04   0
5.588180E-05    0
2.236550E-04    0
3.470680E-04    0
4.311950E-04    0
4.815800E-04    0
5.039130E-04    0
5.037570E-04    0
4.863390E-04    0
4.564000E-04    0
4.180990E-04    0
3.749560E-04    0
3.298500E-04    0
2.850380E-04    0
2.422000E-04    0
2.025050E-04    0
1.666850E-04    0
1.351080E-04    0
1.078590E-04    0
8.480490E-05    0
6.566520E-05    0
5.006170E-05    0
3.756610E-05    0
2.773460E-05    0
2.013500E-05    0
1.436490E-05    0
1.006310E-05    0
6.915690E-06    0
4.657280E-06    0
3.069390E-06    0
1.976580E-06    0
1.241390E-06    0
7.586550E-07    0
4.499040E-07    0
2.579990E-07    0
1.424250E-07    0
7.523130E-08    0
3.769360E-08    0
1.766680E-08    0
7.546510E-09    0
2.757970E-09    0
6.728000E-10    0
-1.390290E-10   0
-4.047910E-10   0
0
 theoretical  4   digitizer     fir  
2000
187
8.469230E-10    0
2.274220E-09    0
4.538950E-09    0
6.873790E-09    0
7.109040E-09    0
7.627840E-10    0
-1.983010E-08   0
-6.609940E-08   0
-1.531140E-07   0
-2.982490E-07   0
-5.181520E-07   0
-8.236360E-07   0
-1.212480E-06   0
-1.660550E-06   0
-2.112470E-06   0
-2.473530E-06   0
-2.605620E-06   0
-2.330130E-06   0
-1.440980E-06   0
2.698040E-07    0
2.972710E-06    0
6.748860E-06    0
1.152960E-05    0
1.703540E-05    0
2.272480E-05    0
2.776700E-05    0
3.105370E-05    0
3.126300E-05    0
2.698610E-05    0
1.691890E-05    0
1.111760E-07    0
-2.374560E-05   0
-5.402670E-05   0
-8.892270E-05   0
-1.252820E-04   0
-1.586040E-04   0
-1.832360E-04   0
-1.927980E-04   0
-1.808640E-04   0
-1.418500E-04   0
-7.206700E-05   0
2.919380E-05    0
1.586650E-04    0
3.083860E-04    0
4.654220E-04    0
6.121980E-04    0
7.275470E-04    0
7.885120E-04    0
7.728580E-04    0
6.621230E-04    0
4.449260E-04    0
1.201610E-04    0
-3.003690E-04   0
-7.903610E-04   0
-1.308870E-03   0
-1.802020E-03   0
-2.206620E-03   0
-2.455790E-03   0
-2.486190E-03   0
-2.246310E-03   0
-1.705030E-03   0
-8.594630E-04   0
2.590110E-04    0
1.581570E-03    0
3.002500E-03    0
4.384140E-03    0
5.566320E-03    0
6.380000E-03    0
6.664400E-03    0
6.286040E-03    0
5.158140E-03    0
3.258200E-03    0
6.416820E-04    0
-2.550180E-03   0
-6.090060E-03   0
-9.672700E-03   0
-1.293170E-02   0
-1.546420E-02   0
-1.686260E-02   0
-1.674900E-02   0
-1.481250E-02   0
-1.084260E-02   0
-4.757780E-03   0
3.374890E-03    0
1.333180E-02    0
2.473740E-02    0
3.708160E-02    0
4.975070E-02    0
6.206700E-02    0
7.333680E-02    0
8.290150E-02    0
9.018660E-02    0
9.474640E-02    0
9.629850E-02    0
9.474640E-02    0
9.018660E-02    0
8.290150E-02    0
7.333680E-02    0
6.206700E-02    0
4.975070E-02    0
3.708160E-02    0
2.473740E-02    0
1.333180E-02    0
3.374890E-03    0
-4.757780E-03   0
-1.084260E-02   0
-1.481250E-02   0
-1.674900E-02   0
-1.686260E-02   0
-1.546420E-02   0
-1.293170E-02   0
-9.672700E-03   0
-6.090060E-03   0
-2.550180E-03   0
6.416820E-04    0
3.258200E-03    0
5.158140E-03    0
6.286040E-03    0
6.664400E-03    0
6.380000E-03    0
5.566320E-03    0
4.384140E-03    0
3.002500E-03    0
1.581570E-03    0
2.590110E-04    0
-8.594630E-04   0
-1.705030E-03   0
-2.246310E-03   0
-2.486190E-03   0
-2.455790E-03   0
-2.206620E-03   0
-1.802020E-03   0
-1.308870E-03   0
-7.903610E-04   0
-3.003690E-04   0
1.201610E-04    0
4.449260E-04    0
6.621230E-04    0
7.728580E-04    0
7.885120E-04    0
7.275470E-04    0
6.121980E-04    0
4.654220E-04    0
3.083860E-04    0
1.586650E-04    0
2.919380E-05    0
-7.206700E-05   0
-1.418500E-04   0
-1.808640E-04   0
-1.927980E-04   0
-1.832360E-04   0
-1.586040E-04   0
-1.252820E-04   0
-8.892270E-05   0
-5.402670E-05   0
-2.374560E-05   0
1.111760E-07    0
1.691890E-05    0
2.698610E-05    0
3.126300E-05    0
3.105370E-05    0
2.776700E-05    0
2.272480E-05    0
1.703540E-05    0
1.152960E-05    0
6.748860E-06    0
2.972710E-06    0
2.698040E-07    0
-1.440980E-06   0
-2.330130E-06   0
-2.605620E-06   0
-2.473530E-06   0
-2.112470E-06   0
-1.660550E-06   0
-1.212480E-06   0
-8.236360E-07   0
-5.181520E-07   0
-2.982490E-07   0
-1.531140E-07   0
-6.609940E-08   0
-1.983010E-08   0
7.627840E-10    0
7.109040E-09    0
6.873790E-09    0
4.538950E-09    0
2.274220E-09    0
8.469230E-10    0
0
 theoretical  4   digitizer     fir  
200
223
-2.487700E-10   0
4.737440E-09    0
1.240320E-08    0
2.184230E-09    0
-2.973500E-08   0
-2.774100E-08   0
4.823500E-08    0
9.048520E-08    0
-4.377200E-08   0
-2.029250E-07   0
-2.932510E-08   0
3.576770E-07    0
2.380760E-07    0
-5.050540E-07   0
-6.566610E-07   0
5.295140E-07    0
1.333030E-06    0
-2.353910E-07   0
-2.234560E-06   0
-6.431890E-07   0
3.178850E-06    0
2.391890E-06    0
-3.766430E-06   0
-5.213130E-06   0
3.343880E-06    0
9.069840E-06    0
-1.034200E-06   0
-1.349480E-05   0
-4.128200E-06   0
1.740810E-05    0
1.293250E-05    0
-1.901120E-05   0
-2.559820E-05   0
1.583850E-05    0
4.129850E-05    0
-5.051360E-06   0
-5.769430E-05   0
-1.597340E-05   0
7.062320E-05    0
4.876210E-05    0
-7.411830E-05   0
-9.265600E-05   0
6.092810E-05    0
1.437040E-04    0
-2.365710E-05   0
-1.938180E-04   0
-4.346070E-05   0
2.305290E-04    0
1.423000E-04    0
-2.376970E-04   0
-2.684200E-04   0
1.974200E-04    0
4.089860E-04    0
-9.322640E-05   0
-5.416670E-04   0
-8.565060E-05   0
6.351460E-04    0
3.394240E-04    0
-6.517940E-04   0
-6.531620E-04   0
5.527340E-04    0
9.935330E-04    0
-3.051330E-04   0
-1.308020E-03   0
-1.089870E-04   0
1.527640E-03    0
6.836460E-04    0
-1.573810E-03   0
-1.381190E-03   0
1.369320E-03    0
2.127840E-03    0
-8.527390E-04   0
-2.814330E-03   0
-5.435980E-06   0
3.302930E-03    0
1.187240E-03    0
-3.441490E-03   0
-2.615020E-03   0
3.083860E-03    0
4.145540E-03    0
-2.114930E-03   0
-5.572670E-03   0
4.775430E-04    0
6.640170E-03    0
1.802540E-03    0
-7.064640E-03   0
-4.597380E-03   0
6.566940E-03    0
7.666900E-03    0
-4.908950E-03   0
-1.066030E-02   0
1.931060E-03    0
1.312890E-02    0
2.414870E-03    0
-1.454760E-02   0
-8.042480E-03   0
1.433730E-02    0
1.472210E-02    0
-1.187360E-02   0
-2.208890E-02   0
6.451060E-03    0
2.966940E-02    0
2.871720E-03    0
-3.692220E-02   0
-1.777630E-02   0
4.329150E-02    0
4.248360E-02    0
-4.826480E-02   0
-9.280870E-02   0
5.142860E-02    0
3.137770E-01    0
4.474860E-01    0
3.137770E-01    0
5.142860E-02    0
-9.280870E-02   0
-4.826480E-02   0
4.248360E-02    0
4.329150E-02    0
-1.777630E-02   0
-3.692220E-02   0
2.871720E-03    0
2.966940E-02    0
6.451060E-03    0
-2.208890E-02   0
-1.187360E-02   0
1.472210E-02    0
1.433730E-02    0
-8.042480E-03   0
-1.454760E-02   0
2.414870E-03    0
1.312890E-02    0
1.931060E-03    0
-1.066030E-02   0
-4.908950E-03   0
7.666900E-03    0
6.566940E-03    0
-4.597380E-03   0
-7.064640E-03   0
1.802540E-03    0
6.640170E-03    0
4.775430E-04    0
-5.572670E-03   0
-2.114930E-03   0
4.145540E-03    0
3.083860E-03    0
-2.615020E-03   0
-3.441490E-03   0
1.187240E-03    0
3.302930E-03    0
-5.435980E-06   0
-2.814330E-03   0
-8.527390E-04   0
2.127840E-03    0
1.369320E-03    0
-1.381190E-03   0
-1.573810E-03   0
6.836460E-04    0
1.527640E-03    0
-1.089870E-04   0
-1.308020E-03   0
-3.051330E-04   0
9.935330E-04    0
5.527340E-04    0
-6.531620E-04   0
-6.517940E-04   0
3.394240E-04    0
6.351460E-04    0
-8.565060E-05   0
-5.416670E-04   0
-9.322640E-05   0
4.089860E-04    0
1.974200E-04    0
-2.684200E-04   0
-2.376970E-04   0
1.423000E-04    0
2.305290E-04    0
-4.346070E-05   0
-1.938180E-04   0
-2.365710E-05   0
1.437040E-04    0
6.092810E-05    0
-9.265600E-05   0
-7.411830E-05   0
4.876210E-05    0
7.062320E-05    0
-1.597340E-05   0
-5.769430E-05   0
-5.051360E-06   0
4.129850E-05    0
1.583850E-05    0
-2.559820E-05   0
-1.901120E-05   0
1.293250E-05    0
1.740810E-05    0
-4.128200E-06   0
-1.349480E-05   0
-1.034200E-06   0
9.069840E-06    0
3.343880E-06    0
-5.213130E-06   0
-3.766430E-06   0
2.391890E-06    0
3.178850E-06    0
-6.431890E-07   0
-2.234560E-06   0
-2.353910E-07   0
1.333030E-06    0
5.295140E-07    0
-6.566610E-07   0
-5.050540E-07   0
2.380760E-07    0
3.576770E-07    0
-2.932510E-08   0
-2.029250E-07   0
-4.377200E-08   0
9.048520E-08    0
4.823500E-08    0
-2.774100E-08   0
-2.973500E-08   0
2.184230E-09    0
1.240320E-08    0
4.737440E-09    0
-2.487700E-10   0
0
