# Terminal Sensitivity Response for Queen Charlotte HA02
# Channels H02S1/HHZ,H02S1/HHN,H02S1/HHE
# Seismometer: 3 component Guralp CMG3T, s/n T3C68
# Digitiser: GD2 (developed by Geological Survey of Canada)
# Effective: 18 May 2006
# File name: H02S_BB_Response_20061211_v4.txt
# Source: Jose Pereira
# System response: seismometer and digitiser
# Seismometer response: nominal velocity output 1500 volts/metre/second
# (cont.) individual component response within 2.5% of nominal.
# (cont.) amplitude and response functions derived from 5 poles (3 lowpass and 2 highpass) and 2 zeros
# Digitiser response: real resolution 27 bits, pk-pk 40 volts,
# (cont.) sensitivity 3355443 counts/volt
# (cont.) amplitude and response functions derived from all stages of FIR filtering (2) described by GSC
# Overall system sensitivity: 5 counts/nanometre/second
# The following response file for seismometer_amp_GD2fir filter
# is in frequency (Hz)/ amplitude (counts/metre)/phase (deg) format
# Displacement response rel to 0.031621 nm/count @ 1 Hz
# Note that this response file does not incorporate the linear phase
# filter of the anti-alias (the phase delay is compensated in the digitizer)
# filters of the digitizer since the seismometer phase
# response equals the
# system phase response.
 theoretical  0   instrument    fap
209
0.001	4.46E+05	260.22	0.00	0.00
0.011	2.96E+08	158.27	0.00	0.00
0.021	6.42E+08	123.62	0.00	0.00
0.031	9.57E+08	112.23	0.00	0.00
0.041	1.26E+09	106.63	0.00	0.00
0.051	1.58E+09	103.28	0.00	0.00
0.061	1.89E+09	101.05	0.00	0.00
0.071	2.20E+09	99.452	0.00	0.00
0.081	2.50E+09	98.25	0.00	0.00
0.091	2.81E+09	97.311	0.00	0.00
0.1	3.16E+09	96.626	0.00	0.00
0.6	1.90E+10	90.29	0.00	0.00
1.1	3.48E+10	89.082	0.00	0.00
1.6	5.06E+10	88.194	0.00	0.00
2.1	6.64E+10	87.397	0.00	0.00
2.6	8.22E+10	86.64	0.00	0.00
3.1	9.80E+10	85.902	0.00	0.00
3.6	1.14E+11	85.176	0.00	0.00
4.1	1.30E+11	84.458	0.00	0.00
4.6	1.45E+11	83.745	0.00	0.00
5.1	1.61E+11	83.036	0.00	0.00
5.6	1.76E+11	82.33	0.00	0.00
6.1	1.92E+11	81.626	0.00	0.00
6.6	2.07E+11	80.924	0.00	0.00
7.1	2.23E+11	80.224	0.00	0.00
7.6	2.39E+11	79.525	0.00	0.00
8.1	2.54E+11	78.827	0.00	0.00
8.6	2.70E+11	78.131	0.00	0.00
9.1	2.86E+11	77.435	0.00	0.00
9.6	3.00E+11	76.741	0.00	0.00
10.1	3.15E+11	76.048	0.00	0.00
10.6	3.31E+11	75.355	0.00	0.00
11.1	3.46E+11	74.664	0.00	0.00
11.6	3.62E+11	73.974	0.00	0.00
12.1	3.77E+11	73.284	0.00	0.00
12.6	3.92E+11	72.596	0.00	0.00
13.1	4.06E+11	71.909	0.00	0.00
13.6	4.21E+11	71.222	0.00	0.00
14.1	4.37E+11	70.537	0.00	0.00
14.6	4.51E+11	69.853	0.00	0.00
15.1	4.65E+11	69.169	0.00	0.00
15.6	4.80E+11	68.487	0.00	0.00
16.1	4.95E+11	67.806	0.00	0.00
16.6	5.09E+11	67.126	0.00	0.00
17.1	5.23E+11	66.447	0.00	0.00
17.6	5.38E+11	65.769	0.00	0.00
18.1	5.53E+11	65.093	0.00	0.00
18.6	5.66E+11	64.417	0.00	0.00
19.1	5.79E+11	63.743	0.00	0.00
19.6	5.93E+11	63.07	0.00	0.00
20.1	6.06E+11	62.398	0.00	0.00
20.6	6.21E+11	61.728	0.00	0.00
21.1	6.36E+11	61.058	0.00	0.00
21.6	6.49E+11	60.391	0.00	0.00
22.1	6.62E+11	59.724	0.00	0.00
22.6	6.75E+11	59.059	0.00	0.00
23.1	6.88E+11	58.395	0.00	0.00
23.6	7.02E+11	57.733	0.00	0.00
24.1	7.16E+11	57.072	0.00	0.00
24.6	7.28E+11	56.412	0.00	0.00
25.1	7.40E+11	55.754	0.00	0.00
25.6	7.53E+11	55.097	0.00	0.00
26.1	7.65E+11	54.442	0.00	0.00
26.6	7.78E+11	53.788	0.00	0.00
27.1	7.91E+11	53.136	0.00	0.00
27.6	8.04E+11	52.486	0.00	0.00
28.1	8.17E+11	51.836	0.00	0.00
28.6	8.28E+11	51.189	0.00	0.00
29.1	8.40E+11	50.543	0.00	0.00
29.6	8.52E+11	49.899	0.00	0.00
30.1	8.64E+11	49.256	0.00	0.00
30.6	8.74E+11	48.615	0.00	0.00
31.1	8.85E+11	47.976	0.00	0.00
31.6	8.97E+11	47.338	0.00	0.00
32.1	9.09E+11	46.703	0.00	0.00
32.6	9.19E+11	46.068	0.00	0.00
33.1	9.29E+11	45.435	0.00	0.00
33.6	9.43E+11	44.805	0.00	0.00
34.1	9.55E+11	44.176	0.00	0.00
34.6	9.64E+11	43.548	0.00	0.00
35.1	9.74E+11	42.923	0.00	0.00
35.6	9.83E+11	42.299	0.00	0.00
36.1	9.93E+11	41.677	0.00	0.00
36.6	1.00E+12	41.056	0.00	0.00
37.1	1.02E+12	40.438	0.00	0.00
37.6	1.03E+12	39.822	0.00	0.00
38.1	1.04E+12	39.207	0.00	0.00
38.6	1.05E+12	38.594	0.00	0.00
39.1	1.06E+12	37.983	0.00	0.00
39.6	1.06E+12	37.374	0.00	0.00
40.1	1.07E+12	36.766	0.00	0.00
40.6	1.08E+12	36.161	0.00	0.00
41.1	1.09E+12	35.556	0.00	0.00
41.6	1.10E+12	34.955	0.00	0.00
42.1	1.11E+12	34.355	0.00	0.00
42.6	1.12E+12	33.757	0.00	0.00
43.1	1.12E+12	33.161	0.00	0.00
43.6	1.13E+12	32.567	0.00	0.00
44.1	1.14E+12	31.974	0.00	0.00
44.6	1.13E+12	31.384	0.00	0.00
45.1	1.10E+12	30.796	0.00	0.00
45.6	1.00E+12	30.209	0.00	0.00
46.1	8.90E+11	29.625	0.00	0.00
46.6	6.93E+11	29.042	0.00	0.00
47.1	5.02E+11	28.461	0.00	0.00
47.6	3.33E+11	27.882	0.00	0.00
48.1	1.81E+11	27.306	0.00	0.00
48.6	1.01E+11	26.73	0.00	0.00
49.1	3.35E+10	26.158	0.00	0.00
49.6	1.58E+10	25.586	0.00	0.00
50.1	1.48E+09	25.017	0.00	0.00
50.6	6.60E+08	24.451	0.00	0.00
51.1	1.15E+06	23.884	0.00	0.00
51.6	5.17E+05	23.322	0.00	0.00
52.1	6.77E+03	22.76	0.00	0.00
52.6	8.65E+03	22.201	0.00	0.00
53.1	1.00E+04	21.644	0.00	0.00
53.6	9.32E+03	21.087	0.00	0.00
54.1	8.56E+03	20.535	0.00	0.00
54.6	7.52E+03	19.983	0.00	0.00
55.1	6.55E+03	19.434	0.00	0.00
55.6	5.84E+03	18.887	0.00	0.00
56.1	5.18E+03	18.34	0.00	0.00
56.6	4.75E+03	17.797	0.00	0.00
57.1	4.15E+03	17.256	0.00	0.00
57.6	2.89E+03	16.714	0.00	0.00
58.1	2.22E+03	16.178	0.00	0.00
58.6	3.86E+03	15.642	0.00	0.00
59.1	5.94E+03	15.107	0.00	0.00
59.6	9.79E+03	14.577	0.00	0.00
60.1	1.33E+04	14.046	0.00	0.00
60.6	1.53E+04	13.517	0.00	0.00
61.1	1.71E+04	12.992	0.00	0.00
61.6	1.79E+04	12.467	0.00	0.00
62.1	1.86E+04	11.945	0.00	0.00
62.6	1.91E+04	11.425	0.00	0.00
63.1	1.99E+04	10.906	0.00	0.00
63.6	2.17E+04	10.389	0.00	0.00
64.1	2.32E+04	9.8757	0.00	0.00
64.6	2.34E+04	9.3622	0.00	0.00
65.1	2.35E+04	8.8507	0.00	0.00
65.6	2.33E+04	8.3432	0.00	0.00
66.1	2.31E+04	7.8357	0.00	0.00
66.6	2.29E+04	7.3293	0.00	0.00
67.1	2.27E+04	6.8278	0.00	0.00
67.6	2.24E+04	6.3263	0.00	0.00
68.1	2.20E+04	5.8249	0.00	0.00
68.6	2.16E+04	5.3292	0.00	0.00
69.1	2.10E+04	4.8339	0.00	0.00
69.6	2.00E+04	4.3386	0.00	0.00
70.1	1.89E+04	3.8472	0.00	0.00
70.6	1.71E+04	3.3581	0.00	0.00
71.1	1.51E+04	2.8691	0.00	0.00
71.6	1.20E+04	2.3815	0.00	0.00
72.1	9.29E+03	1.8988	0.00	0.00
72.6	7.95E+03	1.416	0.00	0.00
73.1	6.75E+03	0.9333	0.00	0.00
73.6	6.15E+03	0.45554	0.00	0.00
74.1	6.30E+03	-0.0207	0.00	0.00
74.6	9.43E+03	-0.4971	0.00	0.00
75.1	1.24E+04	-0.9719	0.00	0.00
75.6	1.48E+04	-1.4418	0.00	0.00
76.1	1.67E+04	-1.9116	0.00	0.00
76.6	1.63E+04	-2.3814	0.00	0.00
77.1	1.56E+04	-2.8474	0.00	0.00
77.6	1.40E+04	-3.3106	0.00	0.00
78.1	1.20E+04	-3.7738	0.00	0.00
78.6	8.51E+03	-4.2371	0.00	0.00
79.1	5.78E+03	-4.6946	0.00	0.00
79.6	6.10E+03	-5.1511	0.00	0.00
80.1	7.06E+03	-5.6077	0.00	0.00
80.6	1.06E+04	-6.064	0.00	0.00
81.1	1.31E+04	-6.5138	0.00	0.00
81.6	1.18E+04	-6.9636	0.00	0.00
82.1	9.96E+03	-7.4134	0.00	0.00
82.6	5.95E+03	-7.8624	0.00	0.00
83.1	2.99E+03	-8.3054	0.00	0.00
83.6	4.20E+03	-8.7484	0.00	0.00
84.1	5.87E+03	-9.1914	0.00	0.00
84.6	9.37E+03	-9.6336	0.00	0.00
85.1	1.21E+04	-10.07	0.00	0.00
85.6	1.19E+04	-10.506	0.00	0.00
86.1	1.14E+04	-10.942	0.00	0.00
86.6	9.53E+03	-11.378	0.00	0.00
87.1	7.91E+03	-11.807	0.00	0.00
87.6	7.22E+03	-12.236	0.00	0.00
88.1	6.66E+03	-12.666	0.00	0.00
88.6	6.61E+03	-13.095	0.00	0.00
89.1	6.65E+03	-13.518	0.00	0.00
89.6	7.02E+03	-13.94	0.00	0.00
90.1	7.45E+03	-14.363	0.00	0.00
90.6	8.13E+03	-14.785	0.00	0.00
91.1	8.71E+03	-15.203	0.00	0.00
91.6	8.91E+03	-15.619	0.00	0.00
92.1	8.98E+03	-16.034	0.00	0.00
92.6	8.52E+03	-16.449	0.00	0.00
93.1	8.05E+03	-16.863	0.00	0.00
93.6	7.58E+03	-17.271	0.00	0.00
94.1	7.08E+03	-17.679	0.00	0.00
94.6	6.43E+03	-18.087	0.00	0.00
95.1	5.79E+03	-18.495	0.00	0.00
95.6	5.21E+03	-18.899	0.00	0.00
96.1	4.69E+03	-19.3	0.00	0.00
96.6	4.40E+03	-19.701	0.00	0.00
97.1	4.12E+03	-20.102	0.00	0.00
97.6	3.87E+03	-20.503	0.00	0.00
98.1	3.63E+03	-20.897	0.00	0.00
98.6	3.43E+03	-21.291	0.00	0.00
99.1	3.22E+03	-21.685	0.00	0.00
