# Terminal Sensitivity Response for Juan Fernandez Islands HA03
# Channel H03N1/EDH
# UWS North Node MariPro
# Effective: 22 February 2014
# File name: H03_EDH_Response_20140203.txt
# Source: Mario Zampolli, from L-3 MariPro Doc. 21303017 JFR
# Final Calibration Report
# System response: hydrophone and digitizer
# The following response file is in 
# frequency (Hz)/ amplitude (gain factor)/phase (deg) format
# based on the response model provided in the JFR Final Calibration
# Report Table B.2.1 . 
# Displacement response rel to 558.9 uPa/count @ 10 Hz
# Serial sn=0
 theoretical  0   instrument    fap 
107
0.1	0.003605234	-151.200000000	0.0	0.0
0.109	0.004434803	-155.100000000	0.0	0.0
0.2	0.016592250	176.100000000	0.0	0.0
0.5	0.076368108	132.800000000	0.0	0.0
1	0.178630785	106.400000000	0.0	0.0
2	0.361420072	84.900000000	0.0	0.0
3	0.516352550	72.400000000	0.0	0.0
4	0.643005062	63.100000000	0.0	0.0
5	0.743613624	55.700000000	0.0	0.0
6	0.822395527	49.600000000	0.0	0.0
7	0.883915863	44.600000000	0.0	0.0
8	0.932121414	40.300000000	0.0	0.0
9	0.969975703	36.800000000	0.0	0.0
10	1.000000000	33.800000000	0.0	0.0
11	1.024189115	31.200000000	0.0	0.0
12	1.043502614	28.900000000	0.0	0.0
13	1.059526066	26.900000000	0.0	0.0
14	1.072744722	25.200000000	0.0	0.0
15	1.083559519	23.700000000	0.0	0.0
16	1.093096030	22.300000000	0.0	0.0
17	1.101063830	21.100000000	0.0	0.0
18	1.107829534	20.000000000	0.0	0.0
19	1.113790355	19.000000000	0.0	0.0
20	1.118694956	18.100000000	0.0	0.0
21	1.123191318	17.300000000	0.0	0.0
22	1.126814516	16.500000000	0.0	0.0
23	1.130232558	15.900000000	0.0	0.0
24	1.132981958	15.200000000	0.0	0.0
25	1.135744767	14.600000000	0.0	0.0
26	1.138057422	14.100000000	0.0	0.0
27	1.140379514	13.600000000	0.0	0.0
28	1.142477514	13.100000000	0.0	0.0
29	1.144114637	12.700000000	0.0	0.0
30	1.145756458	12.300000000	0.0	0.0
31	1.147167488	11.900000000	0.0	0.0
32	1.148346004	11.500000000	0.0	0.0
33	1.149526944	11.200000000	0.0	0.0
34	1.150473446	10.800000000	0.0	0.0
35	1.151421508	10.500000000	0.0	0.0
36	1.152371134	10.200000000	0.0	0.0
37	1.153322328	10.000000000	0.0	0.0
38	1.154275093	9.700000000	0.0	0.0
39	1.154990701	9.500000000	0.0	0.0
40	1.155707196	9.200000000	0.0	0.0
41	1.156185354	9.000000000	0.0	0.0
42	1.156663907	8.800000000	0.0	0.0
43	1.157142857	8.600000000	0.0	0.0
44	1.157622204	8.400000000	0.0	0.0
45	1.158101948	8.200000000	0.0	0.0
46	1.158582090	8.000000000	0.0	0.0
47	1.159062630	7.900000000	0.0	0.0
48	1.159543568	7.700000000	0.0	0.0
49	1.159784188	7.600000000	0.0	0.0
50	1.160265726	7.400000000	0.0	0.0
51	1.160506645	7.300000000	0.0	0.0
52	1.160747664	7.100000000	0.0	0.0
53	1.160747664	7.000000000	0.0	0.0
54	1.160988783	6.900000000	0.0	0.0
55	1.161230002	6.700000000	0.0	0.0
56	1.161471322	6.600000000	0.0	0.0
57	1.161954262	6.500000000	0.0	0.0
58	1.162195883	6.400000000	0.0	0.0
59	1.162437604	6.300000000	0.0	0.0
60	1.162679426	6.200000000	0.0	0.0
61	1.162679426	6.100000000	0.0	0.0
62	1.162921348	6.000000000	0.0	0.0
63	1.162921348	5.900000000	0.0	0.0
64	1.162921348	5.800000000	0.0	0.0
65	1.163163371	5.700000000	0.0	0.0
66	1.163405495	5.600000000	0.0	0.0
67	1.163647720	5.500000000	0.0	0.0
68	1.163890046	5.500000000	0.0	0.0
69	1.164132472	5.400000000	0.0	0.0
70	1.164132472	5.300000000	0.0	0.0
71	1.164132472	5.200000000	0.0	0.0
72	1.164132472	5.200000000	0.0	0.0
73	1.164375000	5.100000000	0.0	0.0
74	1.164375000	5.000000000	0.0	0.0
75	1.164617629	5.000000000	0.0	0.0
76	1.164860358	4.900000000	0.0	0.0
77	1.165103189	4.800000000	0.0	0.0
78	1.165103189	4.800000000	0.0	0.0
79	1.165346122	4.700000000	0.0	0.0
80	1.165346122	4.600000000	0.0	0.0
81	1.165346122	4.600000000	0.0	0.0
82	1.165346122	4.500000000	0.0	0.0
83	1.165346122	4.500000000	0.0	0.0
84	1.165589155	4.400000000	0.0	0.0
85	1.165589155	4.400000000	0.0	0.0
86	1.165832290	4.300000000	0.0	0.0
87	1.166075527	4.300000000	0.0	0.0
88	1.165832290	4.200000000	0.0	0.0
89	1.165832290	4.200000000	0.0	0.0
90	1.165832290	4.100000000	0.0	0.0
91	1.165832290	4.100000000	0.0	0.0
92	1.166075527	4.000000000	0.0	0.0
93	1.166075527	4.000000000	0.0	0.0
94	1.165346122	4.000000000	0.0	0.0
95	1.162921348	3.900000000	0.0	0.0
96	1.156663907	3.900000000	0.0	0.0
97	1.144583248	3.800000000	0.0	0.0
98	1.124094932	3.800000000	0.0	0.0
99	1.093309859	3.800000000	0.0	0.0
100	1.050169109	3.700000000	0.0	0.0
105	0.655063291	3.500000000	0.0	0.0
110	0.216016697	3.400000000	0.0	0.0
115	0.028824879	3.200000000	0.0	0.0
