# Terminal Sensitivity Response for 
# HA04 Crozet All Channels H04N1/EDH thru H04S3/EDH
# UWS North Node L-3 MariPro
# Effective: 16 October 2016
# File name: H04_EDH_Response_20161016.txt
# Source: Mario Zampolli, from L-3 MariPro 
# Document 21408008C Crozet Draft Definition File, Rev C
# System response: hydrophone and digitizer
# The following response file is in 
# frequency (Hz)/ amplitude (gain factor)/phase (deg) format
# based on the response model provided in the 
# Crozet Draft Definition File
# Rev C, Appendix H (Frequency Response) Table in section 1.0
# Columns 1 (frequency), 2 (amplitude), 3 (phase). 
# Displacement (PRESSURE) response rel 
# to the reciprocal of 560.6 uPa/count @ 10 Hz
# Serial sn=0
 theoretical  0   instrument    fap 
107
   0.100     0.0033029493  -147.4000000000 0.00 0.00 
   0.109     0.0040860862  -151.1000000000 0.00 0.00 
   0.200     0.0159466133   179.8000000000 0.00 0.00 
   0.500     0.0760145900   134.8000000000 0.00 0.00 
   1.000     0.1788768347   107.4000000000 0.00 0.00 
   2.000     0.3623085375    85.3000000000 0.00 0.00 
   3.000     0.5175406204    72.7000000000 0.00 0.00 
   4.000     0.6441456969    63.2000000000 0.00 0.00 
   5.000     0.7446865037    55.7000000000 0.00 0.00 
   6.000     0.8233220737    49.6000000000 0.00 0.00 
   7.000     0.8845061534    44.6000000000 0.00 0.00 
   8.000     0.9324683965    40.3000000000 0.00 0.00 
   9.000     0.9700640249    36.8000000000 0.00 0.00 
  10.000     1.0000000000    33.7000000000 0.00 0.00 
  11.000     1.0239269406    31.1000000000 0.00 0.00 
  12.000     1.0431708225    28.9000000000 0.00 0.00 
  13.000     1.0589346430    26.9000000000 0.00 0.00 
  14.000     1.0720979155    25.2000000000 0.00 0.00 
  15.000     1.0830757342    23.7000000000 0.00 0.00 
  16.000     1.0921488408    22.3000000000 0.00 0.00 
  17.000     1.1000784929    21.1000000000 0.00 0.00 
  18.000     1.1070300158    20.0000000000 0.00 0.00 
  19.000     1.1127431520    19.0000000000 0.00 0.00 
  20.000     1.1178464606    18.1000000000 0.00 0.00 
  21.000     1.1220976781    17.3000000000 0.00 0.00 
  22.000     1.1257028112    16.5000000000 0.00 0.00 
  23.000     1.1291037261    15.8000000000 0.00 0.00 
  24.000     1.1318392893    15.2000000000 0.00 0.00 
  25.000     1.1345881401    14.6000000000 0.00 0.00 
  26.000     1.1368890692    14.1000000000 0.00 0.00 
  27.000     1.1391993497    13.6000000000 0.00 0.00 
  28.000     1.1412866450    13.1000000000 0.00 0.00 
  29.000     1.1429153925    12.6000000000 0.00 0.00 
  30.000     1.1445487954    12.2000000000 0.00 0.00 
  31.000     1.1459525756    11.9000000000 0.00 0.00 
  32.000     1.1471250256    11.5000000000 0.00 0.00 
  33.000     1.1480647143    11.1000000000 0.00 0.00 
  34.000     1.1492414924    10.8000000000 0.00 0.00 
  35.000     1.1501846533    10.5000000000 0.00 0.00 
  36.000     1.1511293634    10.2000000000 0.00 0.00 
  37.000     1.1520756268    10.0000000000 0.00 0.00 
  38.000     1.1527863459     9.7000000000 0.00 0.00 
  39.000     1.1537353365     9.5000000000 0.00 0.00 
  40.000     1.1544481054     9.2000000000 0.00 0.00 
  41.000     1.1549237742     9.0000000000 0.00 0.00 
  42.000     1.1553998351     8.8000000000 0.00 0.00 
  43.000     1.1558762887     8.6000000000 0.00 0.00 
  44.000     1.1561146628     8.4000000000 0.00 0.00 
  45.000     1.1565917062     8.2000000000 0.00 0.00 
  46.000     1.1570691434     8.0000000000 0.00 0.00 
  47.000     1.1575469750     7.9000000000 0.00 0.00 
  48.000     1.1580252014     7.7000000000 0.00 0.00 
  49.000     1.1585038231     7.5000000000 0.00 0.00 
  50.000     1.1587432823     7.4000000000 0.00 0.00 
  51.000     1.1589828406     7.3000000000 0.00 0.00 
  52.000     1.1592224979     7.1000000000 0.00 0.00 
  53.000     1.1594622544     7.0000000000 0.00 0.00 
  54.000     1.1597021101     6.9000000000 0.00 0.00 
  55.000     1.1599420650     6.7000000000 0.00 0.00 
  56.000     1.1601821192     6.6000000000 0.00 0.00 
  57.000     1.1604222728     6.5000000000 0.00 0.00 
  58.000     1.1606625259     6.4000000000 0.00 0.00 
  59.000     1.1611433306     6.3000000000 0.00 0.00 
  60.000     1.1611433306     6.2000000000 0.00 0.00 
  61.000     1.1613838823     6.1000000000 0.00 0.00 
  62.000     1.1613838823     6.0000000000 0.00 0.00 
  63.000     1.1613838823     5.9000000000 0.00 0.00 
  64.000     1.1616245338     5.8000000000 0.00 0.00 
  65.000     1.1616245338     5.7000000000 0.00 0.00 
  66.000     1.1618652850     5.6000000000 0.00 0.00 
  67.000     1.1623470869     5.5000000000 0.00 0.00 
  68.000     1.1625881377     5.5000000000 0.00 0.00 
  69.000     1.1625881377     5.4000000000 0.00 0.00 
  70.000     1.1628292885     5.3000000000 0.00 0.00 
  71.000     1.1628292885     5.2000000000 0.00 0.00 
  72.000     1.1628292885     5.1000000000 0.00 0.00 
  73.000     1.1628292885     5.1000000000 0.00 0.00 
  74.000     1.1628292885     5.0000000000 0.00 0.00 
  75.000     1.1630705394     4.9000000000 0.00 0.00 
  76.000     1.1633118904     4.9000000000 0.00 0.00 
  77.000     1.1635533416     4.8000000000 0.00 0.00 
  78.000     1.1637948931     4.8000000000 0.00 0.00 
  79.000     1.1637948931     4.7000000000 0.00 0.00 
  80.000     1.1637948931     4.6000000000 0.00 0.00 
  81.000     1.1637948931     4.6000000000 0.00 0.00 
  82.000     1.1637948931     4.5000000000 0.00 0.00 
  83.000     1.1637948931     4.5000000000 0.00 0.00 
  84.000     1.1640365449     4.4000000000 0.00 0.00 
  85.000     1.1642782970     4.4000000000 0.00 0.00 
  86.000     1.1645201496     4.3000000000 0.00 0.00 
  87.000     1.1645201496     4.3000000000 0.00 0.00 
  88.000     1.1645201496     4.2000000000 0.00 0.00 
  89.000     1.1642782970     4.2000000000 0.00 0.00 
  90.000     1.1642782970     4.1000000000 0.00 0.00 
  91.000     1.1642782970     4.1000000000 0.00 0.00 
  92.000     1.1645201496     4.0000000000 0.00 0.00 
  93.000     1.1647621026     4.0000000000 0.00 0.00 
  94.000     1.1640365449     3.9000000000 0.00 0.00 
  95.000     1.1613838823     3.9000000000 0.00 0.00 
  96.000     1.1551617556     3.9000000000 0.00 0.00 
  97.000     1.1431484502     3.8000000000 0.00 0.00 
  98.000     1.1227718806     3.8000000000 0.00 0.00 
  99.000     1.0919361122     3.7000000000 0.00 0.00 
 100.000     1.0488306829     3.7000000000 0.00 0.00 
 105.000     0.6542950514     3.5000000000 0.00 0.00 
 110.000     0.2157481527     3.4000000000 0.00 0.00 
 115.000     0.0287887269     3.2000000000 0.00 0.00 