# Terminal Sensitivity Response for Crozet Island H04N
# UMU North Node2 ITC 8268
# Node2 ITC 8268
# Effective: 20 April 2003
# File name: H04N2_EDH_Response.txt
# Source: Patrick Grenard
# System response: hydrophone and digitizer
# The following response file 
# is in frequency (Hz)/ amplitude (gain factor)/phase (deg) format
# and derived from equations of state. 
# ITC hydrophone plus conditioning electronics plus 3 lowpass FIR filters
# Displacement response rel to 689.655 uPa/count @ 20 Hz
# Note that this response file does not incorporate the phase
# delay of the anti-alias filter of the digitizer
# (the delay is compensated in the digitizer)
 theoretical  0   instrument    fap 
160
0.12  0.000002544  -170.357361038  0.0  0.0
0.24  0.000190616  142.842575316  0.0  0.0
0.37  0.002187804  105.877590301  0.0  0.0
0.49  0.011942029  71.674694851  0.0  0.0
0.61  0.043451539  37.699352885  0.0  0.0
0.73  0.120910302  2.107025629  0.0  0.0
0.85  0.267867850  -36.562414420  0.0  0.0
0.98  0.462222930  -77.092233735  0.0  0.0
1.10  0.625508573  -114.190006831  0.0  0.0
1.22  0.724402148  -144.073501668  0.0  0.0
1.34  0.780781433  -167.237883587  0.0  0.0
1.46  0.816307529  174.507993305  0.0  0.0
1.59  0.841512852  159.707617027  0.0  0.0
1.71  0.860950289  147.398064987  0.0  0.0
1.83  0.876703499  136.951100885  0.0  0.0
1.95  0.889846297  127.943301637  0.0  0.0
2.08  0.901008402  120.077672662  0.0  0.0
2.20  0.910602348  113.138178001  0.0  0.0
2.32  0.918921376  106.962782289  0.0  0.0
2.44  0.926185740  101.426846020  0.0  0.0
2.56  0.932566938  96.432479114  0.0  0.0
2.69  0.938201723  91.901456468  0.0  0.0
2.81  0.943200936  87.770346904  0.0  0.0
2.93  0.947655492  83.987067896  0.0  0.0
3.05  0.951640650  80.508388844  0.0  0.0
3.17  0.955219181  77.298083516  0.0  0.0
3.30  0.958443774  74.325537968  0.0  0.0
3.42  0.961358907  71.564684990  0.0  0.0
3.54  0.964002324  68.993177149  0.0  0.0
3.66  0.966406204  66.591737092  0.0  0.0
3.78  0.968598104  64.343641517  0.0  0.0
3.91  0.970601724  62.234307256  0.0  0.0
4.03  0.972437527  60.250956312  0.0  0.0
4.15  0.974123248  58.382342579  0.0  0.0
4.27  0.975674316  56.618527234  0.0  0.0
4.39  0.977104199  54.950692867  0.0  0.0
4.52  0.978424693  53.370988694  0.0  0.0
4.64  0.979646168  51.872400906  0.0  0.0
4.76  0.980777763  50.448643472  0.0  0.0
4.88  0.981827565  49.094065702  0.0  0.0
5.00  0.982802747  47.803573628  0.0  0.0
6.10  0.989084175  38.435657443  0.0  0.0
7.08  0.992258128  32.446336939  0.0  0.0
8.06  0.994196840  27.821861612  0.0  0.0
9.03  0.995448541  24.118861195  0.0  0.0
10.01  0.996355537  21.067304543  0.0  0.0
11.11  0.997218346  18.198850006  0.0  0.0
12.08  0.997950520  16.024103143  0.0  0.0
13.06  0.998659118  14.119763883  0.0  0.0
14.04  0.999297064  12.429356463  0.0  0.0
15.01  0.999799340  10.911105154  0.0  0.0
16.11  1.000143027  9.369845828  0.0  0.0
17.09  1.000245657  8.121582776  0.0  0.0
18.07  1.000202084  6.968526067  0.0  0.0
19.04  1.000090965  5.896008765  0.0  0.0
20.02  1.000000000  4.892225676  0.0  0.0
21.12  1.000005305  3.833233143  0.0  0.0
22.09  1.000132560  2.945716428  0.0  0.0
23.07  1.000348943  2.102126921  0.0  0.0
24.05  1.000591164  1.297095506  0.0  0.0
25.02  1.000783106  0.526090575  0.0  0.0
26.00  1.000863702  -0.214739290  0.0  0.0
27.10  1.000793388  -1.016187666  0.0  0.0
28.08  1.000615278  -1.703264533  0.0  0.0
29.05  1.000394039  -2.369030772  0.0  0.0
30.03  1.000207701  -3.015582968  0.0  0.0
31.01  1.000120682  -3.644754166  0.0  0.0
32.10  1.000174402  -4.333792768  0.0  0.0
33.08  1.000332898  -4.931138483  0.0  0.0
34.06  1.000530602  -5.515536022  0.0  0.0
35.03  1.000686798  -6.088085948  0.0  0.0
36.01  1.000731603  -6.649769991  0.0  0.0
37.11  1.000607825  -7.269766789  0.0  0.0
38.09  1.000361418  -7.811166591  0.0  0.0
39.06  1.000050514  -8.344161696  0.0  0.0
40.04  0.999760004  -8.869385247  0.0  0.0
41.02  0.999568717  -9.387410596  0.0  0.0
42.11  0.999527699  -9.962231266  0.0  0.0
43.09  0.999639823  -10.466630642  0.0  0.0
44.07  0.999835059  -10.965309439  0.0  0.0
45.04  1.000028692  -11.458658310  0.0  0.0
46.02  1.000135062  -11.947035224  0.0  0.0
47.12  1.000079522  -12.490924429  0.0  0.0
48.10  0.999864894  -12.969794659  0.0  0.0
49.07  0.999539074  -13.444636047  0.0  0.0
50.05  0.999180945  -13.915703454  0.0  0.0
51.03  0.998878081  -14.383232686  0.0  0.0
52.00  0.998698063  -14.847442287  0.0  0.0
53.10  0.998672615  -15.365962131  0.0  0.0
54.08  0.998778201  -15.823773437  0.0  0.0
55.05  0.998934870  -16.278853375  0.0  0.0
56.03  0.999059426  -16.731364357  0.0  0.0
57.01  0.999081132  -17.181458097  0.0  0.0
58.11  0.998940421  -17.685100551  0.0  0.0
59.08  0.998683431  -18.130517730  0.0  0.0
60.06  0.998358928  -18.573932279  0.0  0.0
61.04  0.998041631  -19.015460421  0.0  0.0
62.01  0.997799537  -19.455211470  0.0  0.0
63.11  0.997663330  -19.947935175  0.0  0.0
64.09  0.997656889  -20.384244434  0.0  0.0
65.06  0.997711562  -20.819079365  0.0  0.0
66.04  0.997761249  -21.252525987  0.0  0.0
67.02  0.997743843  -21.684665705  0.0  0.0
68.12  0.997600637  -22.169356614  0.0  0.0
69.09  0.997368645  -22.598970334  0.0  0.0
70.07  0.997081241  -23.027505355  0.0  0.0
71.04  0.996799676  -23.455027305  0.0  0.0
72.02  0.996580728  -23.881598646  0.0  0.0
73.12  0.996446096  -24.360429115  0.0  0.0
74.10  0.996415158  -24.785174574  0.0  0.0
75.07  0.996420739  -25.209146467  0.0  0.0
76.05  0.996400007  -25.632396282  0.0  0.0
77.03  0.996297854  -26.054973279  0.0  0.0
78.00  0.996089200  -26.476924628  0.0  0.0
79.10  0.995749228  -26.950928277  0.0  0.0
80.08  0.995414571  -27.371697974  0.0  0.0
81.05  0.995123557  -27.791977374  0.0  0.0
82.03  0.994933403  -28.211806327  0.0  0.0
83.01  0.994861601  -28.631223177  0.0  0.0
84.11  0.994878517  -29.102620468  0.0  0.0
85.08  0.994894719  -29.521282553  0.0  0.0
86.06  0.994819992  -29.939643606  0.0  0.0
87.04  0.994597195  -30.357736638  0.0  0.0
88.01  0.994234382  -30.775593558  0.0  0.0
89.11  0.993765341  -31.245438752  0.0  0.0
90.09  0.993441703  -31.662895178  0.0  0.0
91.06  0.993316985  -32.080208728  0.0  0.0
92.04  0.993361919  -32.497407360  0.0  0.0
93.02  0.993296567  -32.914518202  0.0  0.0
94.12  0.992291831  -33.383695738  0.0  0.0
95.09  0.989402554  -33.800706582  0.0  0.0
96.07  0.983131101  -34.217709553  0.0  0.0
97.05  0.971761833  -34.634728805  0.0  0.0
98.02  0.953505836  -35.051787861  0.0  0.0
99.12  0.922728854  -35.521055403  0.0  0.0
100.10  0.884975143  -35.938274465  0.0  0.0
101.07  0.836917990  -36.355603130  0.0  0.0
102.05  0.778883903  -36.773062643  0.0  0.0
103.03  0.712040588  -37.190673760  0.0  0.0
104.00  0.638323814  -37.608456777  0.0  0.0
105.10  0.550339993  -38.078692848  0.0  0.0
106.08  0.470826902  -38.496906543  0.0  0.0
107.06  0.393118340  -38.915352799  0.0  0.0
108.03  0.319864132  -39.334050209  0.0  0.0
109.01  0.253224407  -39.753017001  0.0  0.0
110.11  0.188024334  -40.224698881  0.0  0.0
111.08  0.139606061  -40.644297042  0.0  0.0
112.06  0.100244467  -41.064219341  0.0  0.0
113.04  0.069430590  -41.484482644  0.0  0.0
114.01  0.046239218  -41.905103516  0.0  0.0
115.11  0.027792666  -42.378749664  0.0  0.0
116.09  0.016789587  -42.800184079  0.0  0.0
117.07  0.009597046  -43.222026027  0.0  0.0
118.04  0.005145512  -43.644290952  0.0  0.0
119.02  0.002557552  -44.066994049  0.0  0.0
120.12  0.001043991  -44.543077391  0.0  0.0
121.09  0.000420066  -44.966760953  0.0  0.0
122.07  0.000154122  -45.390928636  0.0  0.0
123.05  0.000061053  -45.815594680  0.0  0.0
124.02  0.000038125  -46.240773102  0.0  0.0
