# Terminal Sensitivity Response for Ascension Island H10S
# Channel H10S3/EDH
# UWS 022 South_Node3 MariPro_106547_200_406
# Effective: 05 September 2004
# File name: H10S3_EDH_Response.txt
# Source: John Newton
# System response: hydrophone and digitizer
# The following response file for Hydrophone_amp_CS5322 filter
# is in frequency (Hz)/ amplitude (gain factor)/phase (deg) format
# and derived from equations of state. 
# HITECH hydrophones plus pre-amp plus 3 lowpass FIR filters
# Displacement response rel to 551.0 uPa/count @ 10 Hz
# Note that this response file does not incorporate the phase
# delay of the anti-alias (the delay is compensated in the digitizer)
# filter of the digitizer since the hydrophone phase
# response equals the
# system phase response.
 theoretical  0   instrument    fap 
143
0.10	0.00530000	-16.82400000	0.0	0.0
0.20	0.01920000	-31.57550000	0.0	0.0
0.30	0.03780000	-43.31110000	0.0	0.0
0.40	0.05830000	-52.49570000	0.0	0.0
0.50	0.07930000	-59.70000000	0.0	0.0
0.60	0.10020000	-65.31920000	0.0	0.0
0.70	0.12090000	-70.03420000	0.0	0.0
0.80	0.14120000	-73.86460000	0.0	0.0
0.90	0.16130000	-77.20880000	0.0	0.0
1.00	0.18100000	-80.10000000	0.0	0.0
2.00	0.36500000	-98.50000000	0.0	0.0
3.00	0.51940000	-110.00000000	0.0	0.0
4.00	0.64600000	-118.80000000	0.0	0.0
5.00	0.74650000	-125.90000000	0.0	0.0
6.00	0.82550000	-131.80000000	0.0	0.0
7.00	0.88660000	-136.70000000	0.0	0.0
8.00	0.93350000	-140.90000000	0.0	0.0
9.00	0.97100000	-144.40000000	0.0	0.0
10.00	1.00000000	-147.30000000	0.0	0.0
11.00	1.02540000	-149.90000000	0.0	0.0
12.00	1.04370000	-152.10000000	0.0	0.0
13.00	1.05940000	-154.10000000	0.0	0.0
14.00	1.07380000	-155.80000000	0.0	0.0
15.00	1.08410000	-157.30000000	0.0	0.0
16.00	1.09440000	-158.70000000	0.0	0.0
17.00	1.10140000	-159.90000000	0.0	0.0
18.00	1.10640000	-161.00000000	0.0	0.0
19.00	1.11400000	-162.00000000	0.0	0.0
20.00	1.11760000	-162.90000000	0.0	0.0
21.00	1.12310000	-163.70000000	0.0	0.0
22.00	1.12720000	-164.50000000	0.0	0.0
23.00	1.13080000	-165.20000000	0.0	0.0
24.00	1.13360000	-165.90000000	0.0	0.0
25.00	1.13550000	-166.50000000	0.0	0.0
26.00	1.13850000	-167.00000000	0.0	0.0
27.00	1.14080000	-167.60000000	0.0	0.0
28.00	1.14170000	-168.00000000	0.0	0.0
29.00	1.14390000	-168.50000000	0.0	0.0
30.00	1.14620000	-168.90000000	0.0	0.0
31.00	1.14500000	-169.30000000	0.0	0.0
32.00	1.14800000	-169.70000000	0.0	0.0
33.00	1.14900000	-170.10000000	0.0	0.0
34.00	1.14940000	-170.40000000	0.0	0.0
35.00	1.15150000	-170.80000000	0.0	0.0
36.00	1.15360000	-171.10000000	0.0	0.0
37.00	1.15360000	-171.40000000	0.0	0.0
38.00	1.15380000	-171.70000000	0.0	0.0
39.00	1.15380000	-171.90000000	0.0	0.0
40.00	1.15350000	-172.20000000	0.0	0.0
41.00	1.15480000	-172.40000000	0.0	0.0
42.00	1.15490000	-172.70000000	0.0	0.0
43.00	1.15500000	-172.90000000	0.0	0.0
44.00	1.15580000	-173.10000000	0.0	0.0
45.00	1.15680000	-173.30000000	0.0	0.0
46.00	1.15750000	-173.50000000	0.0	0.0
47.00	1.15860000	-173.70000000	0.0	0.0
48.00	1.15750000	-173.90000000	0.0	0.0
49.00	1.15750000	-174.10000000	0.0	0.0
50.00	1.15780000	-174.30000000	0.0	0.0
51.00	1.15650000	-174.50000000	0.0	0.0
52.00	1.15810000	-174.60000000	0.0	0.0
53.00	1.15800000	-174.80000000	0.0	0.0
54.00	1.15890000	-174.90000000	0.0	0.0
55.00	1.15710000	-175.10000000	0.0	0.0
56.00	1.15860000	-175.20000000	0.0	0.0
57.00	1.15830000	-175.40000000	0.0	0.0
58.00	1.15910000	-175.50000000	0.0	0.0
59.00	1.15860000	-175.70000000	0.0	0.0
60.00	1.15890000	-175.80000000	0.0	0.0
61.00	1.15850000	-175.90000000	0.0	0.0
62.00	1.15800000	-176.00000000	0.0	0.0
63.00	1.15860000	-176.20000000	0.0	0.0
64.00	1.15910000	-176.30000000	0.0	0.0
65.00	1.15790000	-176.40000000	0.0	0.0
66.00	1.15900000	-176.50000000	0.0	0.0
67.00	1.15930000	-176.60000000	0.0	0.0
68.00	1.15880000	-176.70000000	0.0	0.0
69.00	1.15820000	-176.90000000	0.0	0.0
70.00	1.15860000	-177.00000000	0.0	0.0
71.00	1.15780000	-177.10000000	0.0	0.0
72.00	1.15810000	-177.20000000	0.0	0.0
73.00	1.15840000	-177.30000000	0.0	0.0
74.00	1.15810000	-177.40000000	0.0	0.0
75.00	1.15790000	-177.50000000	0.0	0.0
76.00	1.15790000	-177.60000000	0.0	0.0
77.00	1.15870000	-177.60000000	0.0	0.0
78.00	1.15780000	-177.70000000	0.0	0.0
79.00	1.15800000	-177.80000000	0.0	0.0
80.00	1.15660000	-177.90000000	0.0	0.0
81.00	1.15710000	-178.00000000	0.0	0.0
82.00	1.15660000	-178.10000000	0.0	0.0
83.00	1.15630000	-178.20000000	0.0	0.0
84.00	1.15570000	-178.30000000	0.0	0.0
85.00	1.15670000	-178.30000000	0.0	0.0
86.00	1.15650000	-178.40000000	0.0	0.0
87.00	1.15660000	-178.50000000	0.0	0.0
88.00	1.15590000	-178.60000000	0.0	0.0
89.00	1.15630000	-178.60000000	0.0	0.0
90.00	1.15360000	-178.70000000	0.0	0.0
91.00	1.15510000	-178.80000000	0.0	0.0
92.00	1.15470000	-178.90000000	0.0	0.0
93.00	1.15530000	-178.90000000	0.0	0.0
94.00	1.15370000	-179.00000000	0.0	0.0
95.00	1.15040000	-179.10000000	0.0	0.0
96.00	1.14410000	-179.20000000	0.0	0.0
97.00	1.13010000	-179.20000000	0.0	0.0
98.00	1.10620000	-179.30000000	0.0	0.0
99.00	1.07280000	-179.40000000	0.0	0.0
100.00	1.02800000	-179.40000000	0.0	0.0
101.00	0.97330306	-179.50000000	0.0	0.0
102.00	0.90333173	-179.60000000	0.0	0.0
103.00	0.82272706	-179.60000000	0.0	0.0
104.00	0.73397901	-179.70000000	0.0	0.0
105.00	0.64031136	-179.80000000	0.0	0.0
106.00	0.54534578	-179.80000000	0.0	0.0
107.00	0.45272237	-179.90000000	0.0	0.0
108.00	0.36573554	-179.90000000	0.0	0.0
109.00	0.28703755	-180.00000000	0.0	0.0
110.00	0.21844672	-180.10000000	0.0	0.0
111.00	0.16087670	-180.10000000	0.0	0.0
112.00	0.11438161	-180.20000000	0.0	0.0
113.00	0.07829458	-180.20000000	0.0	0.0
114.00	0.05142538	-180.30000000	0.0	0.0
115.00	0.03227959	-180.40000000	0.0	0.0
116.00	0.01926521	-180.40000000	0.0	0.0
117.00	0.01086127	-180.50000000	0.0	0.0
118.00	0.00573465	-180.50000000	0.0	0.0
119.00	0.00280242	-180.60000000	0.0	0.0
120.00	0.00124628	-180.60000000	0.0	0.0
121.00	0.00049150	-180.70000000	0.0	0.0
122.00	0.00016459	-180.80000000	0.0	0.0
123.00	0.00004297	-180.80000000	0.0	0.0
124.00	0.00000695	-180.90000000	0.0	0.0
124.10	0.00000550	-180.89710000	0.0	0.0
124.20	0.00000429	-180.89890000	0.0	0.0
124.30	0.00000328	-180.90060000	0.0	0.0
124.40	0.00000244	-180.90060000	0.0	0.0
124.50	0.00000176	-180.90000000	0.0	0.0
124.60	0.00000120	-180.89970000	0.0	0.0
124.70	0.00000076	-180.89990000	0.0	0.0
124.80	0.00000042	-180.90010000	0.0	0.0
124.90	0.00000016	-180.90030000	0.0	0.0
125.00	0.00000004	-180.90000000	0.0	0.0
