# Terminal Sensitivity Response for Wake Island H11N
# Channel H11N2/EDH
# UWS 041 North_Node1 MariPro_106547_200_502
# Effective: 17 February 2007
# File name: H11N2_EDH_Response.txt
# Source: Andrew Forbes
# System response: hydrophone and digitizer
# The following response file for Hydrophone_amp_CS5322 filter
# is in frequency (Hz)/ amplitude (gain factor)/phase (deg) format
# and derived from equations of state. 
# HITECH hydrophones plus pre-amp plus 3 lowpass FIR filters
# Displacement response rel to 547.3 uPa/count @ 10 Hz
# Note that this response file does not incorporate the phase
# delay of the anti-alias (the delay is compensated in the digitizer)
# filter of the digitizer since the hydrophone phase
# response equals the
# system phase response.
 theoretical  0   instrument    fap 
143
0.1	0.005440515	-18.30419465	0	0
0.2	0.019562046	-33.17713151	0	0
0.3	0.038317435	-44.78283041	0	0
0.4	0.058862536	-53.7064227	0	0
0.5	0.079945051	-60.69353543	0	0
0.6	0.100981396	-66.21922233	0	0
0.7	0.121839357	-70.74210535	0	0
0.8	0.142401981	-74.52563434	0	0
0.9	0.162698446	-77.76692125	0	0
1	0.182188669	-80.64567467	0	0
2	0.366132835	-99.07819504	0	0
3	0.520663107	-110.304018	0	0
4	0.647360065	-119.0814454	0	0
5	0.749045237	-126.1896248	0	0
6	0.825410908	-131.9821781	0	0
7	0.885807269	-136.8715443	0	0
8	0.934931478	-141.1115919	0	0
9	0.971102695	-144.3136574	0	0
10	1		-147.4640409	0	0
11	1.023376549	-150.0351874	0	0
12	1.043863337	-152.1563592	0	0
13	1.060728554	-154.2456661	0	0
14	1.074573899	-155.7665275	0	0
15	1.085287711	-157.3983563	0	0
16	1.093164246	-158.8207359	0	0
17	1.101267781	-160.1169557	0	0
18	1.108931453	-161.0429453	0	0
19	1.11614296	-162.1033835	0	0
20	1.118088874	-162.7958877	0	0
21	1.124052169	-163.7607247	0	0
22	1.126982217	-164.4675614	0	0
23	1.129795989	-165.3438646	0	0
24	1.134549801	-165.8259327	0	0
25	1.137447483	-166.511021	0	0
26	1.139361497	-167.1567143	0	0
27	1.140052145	-167.6959049	0	0
28	1.141887817	-168.2823992	0	0
29	1.142730711	-168.5515744	0	0
30	1.145725802	-169.0588745	0	0
31	1.14655345	-169.4957439	0	0
32	1.146343536	-169.768302	0	0
33	1.148312674	-170.2292186	0	0
34	1.148470313	-170.6481921	0	0
35	1.153236694	-170.9764917	0	0
36	1.155117323	-171.447986	0	0
37	1.153359316	-171.5017496	0	0
38	1.15495337	-171.9241077	0	0
39	1.151991059	-172.1157656	0	0
40	1.155036752	-172.3757903	0	0
41	1.156423417	-172.6702997	0	0
42	1.154803046	-173.0519628	0	0
43	1.156535168	-173.0536424	0	0
44	1.156606339	-173.3218433	0	0
45	1.157119119	-173.667719	0	0
46	1.157190339	-173.7986166	0	0
47	1.158640581	-174.0505025	0	0
48	1.159363849	-174.2063265	0	0
49	1.158932139	-174.4341137	0	0
50	1.159592051	-174.5344281	0	0
51	1.157885992	-174.9471723	0	0
52	1.15781708	-174.9110421	0	0
53	1.160689055	-175.0117659	0	0
54	1.161207682	-175.2761378	0	0
55	1.158316748	-175.4055865	0	0
56	1.160972672	-175.4360046	0	0
57	1.159911827	-175.8413118	0	0
58	1.15892446	-175.8326218	0	0
59	1.160089823	-176.1896281	0	0
60	1.16019208	-175.8599653	0	0
61	1.160262341	-176.3666992	0	0
62	1.159134698	-176.495521	0	0
63	1.160005471	-176.5502224	0	0
64	1.158328202	-176.8489301	0	0
65	1.158560741	-176.7811383	0	0
66	1.161613468	-176.904476	0	0
67	1.161191477	-176.9979428	0	0
68	1.160047431	-177.2015426	0	0
69	1.160321923	-177.3220812	0	0
70	1.15759785	-177.3928833	0	0
71	1.158473434	-177.4737572	0	0
72	1.157617085	-177.6330357	0	0
73	1.159358928	-177.6332442	0	0
74	1.161629466	-177.767195	0	0
75	1.158708624	-178.0325388	0	0
76	1.159542977	-178.1004478	0	0
77	1.159095135	-178.198383	0	0
78	1.155433443	-178.1684924	0	0
79	1.157687636	-178.431775	0	0
80	1.157307297	-178.3691993	0	0
81	1.156770421	-178.4265694	0	0
82	1.159201103	-178.5786019	0	0
83	1.157178839	-178.6234372	0	0
84	1.15707736	-178.7562845	0	0
85	1.158447602	-178.8504435	0	0
86	1.157454668	-178.9992125	0	0
87	1.158586179	-179.080403	0	0
88	1.158047558	-179.0142154	0	0
89	1.15730797	-179.2768085	0	0
90	1.155493888	-179.3592326	0	0
91	1.157335972	-179.3669383	0	0
92	1.155913481	-179.4018102	0	0
93	1.15545325	-179.4746046	0	0
94	1.157518493	-179.6829805	0	0
95	1.151650557	-179.6022481	0	0
96	1.144513154	-179.7607413	0	0
97	1.130476345	-179.8201283	0	0
98	1.106614672	-179.8653423	0	0
99	1.073657328	-179.9697383	0	0
100	1.030065786	-180	0	0
101	0.973303064	-179.210563	0	0
102	0.903331733	-179.2793314	0	0
103	0.822727062	-179.3473629	0	0
104	0.733979005	-179.4146789	0	0
105	0.640311357	-179.4812996	0	0
106	0.545345778	-179.5472446	0	0
107	0.452722372	-179.6125327	0	0
108	0.365735543	-179.677182	0	0
109	0.287037548	-179.7412102	0	0
110	0.218446724	-179.8046339	0	0
111	0.160876697	-179.8674695	0	0
112	0.11438161	-179.9297326	0	0
113	0.078294584	-179.9914383	0	0
114	0.051425383	-180.0526013	0	0
115	0.032279594	-180.1132355	0	0
116	0.01926521	-180.1733547	0	0
117	0.010861271	-180.2329719	0	0
118	0.005734654	-180.2920999	0	0
119	0.002802417	-180.3507509	0	0
120	0.001246275	-180.4089368	0	0
121	0.0004915	-180.466669	0	0
122	0.000164588	-180.5239587	0	0
123	0.000042974	-180.5808165	0	0
124	0.000006948	-180.6372529	0	0
124.1	0.000005502	-180.6428738	0	0
124.2	0.000004288	-180.6484905	0	0
124.3	0.000003276	-180.6541032	0	0
124.4	0.000002439	-180.6597118	0	0
124.5	0.000001756	-180.6653163	0	0
124.6	0.000001204	-180.6709167	0	0
124.7	0.000000764	-180.6765131	0	0
124.8	0.00000042	-180.6821054	0	0
124.9	0.000000156	-180.6876937	0	0
125	0.00000004	-180.693278	0	0
