#
# Displacement response for KS54000 broadband seismometer in IL31
#
# Calibration info for USAEDS broad-band channels with KS54000
# (KS54000 + LPRT [BBrt? GWB) from Joseph Schrodt/TT 03/05/97
# Displacement response rel to 1.0 Hz
# freq amp phase(deg) error(amp) error(phase)
#
 theoretical  0   instrument    fap
84
0.01000    6.84626e-05   -118.227   0.0    0.0
0.01667    0.000237097   -139.14    0.0    0.0
0.02000    0.00035763    -145.339   0.0    0.0
0.02080    0.000390075   -146.58    0.0    0.0
0.02130    0.000411032   -147.316   0.0    0.0
0.02170    0.000428174   -147.884   0.0    0.0
0.02220    0.000450072   -148.57    0.0    0.0
0.02270    0.000472487   -149.229   0.0    0.0
0.02330    0.000500072   -149.989   0.0    0.0
0.02380    0.000523626   -150.596   0.0    0.0
0.02440    0.000552577   -151.296   0.0    0.0
0.02500    0.00058227    -151.968   0.0    0.0
0.02560    0.000612705   -152.611   0.0    0.0
0.02630    0.000649147   -153.329   0.0    0.0
0.02700    0.000686596   -154.015   0.0    0.0
0.02780    0.000730628   -154.761   0.0    0.0
0.02860    0.000775969   -155.469   0.0    0.0
0.02940    0.000822618   -156.144   0.0    0.0
0.03030    0.000876667   -156.865   0.0    0.0
0.03130    0.000938659   -157.622   0.0    0.0
0.03230    0.00100268    -158.338   0.0    0.0
0.03330    0.00106874    -159.014   0.0    0.0
0.03450    0.00115071    -159.78    0.0    0.0
0.03570    0.00123561    -160.499   0.0    0.0
0.03700    0.00133088    -161.231   0.0    0.0
0.03850    0.00144506    -162.019   0.0    0.0
0.04000    0.00156382    -162.755   0.0    0.0
0.04170    0.00170392    -163.531   0.0    0.0
0.04350    0.00185865    -164.293   0.0    0.0
0.04550    0.00203827    -165.076   0.0    0.0
0.04760    0.00223559    -165.835   0.0    0.0
0.05000    0.00247203    -166.633   0.0    0.0
0.05260    0.0027413     -167.424   0.0    0.0
0.05560    0.003069      -168.255   0.0    0.0
0.05880    0.00343863    -169.06    0.0    0.0
0.06250    0.00389176    -169.901   0.0    0.0
0.06670    0.00443971    -170.759   0.0    0.0
0.07140    0.00509512    -171.618   0.0    0.0
0.07690    0.00591882    -172.511   0.0    0.0
0.08330    0.00695416    -173.43    0.0    0.0
0.09090    0.00829099    -174.387   0.0    0.0
0.10000    0.0100453     -175.387   0.0    0.0
0.12599    0.0159759     -177.655   0.0    0.0
0.20000    0.0403288      178.06    0.0    0.0
0.36840    0.136814       171.575   0.0    0.0
0.50000    0.251745       167.299   0.0    0.0
0.68399    0.470111       161.653   0.0    0.0
0.80000    0.642061       158.177   0.0    0.0
0.86177    0.744348       156.341   0.0    0.0
0.92832    0.86283        154.368   0.0    0.0
1.00000    1              152.249   0.0    0.0
1.14471    1.30684        147.98    0.0    0.0
1.31037    1.70632        143.093   0.0    0.0
1.42857    2.02196        139.599   0.0    0.0
1.50000    2.22466        137.483   0.0    0.0
1.65096    2.68147        132.999   0.0    0.0
1.81712    3.22611        128.037   0.0    0.0
2.00000    3.87088        122.538   0.0    0.0
2.15443    4.447          117.862   0.0    0.0
2.32079    5.09402        112.788   0.0    0.0
2.50000    5.81425        107.278   0.0    0.0
2.65665    6.4572         102.425   0.0    0.0
2.82311    7.14778         97.2302  0.0    0.0
2.85714    7.28928         96.1637  0.0    0.0
3.00000    7.88274         91.6702  0.0    0.0
3.30193    9.1164          82.0969  0.0    0.0
3.63424    10.3908         71.473   0.0    0.0
4.00000    11.5885         59.742   0.0    0.0
4.30887    12.3364         49.875   0.0    0.0
4.64159    12.7981         39.37    0.0    0.0
5.00000    12.8869         28.29    0.0    0.0
5.31329    12.6748         18.878   0.0    0.0
5.64622    12.2341          9.216   0.0    0.0
6.00000    11.5676         -0.622   0.0    0.0
6.31636    10.7695         -9.02    0.0    0.0
6.64940    9.65539        -17.444   0.0    0.0
6.66667    9.58894        -17.869   0.0    0.0
7.00000    8.14289        -25.855   0.0    0.0
7.31861    6.52938        -33.102   0.0    0.0
7.65172    4.76551        -40.295   0.0    0.0
8.00000    3.06885        -47.415   0.0    0.0
8.61774    0.984715       -59.11    0.0    0.0
9.28318    0.133979       -70.498   0.0    0.0
10.0000    0.00059501     -18.103   0.0    0.0
