# UNCLASSIFIED
#
# Response info for KS31 BB site.
#
# Effective: 30 June 2005
# Created: 30 June 2005
# Inid:  
# Source:  James Neely (CTI)
# System equipment:  KS54000 Seismometer and AIM24S-3 Digitizer.
# 
# The response file was derived from equations of state.
# Displacement response normalized to 1.0 at 1.0 Hz.  The nominal calib
# values for this configuration are as follows:
#
# KS31 BHZ is 0.006396 nm/count at 1.0 Hz.
# KS31 BHZ is 0.006780 nm/count at 1.0 Hz. 28 Aug 2008 (New Digitizer)
# KS31 BHZ is 0.006470 nm/count at 1.0 Hz. 2010124/04 May New Digitizer
# KS31 BHN is 0.006404 nm/count at 1.0 Hz.
# KS31 BHN is 0.006800 nm/count at 1.0 Hz. 28 Aug 2008 (New Digitizer)
# KS31 BHN is 0.006490 nm/count at 1.0 Hz. 2010124/04 May New Digitizer
# KS31 BHE is 0.006330 nm/count at 1.0 Hz.
# KS31 BHE is 0.006720 nm/count at 1.0 Hz. 28 Aug 2008 (New Digitizer)
# KS31 BHE is 0.006420 nm/count at 1.0 Hz. 2010124/04 May New Digitizer
# 
# Freq(Hz)     Amp(counts/nm)    Phase(deg)  Error(amp)  Error(phase)
#
  theoretical   0   instrument   fap
2047
0.009800	0.000066981	224.000000	0.0	0.0
0.019500	0.000319327	208.000000	0.0	0.0
0.029300	0.000788077	199.866667	0.0	0.0
0.039100	0.001466179	195.000000	0.0	0.0
0.048800	0.002320988	191.166667	0.0	0.0
0.058600	0.003382947	188.400000	0.0	0.0
0.068400	0.004649921	186.566667	0.0	0.0
0.078100	0.006090254	185.366667	0.0	0.0
0.087900	0.007732343	184.366667	0.0	0.0
0.097700	0.009552619	183.466667	0.0	0.0
0.107400	0.011556914	182.766667	0.0	0.0
0.117200	0.013746387	181.966667	0.0	0.0
0.127000	0.016135191	181.300000	0.0	0.0
0.136700	0.018701238	180.766667	0.0	0.0
0.146500	0.021495221	180.366667	0.0	0.0
0.156300	0.024486006	179.866667	0.0	0.0
0.166000	0.027587743	179.233333	0.0	0.0
0.175800	0.030917503	178.666667	0.0	0.0
0.185500	0.034397047	178.300000	0.0	0.0
0.195300	0.038200685	178.000000	0.0	0.0
0.205100	0.042130633	177.766667	0.0	0.0
0.214800	0.046280910	177.366667	0.0	0.0
0.224600	0.050600270	177.066667	0.0	0.0
0.234400	0.055154618	176.633333	0.0	0.0
0.244100	0.059836873	176.333333	0.0	0.0
0.253900	0.064737919	176.000000	0.0	0.0
0.263700	0.069858661	175.666667	0.0	0.0
0.273400	0.075006175	175.300000	0.0	0.0
0.283200	0.080448848	175.000000	0.0	0.0
0.293000	0.086079930	174.633333	0.0	0.0
0.302700	0.091944307	174.300000	0.0	0.0
0.312500	0.097956526	174.000000	0.0	0.0
0.322300	0.104236690	173.766667	0.0	0.0
0.332000	0.110605358	173.500000	0.0	0.0
0.341800	0.117366490	173.233333	0.0	0.0
0.351600	0.124145524	172.966667	0.0	0.0
0.361300	0.131140225	172.700000	0.0	0.0
0.371100	0.138244727	172.433333	0.0	0.0
0.380900	0.145642663	172.100000	0.0	0.0
0.390600	0.153154988	171.833333	0.0	0.0
0.400400	0.160998367	171.566667	0.0	0.0
0.410200	0.168975852	171.300000	0.0	0.0
0.419900	0.177129848	171.000000	0.0	0.0
0.429700	0.185352042	170.766667	0.0	0.0
0.439500	0.193828555	170.466667	0.0	0.0
0.449200	0.202401081	170.200000	0.0	0.0
0.459000	0.211491072	169.933333	0.0	0.0
0.468800	0.220872615	169.666667	0.0	0.0
0.478500	0.230107382	169.400000	0.0	0.0
0.488300	0.239629408	169.200000	0.0	0.0
0.498000	0.249053138	168.933333	0.0	0.0
0.507800	0.258554476	168.600000	0.0	0.0
0.517600	0.268115467	168.300000	0.0	0.0
0.527300	0.278152014	168.033333	0.0	0.0
0.537100	0.288697909	167.833333	0.0	0.0
0.546900	0.299674080	167.600000	0.0	0.0
0.556600	0.310517731	167.266667	0.0	0.0
0.566400	0.321795393	167.000000	0.0	0.0
0.576200	0.333155132	166.700000	0.0	0.0
0.585900	0.344466503	166.466667	0.0	0.0
0.595700	0.356359658	166.200000	0.0	0.0
0.605500	0.367193480	165.966667	0.0	0.0
0.615200	0.379197955	165.700000	0.0	0.0
0.625000	0.391525484	165.500000	0.0	0.0
0.634800	0.404365259	165.233333	0.0	0.0
0.644500	0.416977393	164.933333	0.0	0.0
0.654300	0.429424851	164.600000	0.0	0.0
0.664100	0.442554703	164.333333	0.0	0.0
0.673800	0.455752102	164.133333	0.0	0.0
0.683600	0.468925779	163.900000	0.0	0.0
0.693400	0.482467068	163.733333	0.0	0.0
0.703100	0.495489204	163.500000	0.0	0.0
0.712900	0.509202542	163.200000	0.0	0.0
0.722700	0.523499305	162.933333	0.0	0.0
0.732400	0.537646312	162.733333	0.0	0.0
0.742200	0.552130705	162.433333	0.0	0.0
0.752000	0.567025184	162.200000	0.0	0.0
0.761700	0.581524359	162.000000	0.0	0.0
0.771500	0.596355452	161.700000	0.0	0.0
0.781300	0.611602120	161.400000	0.0	0.0
0.791000	0.626882722	161.166667	0.0	0.0
0.800800	0.642758945	160.933333	0.0	0.0
0.810500	0.657666981	160.633333	0.0	0.0
0.820300	0.673925811	160.400000	0.0	0.0
0.830100	0.690389474	160.133333	0.0	0.0
0.839800	0.706889842	159.866667	0.0	0.0
0.849600	0.723206533	159.666667	0.0	0.0
0.859400	0.739702975	159.433333	0.0	0.0
0.869100	0.756204922	159.133333	0.0	0.0
0.878900	0.773355056	158.866667	0.0	0.0
0.888700	0.790394107	158.600000	0.0	0.0
0.898400	0.808052329	158.366667	0.0	0.0
0.908200	0.825460561	158.100000	0.0	0.0
0.918000	0.842724000	157.866667	0.0	0.0
0.927700	0.860627290	157.666667	0.0	0.0
0.937500	0.879581094	157.366667	0.0	0.0
0.947300	0.898411029	157.166667	0.0	0.0
0.957000	0.916904017	156.933333	0.0	0.0
0.966800	0.935061014	156.700000	0.0	0.0
0.976600	0.953747560	156.400000	0.0	0.0
0.986300	0.972414441	156.166667	0.0	0.0
0.996100	0.992215210	155.933333	0.0	0.0
1.005900	1.011834810	155.700000	0.0	0.0
1.015600	1.031443360	155.400000	0.0	0.0
1.025400	1.051445160	155.166667	0.0	0.0
1.035200	1.071227862	154.933333	0.0	0.0
1.044900	1.090978332	154.666667	0.0	0.0
1.054700	1.111538625	154.400000	0.0	0.0
1.064500	1.131856402	154.100000	0.0	0.0
1.074200	1.151693625	153.900000	0.0	0.0
1.084000	1.172803440	153.600000	0.0	0.0
1.093800	1.194104967	153.366667	0.0	0.0
1.103500	1.215377919	153.133333	0.0	0.0
1.113300	1.237535744	152.900000	0.0	0.0
1.123000	1.258711439	152.733333	0.0	0.0
1.132800	1.280284479	152.466667	0.0	0.0
1.142600	1.301532767	152.266667	0.0	0.0
1.152300	1.323725059	151.900000	0.0	0.0
1.162100	1.347370400	151.666667	0.0	0.0
1.171900	1.370190994	151.433333	0.0	0.0
1.181600	1.392967438	151.233333	0.0	0.0
1.191400	1.415082819	150.966667	0.0	0.0
1.201200	1.438458423	150.633333	0.0	0.0
1.210900	1.460662541	150.366667	0.0	0.0
1.220700	1.484970715	150.133333	0.0	0.0
1.230500	1.508909650	149.866667	0.0	0.0
1.240200	1.532792808	149.666667	0.0	0.0
1.250000	1.556515176	149.400000	0.0	0.0
1.259800	1.580410385	149.166667	0.0	0.0
1.269500	1.604225482	148.900000	0.0	0.0
1.279300	1.628463891	148.700000	0.0	0.0
1.289100	1.652874515	148.400000	0.0	0.0
1.298800	1.677842638	148.166667	0.0	0.0
1.308600	1.703258240	147.933333	0.0	0.0
1.318400	1.728864893	147.666667	0.0	0.0
1.328100	1.753725244	147.366667	0.0	0.0
1.337900	1.780385195	147.100000	0.0	0.0
1.347700	1.806563051	146.866667	0.0	0.0
1.357400	1.832661922	146.600000	0.0	0.0
1.367200	1.857080655	146.366667	0.0	0.0
1.377000	1.883798936	146.133333	0.0	0.0
1.386700	1.911899374	145.900000	0.0	0.0
1.396500	1.939018176	145.733333	0.0	0.0
1.406300	1.965573493	145.433333	0.0	0.0
1.416000	1.991253292	145.133333	0.0	0.0
1.425800	2.017362239	144.866667	0.0	0.0
1.435500	2.044904640	144.633333	0.0	0.0
1.445300	2.072920622	144.400000	0.0	0.0
1.455100	2.100321033	144.133333	0.0	0.0
1.464800	2.128416723	143.866667	0.0	0.0
1.474600	2.156991626	143.566667	0.0	0.0
1.484400	2.186596044	143.333333	0.0	0.0
1.494100	2.212717640	143.133333	0.0	0.0
1.503900	2.240979680	142.933333	0.0	0.0
1.513700	2.271152458	142.666667	0.0	0.0
1.523400	2.300353442	142.400000	0.0	0.0
1.533200	2.330044889	142.100000	0.0	0.0
1.543000	2.359021245	141.900000	0.0	0.0
1.552700	2.386025639	141.633333	0.0	0.0
1.562500	2.416239902	141.333333	0.0	0.0
1.572300	2.445705511	141.100000	0.0	0.0
1.582000	2.474075555	140.833333	0.0	0.0
1.591800	2.504822759	140.633333	0.0	0.0
1.601600	2.536733165	140.333333	0.0	0.0
1.611300	2.567553377	140.100000	0.0	0.0
1.621100	2.598880307	139.866667	0.0	0.0
1.630900	2.629387933	139.600000	0.0	0.0
1.640600	2.660758232	139.333333	0.0	0.0
1.650400	2.690574963	139.133333	0.0	0.0
1.660200	2.721578209	138.900000	0.0	0.0
1.669900	2.751361121	138.633333	0.0	0.0
1.679700	2.783749238	138.333333	0.0	0.0
1.689500	2.815246273	138.066667	0.0	0.0
1.699200	2.845480839	137.833333	0.0	0.0
1.709000	2.878397654	137.633333	0.0	0.0
1.718800	2.912621315	137.366667	0.0	0.0
1.728500	2.945588673	137.066667	0.0	0.0
1.738300	2.979084306	136.833333	0.0	0.0
1.748000	3.011268792	136.533333	0.0	0.0
1.757800	3.042791915	136.333333	0.0	0.0
1.767600	3.076814539	136.033333	0.0	0.0
1.777300	3.109482725	135.766667	0.0	0.0
1.787100	3.143868529	135.533333	0.0	0.0
1.796900	3.178443414	135.266667	0.0	0.0
1.806600	3.212851691	135.000000	0.0	0.0
1.816400	3.246556658	134.766667	0.0	0.0
1.826200	3.281683375	134.533333	0.0	0.0
1.835900	3.312821558	134.266667	0.0	0.0
1.845700	3.348283513	134.000000	0.0	0.0
1.855500	3.381337991	133.733333	0.0	0.0
1.865200	3.416783650	133.533333	0.0	0.0
1.875000	3.451457612	133.233333	0.0	0.0
1.884800	3.490309020	132.966667	0.0	0.0
1.894500	3.523621240	132.766667	0.0	0.0
1.904300	3.558803985	132.466667	0.0	0.0
1.914100	3.590012107	132.200000	0.0	0.0
1.923800	3.629274696	131.933333	0.0	0.0
1.933600	3.667751822	131.733333	0.0	0.0
1.943400	3.703602741	131.466667	0.0	0.0
1.953100	3.734928509	131.166667	0.0	0.0
1.962900	3.778299232	130.933333	0.0	0.0
1.972700	3.813192725	130.666667	0.0	0.0
1.982400	3.850784763	130.400000	0.0	0.0
1.992200	3.882986419	130.133333	0.0	0.0
2.002000	3.921282636	129.933333	0.0	0.0
2.011700	3.956335368	129.666667	0.0	0.0
2.021500	3.991910766	129.433333	0.0	0.0
2.031300	4.027616738	129.166667	0.0	0.0
2.041000	4.067735223	128.933333	0.0	0.0
2.050800	4.105316243	128.666667	0.0	0.0
2.060500	4.144243240	128.366667	0.0	0.0
2.070300	4.178944124	128.100000	0.0	0.0
2.080100	4.220220033	127.833333	0.0	0.0
2.089800	4.256403416	127.600000	0.0	0.0
2.099600	4.301366630	127.366667	0.0	0.0
2.109400	4.339948240	127.133333	0.0	0.0
2.119100	4.379954204	126.833333	0.0	0.0
2.128900	4.415472564	126.600000	0.0	0.0
2.138700	4.451090306	126.300000	0.0	0.0
2.148400	4.488111324	126.066667	0.0	0.0
2.158200	4.529150057	125.733333	0.0	0.0
2.168000	4.572129847	125.466667	0.0	0.0
2.177700	4.611364327	125.266667	0.0	0.0
2.187500	4.649391565	125.033333	0.0	0.0
2.197300	4.689343481	124.766667	0.0	0.0
2.207000	4.730837162	124.466667	0.0	0.0
2.216800	4.767452326	124.200000	0.0	0.0
2.226600	4.811543422	123.933333	0.0	0.0
2.236300	4.849833111	123.666667	0.0	0.0
2.246100	4.892432499	123.433333	0.0	0.0
2.255900	4.931431692	123.200000	0.0	0.0
2.265600	4.968208407	122.966667	0.0	0.0
2.275400	5.011281981	122.666667	0.0	0.0
2.285200	5.056481595	122.366667	0.0	0.0
2.294900	5.099499246	122.133333	0.0	0.0
2.304700	5.145119550	121.866667	0.0	0.0
2.314500	5.184987379	121.600000	0.0	0.0
2.324200	5.226532561	121.366667	0.0	0.0
2.334000	5.264636253	121.100000	0.0	0.0
2.343800	5.308939381	120.866667	0.0	0.0
2.353500	5.350919350	120.566667	0.0	0.0
2.363300	5.395574704	120.333333	0.0	0.0
2.373000	5.433697742	120.066667	0.0	0.0
2.382800	5.474467092	119.766667	0.0	0.0
2.392600	5.515355746	119.566667	0.0	0.0
2.402300	5.560166745	119.266667	0.0	0.0
2.412100	5.603473005	118.966667	0.0	0.0
2.421900	5.651265975	118.733333	0.0	0.0
2.431600	5.694438882	118.500000	0.0	0.0
2.441400	5.736027355	118.266667	0.0	0.0
2.451200	5.771085332	117.966667	0.0	0.0
2.460900	5.812388023	117.766667	0.0	0.0
2.470700	5.858773346	117.466667	0.0	0.0
2.480500	5.905343022	117.166667	0.0	0.0
2.490200	5.949335457	116.866667	0.0	0.0
2.500000	5.991653418	116.633333	0.0	0.0
2.509800	6.036403051	116.366667	0.0	0.0
2.519500	6.078485598	116.066667	0.0	0.0
2.529300	6.118815451	115.800000	0.0	0.0
2.539100	6.161592098	115.500000	0.0	0.0
2.548800	6.208759682	115.333333	0.0	0.0
2.558600	6.256596169	115.066667	0.0	0.0
2.568400	6.302197211	114.866667	0.0	0.0
2.578100	6.345017892	114.566667	0.0	0.0
2.587900	6.388442367	114.233333	0.0	0.0
2.597700	6.434448394	113.933333	0.0	0.0
2.607400	6.487568987	113.700000	0.0	0.0
2.617200	6.533920158	113.466667	0.0	0.0
2.627000	6.575369239	113.266667	0.0	0.0
2.636700	6.611318885	112.966667	0.0	0.0
2.646500	6.658000089	112.600000	0.0	0.0
2.656300	6.704827021	112.366667	0.0	0.0
2.666000	6.751293007	112.100000	0.0	0.0
2.675800	6.795800673	111.866667	0.0	0.0
2.685500	6.837284428	111.600000	0.0	0.0
2.695300	6.884634507	111.333333	0.0	0.0
2.705100	6.929469413	111.100000	0.0	0.0
2.714800	6.979254164	110.800000	0.0	0.0
2.724600	7.021644503	110.500000	0.0	0.0
2.734400	7.069533510	110.233333	0.0	0.0
2.744100	7.119779345	110.000000	0.0	0.0
2.753900	7.173476261	109.766667	0.0	0.0
2.763700	7.216309152	109.466667	0.0	0.0
2.773400	7.261477942	109.166667	0.0	0.0
2.783200	7.304472048	108.966667	0.0	0.0
2.793000	7.344719336	108.666667	0.0	0.0
2.802700	7.392986169	108.400000	0.0	0.0
2.812500	7.427655094	108.133333	0.0	0.0
2.822300	7.473769247	107.866667	0.0	0.0
2.832000	7.531008967	107.566667	0.0	0.0
2.841800	7.586131265	107.366667	0.0	0.0
2.851600	7.632682761	107.066667	0.0	0.0
2.861300	7.669966311	106.866667	0.0	0.0
2.871100	7.719632722	106.600000	0.0	0.0
2.880900	7.772421907	106.366667	0.0	0.0
2.890600	7.824849562	106.066667	0.0	0.0
2.900400	7.868932010	105.766667	0.0	0.0
2.910200	7.919157966	105.533333	0.0	0.0
2.919900	7.959808562	105.233333	0.0	0.0
2.929700	8.013328908	104.933333	0.0	0.0
2.939500	8.054654736	104.733333	0.0	0.0
2.949200	8.095464707	104.500000	0.0	0.0
2.959000	8.139978610	104.166667	0.0	0.0
2.968800	8.187699266	103.833333	0.0	0.0
2.978500	8.244453551	103.533333	0.0	0.0
2.988300	8.292428259	103.266667	0.0	0.0
2.998000	8.339946353	103.033333	0.0	0.0
3.007800	8.378467255	102.766667	0.0	0.0
3.017600	8.426683364	102.500000	0.0	0.0
3.027300	8.477691105	102.233333	0.0	0.0
3.037100	8.526121495	101.966667	0.0	0.0
3.046900	8.581233805	101.700000	0.0	0.0
3.056600	8.629332784	101.466667	0.0	0.0
3.066400	8.684755823	101.133333	0.0	0.0
3.076200	8.730299357	100.866667	0.0	0.0
3.085900	8.765237678	100.600000	0.0	0.0
3.095700	8.810848512	100.300000	0.0	0.0
3.105500	8.859918640	100.100000	0.0	0.0
3.115200	8.925622914	99.833333	0.0	0.0
3.125000	8.968091763	99.566667	0.0	0.0
3.134800	9.038291477	99.266667	0.0	0.0
3.144500	9.094312320	99.000000	0.0	0.0
3.154300	9.144065436	98.733333	0.0	0.0
3.164100	9.169248329	98.366667	0.0	0.0
3.173800	9.214938581	98.133333	0.0	0.0
3.183600	9.257711843	97.933333	0.0	0.0
3.193400	9.311221155	97.633333	0.0	0.0
3.203100	9.360685661	97.400000	0.0	0.0
3.212900	9.396391077	97.066667	0.0	0.0
3.222700	9.442922488	96.800000	0.0	0.0
3.232400	9.488921697	96.500000	0.0	0.0
3.242200	9.546546000	96.233333	0.0	0.0
3.252000	9.600659648	96.033333	0.0	0.0
3.261700	9.658018373	95.733333	0.0	0.0
3.271500	9.701238522	95.433333	0.0	0.0
3.281300	9.751959232	95.133333	0.0	0.0
3.291000	9.798413535	94.933333	0.0	0.0
3.300800	9.849293697	94.633333	0.0	0.0
3.310500	9.899665439	94.333333	0.0	0.0
3.320300	9.950723319	94.033333	0.0	0.0
3.330100	9.994196493	93.833333	0.0	0.0
3.339800	10.048646938	93.566667	0.0	0.0
3.349600	10.088328817	93.233333	0.0	0.0
3.359400	10.139661007	92.933333	0.0	0.0
3.369100	10.182657511	92.633333	0.0	0.0
3.378900	10.238052313	92.433333	0.0	0.0
3.388700	10.285677708	92.233333	0.0	0.0
3.398400	10.332743695	91.933333	0.0	0.0
3.408200	10.380465058	91.700000	0.0	0.0
3.418000	10.432237127	91.400000	0.0	0.0
3.427700	10.487507288	91.133333	0.0	0.0
3.437500	10.535425499	90.833333	0.0	0.0
3.447300	10.579329866	90.566667	0.0	0.0
3.457000	10.622630923	90.400000	0.0	0.0
3.466800	10.670650834	90.000000	0.0	0.0
3.476600	10.722830764	89.700000	0.0	0.0
3.486300	10.786888223	89.400000	0.0	0.0
3.496100	10.835135816	89.133333	0.0	0.0
3.505900	10.883428175	88.900000	0.0	0.0
3.515600	10.931143064	88.666667	0.0	0.0
3.525400	10.987953184	88.333333	0.0	0.0
3.535200	11.032179271	88.033333	0.0	0.0
3.544900	11.075788234	87.733333	0.0	0.0
3.554700	11.120028707	87.533333	0.0	0.0
3.564500	11.172848367	87.266667	0.0	0.0
3.574200	11.216508789	87.000000	0.0	0.0
3.584000	11.265124660	86.700000	0.0	0.0
3.593800	11.318124721	86.400000	0.0	0.0
3.603500	11.374938383	86.200000	0.0	0.0
3.613300	11.423732949	85.900000	0.0	0.0
3.623000	11.471934748	85.666667	0.0	0.0
3.632800	11.520809030	85.400000	0.0	0.0
3.642600	11.569723139	85.133333	0.0	0.0
3.652300	11.618040513	84.866667	0.0	0.0
3.662100	11.653607818	84.566667	0.0	0.0
3.671900	11.711567442	84.300000	0.0	0.0
3.681600	11.759978723	84.033333	0.0	0.0
3.691400	11.809065980	83.700000	0.0	0.0
3.701200	11.858190975	83.400000	0.0	0.0
3.710900	11.906711641	83.100000	0.0	0.0
3.720700	11.955910130	82.900000	0.0	0.0
3.730500	12.000539073	82.600000	0.0	0.0
3.740200	12.049147433	82.333333	0.0	0.0
3.750000	12.107724640	82.066667	0.0	0.0
3.759800	12.147758620	81.800000	0.0	0.0
3.769500	12.191790613	81.500000	0.0	0.0
3.779300	12.236467704	81.233333	0.0	0.0
3.789100	12.285857324	80.966667	0.0	0.0
3.798800	12.339366357	80.666667	0.0	0.0
3.808600	12.384088858	80.433333	0.0	0.0
3.818400	12.433579514	80.166667	0.0	0.0
3.828100	12.487242575	79.866667	0.0	0.0
3.837900	12.570541203	79.600000	0.0	0.0
3.847700	12.620282407	79.300000	0.0	0.0
3.857400	12.669399154	79.033333	0.0	0.0
3.867200	12.680214479	78.766667	0.0	0.0
3.877000	12.725013996	78.500000	0.0	0.0
3.886700	12.764252126	78.266667	0.0	0.0
3.896500	12.809023659	78.000000	0.0	0.0
3.906300	12.853789613	77.666667	0.0	0.0
3.916000	12.902841615	77.400000	0.0	0.0
3.925800	12.957553422	77.133333	0.0	0.0
3.935500	13.001690795	76.866667	0.0	0.0
3.945300	13.046481366	76.566667	0.0	0.0
3.955100	13.101316463	76.300000	0.0	0.0
3.964800	13.150509199	76.033333	0.0	0.0
3.974600	13.195327990	75.800000	0.0	0.0
3.984400	13.240138543	75.533333	0.0	0.0
3.994100	13.279178277	75.266667	0.0	0.0
4.003900	13.329067818	75.033333	0.0	0.0
4.013700	13.373851099	74.633333	0.0	0.0
4.023400	13.412809502	74.333333	0.0	0.0
4.033200	13.467888649	74.100000	0.0	0.0
4.043000	13.517845632	73.866667	0.0	0.0
4.052700	13.556749756	73.633333	0.0	0.0
4.062500	13.606718957	73.300000	0.0	0.0
4.072300	13.651473444	73.000000	0.0	0.0
4.082000	13.690290617	72.733333	0.0	0.0
4.091800	13.745550235	72.466667	0.0	0.0
4.101600	13.795579307	72.200000	0.0	0.0
4.111300	13.844958867	71.900000	0.0	0.0
4.121100	13.884374073	71.633333	0.0	0.0
4.130900	13.918401605	71.400000	0.0	0.0
4.140600	13.967753291	71.133333	0.0	0.0
4.150400	14.023182158	70.866667	0.0	0.0
4.160200	14.062474653	70.566667	0.0	0.0
4.169900	14.095633968	70.300000	0.0	0.0
4.179700	14.140243527	70.033333	0.0	0.0
4.189500	14.179395715	69.733333	0.0	0.0
4.199200	14.228740302	69.400000	0.0	0.0
4.209000	14.278782715	69.200000	0.0	0.0
4.218800	14.317852190	68.900000	0.0	0.0
4.228500	14.356194597	68.600000	0.0	0.0
4.238300	14.395167468	68.333333	0.0	0.0
4.248000	14.438952338	68.033333	0.0	0.0
4.257800	14.483399672	67.800000	0.0	0.0
4.267600	14.527829900	67.566667	0.0	0.0
4.277300	14.560381589	67.300000	0.0	0.0
4.287100	14.621566185	67.033333	0.0	0.0
4.296900	14.671589253	66.800000	0.0	0.0
4.306600	14.715298362	66.500000	0.0	0.0
4.316400	14.748347699	66.200000	0.0	0.0
4.326200	14.781318871	66.000000	0.0	0.0
4.335900	14.819214405	65.700000	0.0	0.0
4.345700	14.857742161	65.400000	0.0	0.0
4.355500	14.907656233	65.133333	0.0	0.0
4.365200	14.945425811	64.866667	0.0	0.0
4.375000	14.995333006	64.600000	0.0	0.0
4.384800	15.039483150	64.366667	0.0	0.0
4.394500	15.077138962	64.100000	0.0	0.0
4.404300	15.121230030	63.800000	0.0	0.0
4.414100	15.153664535	63.466667	0.0	0.0
4.423800	15.196992014	63.266667	0.0	0.0
4.433600	15.235136519	62.966667	0.0	0.0
4.443400	15.273227522	62.700000	0.0	0.0
4.453100	15.304702632	62.466667	0.0	0.0
4.462900	15.348560301	62.200000	0.0	0.0
4.472700	15.386489292	61.900000	0.0	0.0
4.482400	15.429595906	61.600000	0.0	0.0
4.492200	15.473367262	61.333333	0.0	0.0
4.502000	15.523071147	61.100000	0.0	0.0
4.511700	15.566121935	60.800000	0.0	0.0
4.521500	15.603848931	60.533333	0.0	0.0
4.531300	15.635518900	60.266667	0.0	0.0
4.541000	15.672429941	60.066667	0.0	0.0
4.550800	15.716005260	59.766667	0.0	0.0
4.560500	15.758864456	59.466667	0.0	0.0
4.570300	15.802389078	59.200000	0.0	0.0
4.580100	15.833730692	58.900000	0.0	0.0
4.589800	15.858210923	58.633333	0.0	0.0
4.599600	15.895473301	58.333333	0.0	0.0
4.609400	15.932678581	58.100000	0.0	0.0
4.619100	15.969135121	57.900000	0.0	0.0
4.628900	16.012369279	57.600000	0.0	0.0
4.638700	16.043258173	57.366667	0.0	0.0
4.648400	16.079541159	57.100000	0.0	0.0
4.658200	16.110274070	56.866667	0.0	0.0
4.668000	16.159516465	56.600000	0.0	0.0
4.677700	16.208073492	56.300000	0.0	0.0
4.687500	16.226165258	56.100000	0.0	0.0
4.697300	16.269090032	55.800000	0.0	0.0
4.707000	16.305034796	55.466667	0.0	0.0
4.716800	16.347885616	55.200000	0.0	0.0
4.726600	16.384418582	54.900000	0.0	0.0
4.736300	16.407600488	54.666667	0.0	0.0
4.746100	16.437676751	54.366667	0.0	0.0
4.755900	16.467667720	54.133333	0.0	0.0
4.765600	16.496880970	53.900000	0.0	0.0
4.775400	16.539390844	53.633333	0.0	0.0
4.785200	16.569148417	53.400000	0.0	0.0
4.794900	16.610872383	53.133333	0.0	0.0
4.804700	16.646868619	52.866667	0.0	0.0
4.814500	16.689207541	52.600000	0.0	0.0
4.824200	16.717985415	52.300000	0.0	0.0
4.834000	16.760229408	52.033333	0.0	0.0
4.843800	16.808891443	51.766667	0.0	0.0
4.853500	16.837466110	51.566667	0.0	0.0
4.863300	16.847240968	51.266667	0.0	0.0
4.873000	16.869135348	51.066667	0.0	0.0
4.882800	16.898099842	50.733333	0.0	0.0
4.892600	16.939974619	50.500000	0.0	0.0
4.902300	16.968095615	50.233333	0.0	0.0
4.912100	17.003346264	49.966667	0.0	0.0
4.921900	17.045074541	49.700000	0.0	0.0
4.931600	17.086076814	49.500000	0.0	0.0
4.941400	17.114597444	49.233333	0.0	0.0
4.951200	17.149610968	48.933333	0.0	0.0
4.960900	17.164096421	48.633333	0.0	0.0
4.970700	17.192344515	48.366667	0.0	0.0
4.980500	17.240342481	48.133333	0.0	0.0
4.990200	17.281014598	47.866667	0.0	0.0
5.000000	17.302413045	47.633333	0.0	0.0
5.009800	17.317057945	47.366667	0.0	0.0
5.019500	17.357516382	47.133333	0.0	0.0
5.029300	17.391955592	46.933333	0.0	0.0
5.039100	17.426330799	46.633333	0.0	0.0
5.048800	17.459950214	46.366667	0.0	0.0
5.058600	17.480774857	46.100000	0.0	0.0
5.068400	17.501492968	45.833333	0.0	0.0
5.078100	17.521414531	45.500000	0.0	0.0
5.087900	17.541920312	45.266667	0.0	0.0
5.097700	17.589299637	45.000000	0.0	0.0
5.107400	17.615693460	44.800000	0.0	0.0
5.117200	17.649461088	44.500000	0.0	0.0
5.127000	17.669596611	44.300000	0.0	0.0
5.136700	17.695726792	44.066667	0.0	0.0
5.146500	17.722457936	43.766667	0.0	0.0
5.156300	17.742290580	43.533333	0.0	0.0
5.166000	17.774967023	43.233333	0.0	0.0
5.175800	17.787775484	42.966667	0.0	0.0
5.185500	17.813446093	42.766667	0.0	0.0
5.195300	17.832870733	42.533333	0.0	0.0
5.205100	17.872754439	42.366667	0.0	0.0
5.214800	17.905040748	42.033333	0.0	0.0
5.224600	17.944833186	41.800000	0.0	0.0
5.234400	17.984587504	41.500000	0.0	0.0
5.244100	18.009787810	41.300000	0.0	0.0
5.253900	18.028666488	41.033333	0.0	0.0
5.263700	18.033592763	40.800000	0.0	0.0
5.273400	18.065421394	40.533333	0.0	0.0
5.283200	18.083983544	40.300000	0.0	0.0
5.293000	18.109388594	40.033333	0.0	0.0
5.302700	18.134021038	39.800000	0.0	0.0
5.312500	18.166219307	39.500000	0.0	0.0
5.322300	18.198350889	39.266667	0.0	0.0
5.332000	18.222737317	39.000000	0.0	0.0
5.341800	18.240717368	38.766667	0.0	0.0
5.351600	18.265600590	38.500000	0.0	0.0
5.361300	18.282695204	38.266667	0.0	0.0
5.371100	18.307391816	38.033333	0.0	0.0
5.380900	18.339036245	37.766667	0.0	0.0
5.390600	18.362883571	37.533333	0.0	0.0
5.400400	18.380268749	37.333333	0.0	0.0
5.410200	18.411675279	37.100000	0.0	0.0
5.419900	18.421113594	36.800000	0.0	0.0
5.429700	18.445269409	36.500000	0.0	0.0
5.439500	18.455166266	36.300000	0.0	0.0
5.449200	18.485540887	36.066667	0.0	0.0
5.459000	18.495220866	35.866667	0.0	0.0
5.468800	18.526103333	35.600000	0.0	0.0
5.478500	18.542003781	35.333333	0.0	0.0
5.488300	18.565601255	35.100000	0.0	0.0
5.498000	18.588434025	34.900000	0.0	0.0
5.507800	18.611854844	34.666667	0.0	0.0
5.517600	18.642340067	34.400000	0.0	0.0
5.527300	18.650597115	34.066667	0.0	0.0
5.537100	18.666579053	33.800000	0.0	0.0
5.546900	18.711158296	33.566667	0.0	0.0
5.556600	18.726283869	33.333333	0.0	0.0
5.566400	18.756371360	33.100000	0.0	0.0
5.576200	18.750377575	32.900000	0.0	0.0
5.585900	18.765190597	32.666667	0.0	0.0
5.595700	18.787781998	32.366667	0.0	0.0
5.605500	18.810285206	32.166667	0.0	0.0
5.615200	18.817580914	31.900000	0.0	0.0
5.625000	18.839891047	31.700000	0.0	0.0
5.634800	18.854875910	31.466667	0.0	0.0
5.644500	18.898077315	31.233333	0.0	0.0
5.654300	18.905624491	30.933333	0.0	0.0
5.664100	18.927582935	30.700000	0.0	0.0
5.673800	18.934247334	30.466667	0.0	0.0
5.683600	18.948740337	30.266667	0.0	0.0
5.693400	18.970410443	30.033333	0.0	0.0
5.703100	18.969474793	29.800000	0.0	0.0
5.712900	18.990945069	29.566667	0.0	0.0
5.722700	19.005032902	29.300000	0.0	0.0
5.732400	19.040264391	29.100000	0.0	0.0
5.742200	19.046855909	28.833333	0.0	0.0
5.752000	19.067968307	28.633333	0.0	0.0
5.761700	19.066367077	28.366667	0.0	0.0
5.771500	19.087280978	28.133333	0.0	0.0
5.781300	19.093447245	27.866667	0.0	0.0
5.791000	19.120847153	27.666667	0.0	0.0
5.800800	19.148839142	27.400000	0.0	0.0
5.810500	19.168744897	27.166667	0.0	0.0
5.820300	19.174501154	26.933333	0.0	0.0
5.830100	19.180150385	26.733333	0.0	0.0
5.839800	19.192399753	26.500000	0.0	0.0
5.849600	19.205207602	26.266667	0.0	0.0
5.859400	19.203171482	26.033333	0.0	0.0
5.869100	19.222491838	25.833333	0.0	0.0
5.878900	19.242381135	25.533333	0.0	0.0
5.888700	19.276973905	25.300000	0.0	0.0
5.898400	19.273848538	25.066667	0.0	0.0
5.908200	19.293471444	24.866667	0.0	0.0
5.918000	19.320421119	24.666667	0.0	0.0
5.927700	19.331806164	24.466667	0.0	0.0
5.937500	19.343745898	24.200000	0.0	0.0
5.947300	19.348160991	24.000000	0.0	0.0
5.957000	19.344397164	23.733333	0.0	0.0
5.966800	19.348603670	23.533333	0.0	0.0
5.976600	19.367566135	23.300000	0.0	0.0
5.986300	19.385795256	23.033333	0.0	0.0
5.996100	19.382259375	22.966667	0.0	0.0
6.005900	19.393499959	22.733333	0.0	0.0
6.015600	19.396553471	22.533333	0.0	0.0
6.025400	19.415046404	22.133333	0.0	0.0
6.035200	19.418544149	21.933333	0.0	0.0
6.044900	19.428752157	21.766667	0.0	0.0
6.054700	19.424592898	21.533333	0.0	0.0
6.064500	19.442704135	21.300000	0.0	0.0
6.074200	19.475031775	21.000000	0.0	0.0
6.084000	19.492987790	20.766667	0.0	0.0
6.093800	19.495889722	20.566667	0.0	0.0
6.103500	19.490571090	20.366667	0.0	0.0
6.113300	19.508239730	20.200000	0.0	0.0
6.123000	19.510205877	19.933333	0.0	0.0
6.132800	19.527692926	19.700000	0.0	0.0
6.142600	19.537596563	19.466667	0.0	0.0
6.152300	19.539270367	19.233333	0.0	0.0
6.162100	19.548982166	19.033333	0.0	0.0
6.171900	19.558599853	18.833333	0.0	0.0
6.181600	19.575001251	18.600000	0.0	0.0
6.191400	19.569409703	18.333333	0.0	0.0
6.201200	19.578743198	18.133333	0.0	0.0
6.210900	19.594870924	17.933333	0.0	0.0
6.220700	19.588981153	17.733333	0.0	0.0
6.230500	19.590512642	17.533333	0.0	0.0
6.240200	19.598839286	17.233333	0.0	0.0
6.250000	19.615228337	17.033333	0.0	0.0
6.259800	19.624002124	16.800000	0.0	0.0
6.269500	19.632057321	16.600000	0.0	0.0
6.279300	19.633111431	16.400000	0.0	0.0
6.289100	19.641606249	16.200000	0.0	0.0
6.298800	19.656927580	16.000000	0.0	0.0
6.308600	19.665242968	15.800000	0.0	0.0
6.318400	19.688572663	15.566667	0.0	0.0
6.328100	19.696089104	15.366667	0.0	0.0
6.337900	19.689019925	15.100000	0.0	0.0
6.347700	19.666758578	14.900000	0.0	0.0
6.357400	19.666439563	14.700000	0.0	0.0
6.367200	19.666646733	14.500000	0.0	0.0
6.377000	19.674309571	14.300000	0.0	0.0
6.386700	19.681266106	14.066667	0.0	0.0
6.396500	19.681195489	13.866667	0.0	0.0
6.406300	19.681032477	13.633333	0.0	0.0
6.416000	19.687717871	13.466667	0.0	0.0
6.425800	19.694928497	13.233333	0.0	0.0
6.435500	19.708999990	13.000000	0.0	0.0
6.445300	19.716036187	12.766667	0.0	0.0
6.455100	19.722983701	12.566667	0.0	0.0
6.464800	19.721662431	12.400000	0.0	0.0
6.474600	19.728431240	12.200000	0.0	0.0
6.484400	19.727539769	11.966667	0.0	0.0
6.494100	19.718382055	11.766667	0.0	0.0
6.503900	19.709746734	11.533333	0.0	0.0
6.513700	19.701025735	11.300000	0.0	0.0
6.523400	19.752164109	11.033333	0.0	0.0
6.533200	19.750824960	10.866667	0.0	0.0
6.543000	19.772147453	10.700000	0.0	0.0
6.552700	19.732127084	10.500000	0.0	0.0
6.562500	19.730524613	10.300000	0.0	0.0
6.572300	19.721264513	10.066667	0.0	0.0
6.582000	19.718888104	9.933333	0.0	0.0
6.591800	19.739737699	9.733333	0.0	0.0
6.601600	19.760521988	9.466667	0.0	0.0
6.611300	19.757882380	9.200000	0.0	0.0
6.621100	19.748174724	9.000000	0.0	0.0
6.630900	19.738385354	8.866667	0.0	0.0
6.640600	19.743068037	8.666667	0.0	0.0
6.650400	19.755841582	8.466667	0.0	0.0
6.660200	19.753370446	8.200000	0.0	0.0
6.669900	19.765386543	8.033333	0.0	0.0
6.679700	19.762744180	7.866667	0.0	0.0
6.689500	19.775189298	7.700000	0.0	0.0
6.699200	19.764199109	7.533333	0.0	0.0
6.709000	19.776476479	7.266667	0.0	0.0
6.718800	19.773494484	7.000000	0.0	0.0
6.728500	19.777429580	6.800000	0.0	0.0
6.738300	19.781870378	6.633333	0.0	0.0
6.748000	19.785642051	6.466667	0.0	0.0
6.757800	19.782325143	6.233333	0.0	0.0
6.767600	19.786517500	6.033333	0.0	0.0
6.777300	19.805238983	5.900000	0.0	0.0
6.787100	19.801670495	5.700000	0.0	0.0
6.796900	19.798020096	5.533333	0.0	0.0
6.806600	19.763345309	5.233333	0.0	0.0
6.816400	19.767123193	5.066667	0.0	0.0
6.826200	19.763234189	4.900000	0.0	0.0
6.835900	19.758686409	4.666667	0.0	0.0
6.845700	19.769805326	4.466667	0.0	0.0
6.855500	19.765672886	4.266667	0.0	0.0
6.865200	19.753302793	4.100000	0.0	0.0
6.875000	19.718720824	3.900000	0.0	0.0
6.884800	19.714358848	3.666667	0.0	0.0
6.894500	19.709346221	3.466667	0.0	0.0
6.904300	19.735098914	3.233333	0.0	0.0
6.914100	19.722924539	3.066667	0.0	0.0
6.923800	19.710109128	3.000000	0.0	0.0
6.933600	19.720483886	2.833333	0.0	0.0
6.943400	19.730785271	2.633333	0.0	0.0
6.953100	19.740445565	2.366667	0.0	0.0
6.962900	19.727875383	2.133333	0.0	0.0
6.972700	19.730372907	2.000000	0.0	0.0
6.982400	19.724656515	1.800000	0.0	0.0
6.992200	19.734570736	1.666667	0.0	0.0
7.002000	19.706562703	1.433333	0.0	0.0
7.011700	19.700624162	1.200000	0.0	0.0
7.021500	19.695173019	1.033333	0.0	0.0
7.031300	19.704764836	0.800000	0.0	0.0
7.041000	19.713724757	0.666667	0.0	0.0
7.050800	19.715605748	0.433333	0.0	0.0
7.060500	19.701724784	0.300000	0.0	0.0
7.070300	19.703453357	0.066667	0.0	0.0
7.080100	19.712669932	-0.133333	0.0	0.0
7.089800	19.713692055	-0.300000	0.0	0.0
7.099600	19.707631275	-0.500000	0.0	0.0
7.109400	19.693938002	-0.666667	0.0	0.0
7.119100	19.694737050	-0.800000	0.0	0.0
7.128900	19.688458390	-0.966667	0.0	0.0
7.138700	19.689662080	-1.166667	0.0	0.0
7.148400	19.675133703	-1.366667	0.0	0.0
7.158200	19.683741675	-1.566667	0.0	0.0
7.168000	19.669621064	-1.800000	0.0	0.0
7.177700	19.669980910	-2.000000	0.0	0.0
7.187500	19.648182441	-2.133333	0.0	0.0
7.197300	19.656485828	-2.366667	0.0	0.0
7.207000	19.656629148	-2.566667	0.0	0.0
7.216800	19.642164308	-2.766667	0.0	0.0
7.226600	19.627637725	-3.000000	0.0	0.0
7.236300	19.627566620	-3.066667	0.0	0.0
7.246100	19.635500685	-3.333333	0.0	0.0
7.255900	19.628295040	-3.466667	0.0	0.0
7.265600	19.620480358	-3.666667	0.0	0.0
7.275400	19.613138033	-3.833333	0.0	0.0
7.285200	19.598204776	-3.966667	0.0	0.0
7.294900	19.575161438	-4.166667	0.0	0.0
7.304700	19.582648810	-4.333333	0.0	0.0
7.314500	19.590068526	-4.466667	0.0	0.0
7.324200	19.574336799	-4.700000	0.0	0.0
7.334000	19.559082472	-4.900000	0.0	0.0
7.343800	19.551271878	-5.100000	0.0	0.0
7.353500	19.557868729	-5.266667	0.0	0.0
7.363300	19.549920256	-5.433333	0.0	0.0
7.373000	19.541375699	-5.600000	0.0	0.0
7.382800	19.548294527	-5.666667	0.0	0.0
7.392600	19.547643767	-5.866667	0.0	0.0
7.402300	19.531399549	-6.033333	0.0	0.0
7.412100	19.523119230	-6.300000	0.0	0.0
7.421900	19.529758085	-6.366667	0.0	0.0
7.431600	19.535805321	-6.533333	0.0	0.0
7.441400	19.512337528	-6.700000	0.0	0.0
7.451200	19.496310874	-7.066667	0.0	0.0
7.460900	19.494664772	-7.266667	0.0	0.0
7.470700	19.500957106	-7.466667	0.0	0.0
7.480500	19.492217761	-7.633333	0.0	0.0
7.490200	19.482895228	-7.766667	0.0	0.0
7.500000	19.481506009	-7.900000	0.0	0.0
7.509800	19.465104615	-8.000000	0.0	0.0
7.519500	19.448133514	-8.200000	0.0	0.0
7.529300	19.439087292	-8.400000	0.0	0.0
7.539100	19.437437406	-8.533333	0.0	0.0
7.548800	19.420295703	-8.666667	0.0	0.0
7.558600	19.396173472	-8.900000	0.0	0.0
7.568400	19.401776054	-9.100000	0.0	0.0
7.578100	19.399356784	-9.233333	0.0	0.0
7.587900	19.375066308	-9.366667	0.0	0.0
7.597700	19.373032885	-9.533333	0.0	0.0
7.607400	19.362993713	-9.733333	0.0	0.0
7.617200	19.360833531	-9.933333	0.0	0.0
7.627000	19.358609503	-10.100000	0.0	0.0
7.636700	19.340964461	-10.200000	0.0	0.0
7.646500	19.323778575	-10.400000	0.0	0.0
7.656300	19.313955117	-10.533333	0.0	0.0
7.666000	19.318391504	-10.766667	0.0	0.0
7.675800	19.315856362	-10.933333	0.0	0.0
7.685500	19.312756009	-11.133333	0.0	0.0
7.695300	19.295281140	-11.233333	0.0	0.0
7.705100	19.285159085	-11.433333	0.0	0.0
7.714800	19.274480300	-11.600000	0.0	0.0
7.724600	19.264245294	-11.766667	0.0	0.0
7.734400	19.246566184	-11.900000	0.0	0.0
7.744100	19.250495157	-12.066667	0.0	0.0
7.753900	19.240088179	-12.233333	0.0	0.0
7.763700	19.222247167	-12.466667	0.0	0.0
7.773400	19.218612576	-12.600000	0.0	0.0
7.783200	19.200669879	-12.766667	0.0	0.0
7.793000	19.197412015	-12.900000	0.0	0.0
7.802700	19.200969250	-13.100000	0.0	0.0
7.812500	19.197590667	-13.200000	0.0	0.0
7.822300	19.179425870	-13.433333	0.0	0.0
7.832000	19.153377023	-13.566667	0.0	0.0
7.841800	19.142479474	-13.766667	0.0	0.0
7.851600	19.124187779	-13.866667	0.0	0.0
7.861300	19.112701332	-14.033333	0.0	0.0
7.871100	19.101648980	-14.266667	0.0	0.0
7.880900	19.105201990	-14.466667	0.0	0.0
7.890600	19.108212233	-14.566667	0.0	0.0
7.900400	19.089658562	-14.733333	0.0	0.0
7.910200	19.093033234	-14.866667	0.0	0.0
7.919900	19.081216657	-15.066667	0.0	0.0
7.929700	19.077150875	-15.233333	0.0	0.0
7.939500	19.051081697	-15.466667	0.0	0.0
7.949200	19.039118974	-15.566667	0.0	0.0
7.959000	19.042195053	-15.766667	0.0	0.0
7.968800	19.037906410	-15.933333	0.0	0.0
7.978500	19.025781234	-16.133333	0.0	0.0
7.988300	19.006788094	-16.233333	0.0	0.0
7.998000	19.009154460	-16.366667	0.0	0.0
8.007800	18.990064317	-16.466667	0.0	0.0
8.017600	18.970936519	-16.600000	0.0	0.0
8.027300	18.951299184	-16.733333	0.0	0.0
8.037100	18.939364859	-16.900000	0.0	0.0
8.046900	18.941914646	-17.100000	0.0	0.0
8.056600	18.951209706	-17.300000	0.0	0.0
8.066400	18.939107466	-17.500000	0.0	0.0
8.076200	18.919694987	-17.600000	0.0	0.0
8.085900	18.885278717	-17.733333	0.0	0.0
8.095700	18.873052407	-17.866667	0.0	0.0
8.105500	18.868018218	-18.000000	0.0	0.0
8.115200	18.862465353	-18.166667	0.0	0.0
8.125000	18.842856439	-18.366667	0.0	0.0
8.134800	18.815990852	-18.533333	0.0	0.0
8.144500	18.824734307	-18.633333	0.0	0.0
8.154300	18.819440333	-18.766667	0.0	0.0
8.164100	18.806874708	-18.966667	0.0	0.0
8.173800	18.779384211	-19.100000	0.0	0.0
8.183600	18.788356293	-19.266667	0.0	0.0
8.193400	18.790066412	-19.433333	0.0	0.0
8.203100	18.784054734	-19.600000	0.0	0.0
8.212900	18.742451821	-19.800000	0.0	0.0
8.222700	18.736805901	-19.900000	0.0	0.0
8.232400	18.716282625	-20.000000	0.0	0.0
8.242200	18.710538945	-20.200000	0.0	0.0
8.252000	18.719106074	-20.333333	0.0	0.0
8.261700	18.719985508	-20.433333	0.0	0.0
8.271500	18.692549878	-20.600000	0.0	0.0
8.281300	18.665102055	-20.766667	0.0	0.0
8.291000	18.637192756	-20.966667	0.0	0.0
8.300800	18.638311544	-21.133333	0.0	0.0
8.310500	18.624629454	-21.266667	0.0	0.0
8.320300	18.618497809	-21.366667	0.0	0.0
8.330100	18.598036540	-21.566667	0.0	0.0
8.339800	18.598500821	-21.700000	0.0	0.0
8.349600	18.570831133	-21.866667	0.0	0.0
8.359400	18.564512407	-22.000000	0.0	0.0
8.369100	18.550580920	-22.166667	0.0	0.0
8.378900	18.551285729	-22.300000	0.0	0.0
8.388700	18.544821603	-22.466667	0.0	0.0
8.398400	18.530754858	-22.566667	0.0	0.0
8.408200	18.509985000	-22.733333	0.0	0.0
8.418000	18.503384611	-22.900000	0.0	0.0
8.427700	18.482106509	-23.000000	0.0	0.0
8.437500	18.475416528	-23.166667	0.0	0.0
8.447300	18.461592881	-23.233333	0.0	0.0
8.457000	18.447293655	-23.400000	0.0	0.0
8.466800	18.440467864	-23.566667	0.0	0.0
8.476600	18.433595206	-23.766667	0.0	0.0
8.486300	18.419171615	-23.900000	0.0	0.0
8.496100	18.412209067	-24.066667	0.0	0.0
8.505900	18.391079082	-24.200000	0.0	0.0
8.515600	18.376544049	-24.366667	0.0	0.0
8.525400	18.369451805	-24.500000	0.0	0.0
8.535200	18.355268325	-24.600000	0.0	0.0
8.544900	18.347657981	-24.766667	0.0	0.0
8.554700	18.319329250	-24.966667	0.0	0.0
8.564500	18.368373178	-25.066667	0.0	0.0
8.574200	18.346527905	-25.233333	0.0	0.0
8.584000	18.353240315	-25.300000	0.0	0.0
8.593800	18.268539054	-25.466667	0.0	0.0
8.603500	18.267691108	-25.633333	0.0	0.0
8.613300	18.246202108	-25.800000	0.0	0.0
8.623000	18.245262057	-25.900000	0.0	0.0
8.632800	18.223705664	-26.000000	0.0	0.0
8.642600	18.202127826	-26.166667	0.0	0.0
8.652300	18.180108545	-26.266667	0.0	0.0
8.662100	18.172432023	-26.433333	0.0	0.0
8.671900	18.171684545	-26.600000	0.0	0.0
8.681600	18.170472086	-26.800000	0.0	0.0
8.691400	18.162660931	-26.833333	0.0	0.0
8.701200	18.140877988	-27.033333	0.0	0.0
8.710900	18.125613826	-27.133333	0.0	0.0
8.720700	18.110732942	-27.333333	0.0	0.0
8.730500	18.095818571	-27.500000	0.0	0.0
8.740200	18.087397147	-27.600000	0.0	0.0
8.750000	18.086287886	-27.666667	0.0	0.0
8.759800	18.085133320	-27.833333	0.0	0.0
8.769500	18.055783204	-27.966667	0.0	0.0
8.779300	18.040688703	-28.100000	0.0	0.0
8.789100	18.025561899	-28.333333	0.0	0.0
8.798800	18.023822106	-28.466667	0.0	0.0
8.808600	18.008620441	-28.633333	0.0	0.0
8.818400	17.986483162	-28.700000	0.0	0.0
8.828100	17.977714861	-28.833333	0.0	0.0
8.837900	17.983111340	-28.966667	0.0	0.0
8.847700	17.974663843	-29.133333	0.0	0.0
8.857400	17.951986612	-29.233333	0.0	0.0
8.867200	17.915943116	-29.366667	0.0	0.0
8.877000	17.893656928	-29.500000	0.0	0.0
8.886700	17.905276780	-29.633333	0.0	0.0
8.896500	17.889781359	-29.766667	0.0	0.0
8.906300	17.887980234	-29.900000	0.0	0.0
8.916000	17.858300216	-30.033333	0.0	0.0
8.925800	17.849564978	-30.166667	0.0	0.0
8.935500	17.826703928	-30.300000	0.0	0.0
8.945300	17.817898760	-30.433333	0.0	0.0
8.955100	17.809055191	-30.566667	0.0	0.0
8.964800	17.779295312	-30.733333	0.0	0.0
8.974600	17.770386302	-30.833333	0.0	0.0
8.984400	17.775077039	-30.966667	0.0	0.0
8.994100	17.765690443	-31.100000	0.0	0.0
9.003900	17.756661917	-31.300000	0.0	0.0
9.013700	17.727175013	-31.400000	0.0	0.0
9.023400	17.710891375	-31.533333	0.0	0.0
9.033200	17.694973574	-31.633333	0.0	0.0
9.043000	17.699393917	-31.800000	0.0	0.0
9.052700	17.683012617	-31.933333	0.0	0.0
9.062500	17.673777063	-32.033333	0.0	0.0
9.072300	17.644179708	-32.100000	0.0	0.0
9.082000	17.614202916	-32.300000	0.0	0.0
9.091800	17.598125637	-32.333333	0.0	0.0
9.101600	17.595522057	-32.466667	0.0	0.0
9.111300	17.592491898	-32.600000	0.0	0.0
9.121100	17.569568721	-32.800000	0.0	0.0
9.130900	17.553369963	-32.933333	0.0	0.0
9.140600	17.536762023	-33.066667	0.0	0.0
9.150400	17.527238315	-33.166667	0.0	0.0
9.160200	17.524403541	-33.266667	0.0	0.0
9.169900	17.521146969	-33.433333	0.0	0.0
9.179700	17.504792888	-33.633333	0.0	0.0
9.189500	17.495126923	-33.733333	0.0	0.0
9.199200	17.478337531	-33.900000	0.0	0.0
9.209000	17.461904657	-34.000000	0.0	0.0
9.218800	17.445447719	-34.066667	0.0	0.0
9.228500	17.428589184	-34.233333	0.0	0.0
9.238300	17.418768838	-34.333333	0.0	0.0
9.248000	17.401858869	-34.466667	0.0	0.0
9.257800	17.391975780	-34.633333	0.0	0.0
9.267600	17.375390017	-34.733333	0.0	0.0
9.277300	17.365069849	-34.866667	0.0	0.0
9.287100	17.341776195	-34.933333	0.0	0.0
9.296900	17.325122705	-35.100000	0.0	0.0
9.306600	17.294795447	-35.266667	0.0	0.0
9.316400	17.291377280	-35.366667	0.0	0.0
9.326200	17.287921531	-35.566667	0.0	0.0
9.335900	17.270797113	-35.600000	0.0	0.0
9.345700	17.267269679	-35.766667	0.0	0.0
9.355500	17.263704999	-35.866667	0.0	0.0
9.365200	17.253112185	-35.966667	0.0	0.0
9.375000	17.236240800	-36.100000	0.0	0.0
9.384800	17.239184205	-36.233333	0.0	0.0
9.394500	17.215276728	-36.366667	0.0	0.0
9.404300	17.191731363	-36.466667	0.0	0.0
9.414100	17.155008903	-36.600000	0.0	0.0
9.423800	17.144261716	-36.766667	0.0	0.0
9.433600	17.133848205	-36.866667	0.0	0.0
9.443400	17.110266405	-36.966667	0.0	0.0
9.453100	17.106001439	-37.100000	0.0	0.0
9.462900	17.088941694	-37.200000	0.0	0.0
9.472700	17.091528369	-37.300000	0.0	0.0
9.482400	17.067498609	-37.466667	0.0	0.0
9.492200	17.050368139	-37.600000	0.0	0.0
9.502000	17.020150089	-37.733333	0.0	0.0
9.511700	17.009163466	-37.866667	0.0	0.0
9.521500	16.998505633	-37.966667	0.0	0.0
9.531300	16.987818485	-38.066667	0.0	0.0
9.541000	16.970232473	-38.166667	0.0	0.0
9.550800	16.966001517	-38.266667	0.0	0.0
9.560500	16.941864800	-38.400000	0.0	0.0
9.570300	16.937570021	-38.566667	0.0	0.0
9.580100	16.926743694	-38.666667	0.0	0.0
9.589800	16.915536101	-38.766667	0.0	0.0
9.599600	16.904653531	-38.900000	0.0	0.0
9.609400	16.887260780	-39.033333	0.0	0.0
9.619100	16.875975233	-39.133333	0.0	0.0
9.628900	16.852073818	-39.266667	0.0	0.0
9.638700	16.834630679	-39.366667	0.0	0.0
9.648400	16.816822231	-39.500000	0.0	0.0
9.658200	16.805794764	-39.633333	0.0	0.0
9.668000	16.781854451	-39.766667	0.0	0.0
9.677700	16.776871462	-39.866667	0.0	0.0
9.687500	16.772202518	-39.933333	0.0	0.0
9.697300	16.754635959	-40.100000	0.0	0.0
9.707000	16.730287056	-40.200000	0.0	0.0
9.716800	16.725528932	-40.300000	0.0	0.0
9.726600	16.707909428	-40.466667	0.0	0.0
9.736300	16.702746672	-40.600000	0.0	0.0
9.746100	16.678681920	-40.733333	0.0	0.0
9.755900	16.673803541	-40.833333	0.0	0.0
9.765600	16.636598275	-40.933333	0.0	0.0
9.775400	16.625284071	-41.033333	0.0	0.0
9.785200	16.613944166	-41.133333	0.0	0.0
9.794900	16.614987273	-41.266667	0.0	0.0
9.804700	16.603588181	-41.366667	0.0	0.0
9.814500	16.579433688	-41.500000	0.0	0.0
9.824200	16.554944295	-41.600000	0.0	0.0
9.834000	16.549837781	-41.733333	0.0	0.0
9.843800	16.551050463	-41.800000	0.0	0.0
9.853500	16.532849354	-41.933333	0.0	0.0
9.863300	16.508634490	-42.066667	0.0	0.0
9.873000	16.496745483	-42.200000	0.0	0.0
9.882800	16.478841623	-42.300000	0.0	0.0
9.892600	16.467243147	-42.400000	0.0	0.0
9.902300	16.442663126	-42.533333	0.0	0.0
9.912100	16.437332856	-42.633333	0.0	0.0
9.921900	16.419365022	-42.733333	0.0	0.0
9.931600	16.401054546	-42.833333	0.0	0.0
9.941400	16.389351264	-42.966667	0.0	0.0
9.951200	16.383910855	-43.133333	0.0	0.0
9.960900	16.365545790	-43.233333	0.0	0.0
9.970700	16.347498217	-43.366667	0.0	0.0
9.980500	16.323173544	-43.466667	0.0	0.0
9.990200	16.311041729	-43.600000	0.0	0.0
10.000000	16.317990151	-43.700000	0.0	0.0
10.009800	16.306126244	-43.833333	0.0	0.0
10.019500	16.300168701	-43.933333	0.0	0.0
10.029300	16.282006029	-44.033333	0.0	0.0
10.039100	16.270075212	-44.133333	0.0	0.0
10.048800	16.257798573	-44.266667	0.0	0.0
10.058600	16.227131012	-44.300000	0.0	0.0
10.068400	16.233827317	-44.433333	0.0	0.0
10.078100	16.215262862	-44.533333	0.0	0.0
10.087900	16.203227770	-44.666667	0.0	0.0
10.097700	16.172541002	-44.800000	0.0	0.0
10.107400	16.153956403	-44.866667	0.0	0.0
10.117200	16.154270001	-45.033333	0.0	0.0
10.127000	16.135965375	-45.100000	0.0	0.0
10.136700	16.129708561	-45.233333	0.0	0.0
10.146500	16.111371781	-45.333333	0.0	0.0
10.156300	16.099202933	-45.433333	0.0	0.0
10.166000	16.080524525	-45.533333	0.0	0.0
10.175800	16.074487124	-45.666667	0.0	0.0
10.185500	16.055778675	-45.800000	0.0	0.0
10.195300	16.037377514	-45.900000	0.0	0.0
10.205100	16.018967839	-46.000000	0.0	0.0
10.214800	16.012521859	-46.066667	0.0	0.0
10.224600	15.994082076	-46.166667	0.0	0.0
10.234400	15.975634175	-46.300000	0.0	0.0
10.244100	15.962991604	-46.400000	0.0	0.0
10.253900	15.938403675	-46.500000	0.0	0.0
10.263700	15.913824548	-46.600000	0.0	0.0
10.273400	15.907248387	-46.733333	0.0	0.0
10.283200	15.900955852	-46.866667	0.0	0.0
10.293000	15.900737898	-46.966667	0.0	0.0
10.302700	15.875793499	-47.066667	0.0	0.0
10.312500	15.857251823	-47.166667	0.0	0.0
10.322300	15.838703195	-47.366667	0.0	0.0
10.332000	15.831988352	-47.533333	0.0	0.0
10.341800	15.819482391	-47.633333	0.0	0.0
10.351600	15.806957920	-47.633333	0.0	0.0
10.361300	15.800172562	-47.733333	0.0	0.0
10.371100	15.787607121	-47.833333	0.0	0.0
10.380900	15.775023502	-47.900000	0.0	0.0
10.390600	15.743982057	-48.000000	0.0	0.0
10.400400	15.731377468	-48.133333	0.0	0.0
10.410200	15.712723919	-48.233333	0.0	0.0
10.419900	15.711841962	-48.300000	0.0	0.0
10.429700	15.687134968	-48.366667	0.0	0.0
10.439500	15.692521436	-48.533333	0.0	0.0
10.449200	15.679519522	-48.633333	0.0	0.0
10.459000	15.666800962	-48.766667	0.0	0.0
10.468800	15.660073855	-48.866667	0.0	0.0
10.478500	15.641013905	-48.966667	0.0	0.0
10.488300	15.616254168	-49.066667	0.0	0.0
10.498000	15.591209367	-49.133333	0.0	0.0
10.507800	15.578426733	-49.266667	0.0	0.0
10.517600	15.577579147	-49.400000	0.0	0.0
10.527300	15.570432114	-49.500000	0.0	0.0
10.537100	15.569531218	-49.600000	0.0	0.0
10.546900	15.550689738	-49.700000	0.0	0.0
10.556600	15.519633654	-49.800000	0.0	0.0
10.566400	15.494851837	-49.933333	0.0	0.0
10.576200	15.499795793	-50.066667	0.0	0.0
10.585900	15.492526257	-50.100000	0.0	0.0
10.595700	15.485526423	-50.233333	0.0	0.0
10.605500	15.466627638	-50.333333	0.0	0.0
10.615200	15.441507457	-50.433333	0.0	0.0
10.625000	15.416692524	-50.566667	0.0	0.0
10.634800	15.409622056	-50.666667	0.0	0.0
10.644500	15.325589874	-50.366667	0.0	0.0
10.654300	15.318509468	-50.433333	0.0	0.0
10.664100	15.305531582	-50.500000	0.0	0.0
10.673800	15.356943576	-51.000000	0.0	0.0
10.683600	15.361557077	-51.066667	0.0	0.0
10.693400	15.342576294	-51.233333	0.0	0.0
10.703100	15.323306888	-51.333333	0.0	0.0
10.712900	15.292580266	-51.466667	0.0	0.0
10.722700	15.279470732	-51.533333	0.0	0.0
10.732400	15.271922138	-51.633333	0.0	0.0
10.742200	15.270495678	-51.766667	0.0	0.0
10.752000	15.257329008	-51.866667	0.0	0.0
10.761700	15.243865062	-51.966667	0.0	0.0
10.771500	15.224827180	-52.066667	0.0	0.0
10.781300	15.211624458	-52.166667	0.0	0.0
10.791000	15.198126386	-52.266667	0.0	0.0
10.800800	15.184896933	-52.300000	0.0	0.0
10.810500	15.177196683	-52.366667	0.0	0.0
10.820300	15.158117553	-52.466667	0.0	0.0
10.830100	15.144848505	-52.600000	0.0	0.0
10.839800	15.131287112	-52.700000	0.0	0.0
10.849600	15.117992332	-52.833333	0.0	0.0
10.859400	15.104684587	-52.933333	0.0	0.0
10.869100	15.091086285	-53.066667	0.0	0.0
10.878900	15.083540812	-53.166667	0.0	0.0
10.888700	15.058627774	-53.266667	0.0	0.0
10.898400	15.039226053	-53.366667	0.0	0.0
10.908200	15.025866206	-53.400000	0.0	0.0
10.918000	15.006733840	-53.466667	0.0	0.0
10.927700	14.998834998	-53.533333	0.0	0.0
10.937500	14.968196139	-53.633333	0.0	0.0
10.947300	14.972030598	-53.800000	0.0	0.0
10.957000	14.964078919	-53.900000	0.0	0.0
10.966800	14.956380778	-53.966667	0.0	0.0
10.976600	14.948662722	-54.066667	0.0	0.0
10.986300	14.929189867	-54.166667	0.0	0.0
10.996100	14.915713336	-54.266667	0.0	0.0
11.005900	14.890791806	-54.366667	0.0	0.0
11.015600	14.882742970	-54.466667	0.0	0.0
11.025400	14.857829688	-54.566667	0.0	0.0
11.035200	14.850021552	-54.600000	0.0	0.0
11.044900	14.830538124	-54.700000	0.0	0.0
11.054700	14.822697850	-54.800000	0.0	0.0
11.064500	14.803471989	-54.933333	0.0	0.0
11.074200	14.801011357	-55.000000	0.0	0.0
11.084000	14.787441319	-55.100000	0.0	0.0
11.093800	14.779531390	-55.166667	0.0	0.0
11.103500	14.760003500	-55.366667	0.0	0.0
11.113300	14.752062475	-55.466667	0.0	0.0
11.123000	14.743837686	-55.500000	0.0	0.0
11.132800	14.735859796	-55.566667	0.0	0.0
11.142600	14.710917076	-55.633333	0.0	0.0
11.152300	14.702647796	-55.766667	0.0	0.0
11.162100	14.677716149	-55.900000	0.0	0.0
11.171900	14.647182046	-56.000000	0.0	0.0
11.181600	14.633265005	-56.100000	0.0	0.0
11.191400	14.619600448	-56.133333	0.0	0.0
11.201200	14.622751629	-56.266667	0.0	0.0
11.210900	14.569599849	-56.466667	0.0	0.0
11.220700	14.555928117	-56.600000	0.0	0.0
11.230500	14.553412900	-56.633333	0.0	0.0
11.240200	14.572970228	-56.666667	0.0	0.0
11.250000	14.553642801	-56.733333	0.0	0.0
11.259800	14.534318949	-56.833333	0.0	0.0
11.269500	14.525885922	-56.900000	0.0	0.0
11.279300	14.512123395	-57.033333	0.0	0.0
11.289100	14.492789138	-57.033333	0.0	0.0
11.298800	14.478757996	-57.133333	0.0	0.0
11.308600	14.476081479	-57.233333	0.0	0.0
11.318400	14.456730208	-57.466667	0.0	0.0
11.328100	14.459307095	-57.600000	0.0	0.0
11.337900	14.451022517	-57.700000	0.0	0.0
11.347700	14.453810559	-57.700000	0.0	0.0
11.357400	14.428610503	-57.733333	0.0	0.0
11.367200	14.403686795	-57.800000	0.0	0.0
11.377000	14.373267761	-57.900000	0.0	0.0
11.386700	14.364673437	-58.066667	0.0	0.0
11.396500	14.361825854	-58.166667	0.0	0.0
11.406300	14.358957601	-58.266667	0.0	0.0
11.416000	14.339298985	-58.300000	0.0	0.0
11.425800	14.319897266	-58.433333	0.0	0.0
11.435500	14.305739630	-58.466667	0.0	0.0
11.445300	14.291825166	-58.566667	0.0	0.0
11.455100	14.288866203	-58.666667	0.0	0.0
11.464800	14.258252432	-58.733333	0.0	0.0
11.474600	14.249789326	-58.733333	0.0	0.0
11.484400	14.230384050	-58.866667	0.0	0.0
11.494100	14.221648564	-58.933333	0.0	0.0
11.503900	14.207691847	-59.100000	0.0	0.0
11.513700	14.193728226	-59.166667	0.0	0.0
11.523400	14.174071137	-59.300000	0.0	0.0
11.533200	14.160099768	-59.433333	0.0	0.0
11.543000	14.146121742	-59.533333	0.0	0.0
11.552700	14.148171802	-59.600000	0.0	0.0
11.562500	14.128741896	-59.733333	0.0	0.0
11.572300	14.125571709	-59.800000	0.0	0.0
11.582000	14.116719582	-59.900000	0.0	0.0
11.591800	14.102683482	-60.000000	0.0	0.0
11.601600	14.094048952	-60.100000	0.0	0.0
11.611300	14.058156015	-60.133333	0.0	0.0
11.621100	14.049508885	-60.100000	0.0	0.0
11.630900	14.046236513	-60.133333	0.0	0.0
11.640600	14.037315639	-60.233333	0.0	0.0
11.650400	14.017858539	-60.433333	0.0	0.0
11.660200	13.993037543	-60.566667	0.0	0.0
11.669900	13.978726328	-60.666667	0.0	0.0
11.679700	13.964649581	-60.733333	0.0	0.0
11.689500	13.961278932	-60.833333	0.0	0.0
11.699200	13.946942083	-60.866667	0.0	0.0
11.709000	13.932838786	-60.966667	0.0	0.0
11.718800	13.913389764	-61.066667	0.0	0.0
11.728500	13.899044467	-61.133333	0.0	0.0
11.738300	13.890261103	-61.233333	0.0	0.0
11.748000	13.886555760	-61.366667	0.0	0.0
11.757800	13.872417066	-61.400000	0.0	0.0
11.767600	13.868914214	-61.500000	0.0	0.0
11.777300	13.849203890	-61.600000	0.0	0.0
11.787100	13.835045850	-61.666667	0.0	0.0
11.796900	13.815580233	-61.733333	0.0	0.0
11.806600	13.806482065	-61.800000	0.0	0.0
11.816400	13.797604794	-61.966667	0.0	0.0
11.826200	13.783423664	-62.033333	0.0	0.0
11.835900	13.769005532	-62.133333	0.0	0.0
11.845700	13.760095856	-62.233333	0.0	0.0
11.855500	13.751173122	-62.266667	0.0	0.0
11.865200	13.742005758	-62.366667	0.0	0.0
11.875000	13.727788197	-62.433333	0.0	0.0
11.884800	13.708304900	-62.533333	0.0	0.0
11.894500	13.693854675	-62.633333	0.0	0.0
11.904300	13.684882073	-62.733333	0.0	0.0
11.914100	13.670649501	-62.833333	0.0	0.0
11.923800	13.650944444	-62.900000	0.0	0.0
11.933600	13.641944765	-62.966667	0.0	0.0
11.943400	13.632932631	-63.033333	0.0	0.0
11.953100	13.628909437	-63.133333	0.0	0.0
11.962900	13.609419826	-63.233333	0.0	0.0
11.972700	13.600374514	-63.333333	0.0	0.0
11.982400	13.580662605	-63.400000	0.0	0.0
11.992200	13.566392954	-63.466667	0.0	0.0
12.002000	13.552120197	-63.566667	0.0	0.0
12.011700	13.542815246	-63.633333	0.0	0.0
12.021500	13.533724190	-63.733333	0.0	0.0
12.031300	13.519431991	-63.800000	0.0	0.0
12.041000	13.499730941	-63.833333	0.0	0.0
12.050800	13.490615284	-63.933333	0.0	0.0
12.060500	13.476091756	-64.033333	0.0	0.0
12.070300	13.472125775	-64.133333	0.0	0.0
12.080100	13.483657906	-64.266667	0.0	0.0
12.089800	13.474259264	-64.366667	0.0	0.0
12.099600	13.454741548	-64.466667	0.0	0.0
12.109400	13.419775491	-64.500000	0.0	0.0
12.119100	13.405223877	-64.600000	0.0	0.0
12.128900	13.380617749	-64.633333	0.0	0.0
12.138700	13.371424911	-64.700000	0.0	0.0
12.148400	13.356874116	-64.800000	0.0	0.0
12.158200	13.352786334	-64.900000	0.0	0.0
12.168000	13.338440897	-64.933333	0.0	0.0
12.177700	13.328988968	-65.033333	0.0	0.0
12.187500	13.314634754	-65.100000	0.0	0.0
12.197300	13.325824153	-65.166667	0.0	0.0
12.207000	13.301008035	-65.266667	0.0	0.0
12.216800	13.296834448	-65.400000	0.0	0.0
12.226600	13.272255753	-65.500000	0.0	0.0
12.236300	13.267840203	-65.533333	0.0	0.0
12.246100	13.263626070	-65.566667	0.0	0.0
12.255900	13.244139632	-65.666667	0.0	0.0
12.265600	13.224449276	-65.766667	0.0	0.0
12.275400	13.210055395	-65.833333	0.0	0.0
12.285200	13.200725354	-65.933333	0.0	0.0
12.294900	13.186109206	-65.933333	0.0	0.0
12.304700	13.176762736	-66.033333	0.0	0.0
12.314500	13.167406186	-66.066667	0.0	0.0
12.324200	13.157826084	-66.233333	0.0	0.0
12.334000	13.143404932	-66.300000	0.0	0.0
12.343800	13.118910008	-66.466667	0.0	0.0
12.353500	13.114348059	-66.566667	0.0	0.0
12.363300	13.094898868	-66.633333	0.0	0.0
12.373000	13.090312845	-66.700000	0.0	0.0
12.382800	13.080902753	-66.800000	0.0	0.0
12.392600	13.071483051	-66.866667	0.0	0.0
12.402300	13.051821670	-67.000000	0.0	0.0
12.412100	13.032383913	-66.966667	0.0	0.0
12.421900	13.022950529	-66.966667	0.0	0.0
12.431600	13.023290324	-67.100000	0.0	0.0
12.441400	13.008838029	-67.166667	0.0	0.0
12.451200	13.009354601	-67.233333	0.0	0.0
12.460900	12.984707020	-67.333333	0.0	0.0
12.470700	12.980208352	-67.400000	0.0	0.0
12.480500	12.955792067	-67.466667	0.0	0.0
12.490200	12.941127574	-67.500000	0.0	0.0
12.500000	12.931632658	-67.600000	0.0	0.0
12.509800	12.917170725	-67.733333	0.0	0.0
12.519500	12.912409847	-67.866667	0.0	0.0
12.529300	12.902888651	-67.933333	0.0	0.0
12.539100	12.888411641	-68.033333	0.0	0.0
12.548800	12.878671391	-68.133333	0.0	0.0
12.558600	12.864190306	-68.200000	0.0	0.0
12.568400	12.854642059	-68.266667	0.0	0.0
12.578100	12.844881036	-68.300000	0.0	0.0
12.587900	12.830391300	-68.366667	0.0	0.0
12.597700	12.815902374	-68.500000	0.0	0.0
12.607400	12.796299536	-68.533333	0.0	0.0
12.617200	12.781818350	-68.633333	0.0	0.0
12.627000	12.772238734	-68.666667	0.0	0.0
12.636700	12.762448931	-68.766667	0.0	0.0
12.646500	12.752853285	-68.866667	0.0	0.0
12.656300	12.753034109	-68.966667	0.0	0.0
12.666000	12.738324285	-69.033333	0.0	0.0
12.675800	12.728701143	-69.100000	0.0	0.0
12.685500	12.709111190	-69.166667	0.0	0.0
12.695300	12.689736460	-69.266667	0.0	0.0
12.705100	12.680104772	-69.366667	0.0	0.0
12.714800	12.670266017	-69.400000	0.0	0.0
12.724600	12.655761393	-69.400000	0.0	0.0
12.734400	12.646110570	-69.500000	0.0	0.0
12.744100	12.631405420	-69.633333	0.0	0.0
12.753900	12.626588148	-69.733333	0.0	0.0
12.763700	12.612073968	-69.800000	0.0	0.0
12.773400	12.592530885	-69.833333	0.0	0.0
12.783200	12.582854290	-69.933333	0.0	0.0
12.793000	12.563523789	-70.066667	0.0	0.0
12.802700	12.548827170	-70.100000	0.0	0.0
12.812500	12.534329009	-70.166667	0.0	0.0
12.822300	12.529445964	-70.200000	0.0	0.0
12.832000	12.529162305	-70.266667	0.0	0.0
12.841800	12.514643151	-70.400000	0.0	0.0
12.851600	12.500126261	-70.400000	0.0	0.0
12.861300	12.485417536	-70.500000	0.0	0.0
12.871100	12.480481160	-70.600000	0.0	0.0
12.880900	12.465960619	-70.633333	0.0	0.0
12.890600	12.460809729	-70.733333	0.0	0.0
12.900400	12.436734216	-70.866667	0.0	0.0
12.910200	12.431759709	-70.933333	0.0	0.0
12.919900	12.421812546	-71.000000	0.0	0.0
12.929700	12.412051341	-71.066667	0.0	0.0
12.939500	12.402283557	-71.166667	0.0	0.0
12.949200	12.382810036	-71.266667	0.0	0.0
12.959000	12.373037041	-71.333333	0.0	0.0
12.968800	12.363257618	-71.400000	0.0	0.0
12.978500	12.358023106	-71.400000	0.0	0.0
12.988300	12.348227510	-71.466667	0.0	0.0
12.998000	12.338235781	-71.566667	0.0	0.0
13.007800	12.323697657	-71.633333	0.0	0.0
13.017600	12.299718684	-71.700000	0.0	0.0
13.027300	12.285009469	-71.800000	0.0	0.0
13.037100	12.279914043	-71.833333	0.0	0.0
13.046900	12.270097132	-71.933333	0.0	0.0
13.056600	12.260086435	-72.000000	0.0	0.0
13.066400	12.250257889	-72.066667	0.0	0.0
13.076200	12.240423452	-72.100000	0.0	0.0
13.085900	12.230396245	-72.200000	0.0	0.0
13.095700	12.215861546	-72.233333	0.0	0.0
13.105500	12.215385846	-72.300000	0.0	0.0
13.115200	12.210023566	-72.400000	0.0	0.0
13.125000	12.195472301	-72.466667	0.0	0.0
13.134800	12.176251090	-72.566667	0.0	0.0
13.144500	12.156861665	-72.666667	0.0	0.0
13.154300	12.146994025	-72.700000	0.0	0.0
13.164100	12.132464022	-72.766667	0.0	0.0
13.173800	12.127058289	-72.800000	0.0	0.0
13.183600	12.112525438	-72.900000	0.0	0.0
13.193400	12.097996633	-72.966667	0.0	0.0
13.203100	12.083288884	-73.133333	0.0	0.0
13.212900	12.064137995	-73.166667	0.0	0.0
13.222700	12.054252637	-73.233333	0.0	0.0
13.232400	12.044180106	-73.300000	0.0	0.0
13.242200	12.029667373	-73.366667	0.0	0.0
13.252000	12.028999895	-73.466667	0.0	0.0
13.261700	12.023522817	-73.500000	0.0	0.0
13.271500	12.013605211	-73.600000	0.0	0.0
13.281300	11.999076995	-73.666667	0.0	0.0
13.291000	11.988973015	-73.766667	0.0	0.0
13.300800	11.983642917	-73.833333	0.0	0.0
13.310500	11.964339816	-73.866667	0.0	0.0
13.320300	11.940651199	-73.933333	0.0	0.0
13.330100	11.939885119	-74.000000	0.0	0.0
13.339800	11.934346330	-74.066667	0.0	0.0
13.349600	11.924399176	-74.166667	0.0	0.0
13.359400	11.905306304	-74.200000	0.0	0.0
13.369100	11.895179781	-74.300000	0.0	0.0
13.378900	11.894352779	-74.366667	0.0	0.0
13.388700	11.884387966	-74.400000	0.0	0.0
13.398400	11.869685493	-74.466667	0.0	0.0
13.408200	11.855165616	-74.566667	0.0	0.0
13.418000	11.849742374	-74.700000	0.0	0.0
13.427700	11.848678788	-74.766667	0.0	0.0
13.437500	11.834146860	-74.833333	0.0	0.0
13.447300	11.815085106	-74.866667	0.0	0.0
13.457000	11.804923349	-74.933333	0.0	0.0
13.466800	11.799460587	-75.000000	0.0	0.0
13.476600	11.780417345	-75.033333	0.0	0.0
13.486300	11.765732380	-75.133333	0.0	0.0
13.496100	11.755738270	-75.200000	0.0	0.0
13.505900	11.741233534	-75.233333	0.0	0.0
13.515600	11.740069295	-75.333333	0.0	0.0
13.525400	11.725559341	-75.400000	0.0	0.0
13.535200	11.720047041	-75.500000	0.0	0.0
13.544900	11.705364431	-75.500000	0.0	0.0
13.554700	11.690860722	-75.600000	0.0	0.0
13.564500	11.676362778	-75.666667	0.0	0.0
13.574200	11.666175017	-75.800000	0.0	0.0
13.584000	11.656155856	-75.866667	0.0	0.0
13.593800	11.646133177	-75.866667	0.0	0.0
13.603500	11.631471349	-76.033333	0.0	0.0
13.613300	11.630369089	-76.133333	0.0	0.0
13.623000	11.629084152	-76.133333	0.0	0.0
13.632800	11.619036791	-76.166667	0.0	0.0
13.642600	11.613442081	-76.233333	0.0	0.0
13.652300	11.598762241	-76.333333	0.0	0.0
13.662100	11.588705320	-76.366667	0.0	0.0
13.671900	11.574202587	-76.466667	0.0	0.0
13.681600	11.559537145	-76.500000	0.0	0.0
13.691400	11.549478750	-76.566667	0.0	0.0
13.701200	11.534989719	-76.633333	0.0	0.0
13.710900	11.524760971	-76.733333	0.0	0.0
13.720700	11.514697611	-76.833333	0.0	0.0
13.730500	11.509047212	-76.866667	0.0	0.0
13.740200	11.489984476	-76.900000	0.0	0.0
13.750000	11.479916512	-76.966667	0.0	0.0
13.759800	11.474248279	-77.033333	0.0	0.0
13.769500	11.459605682	-77.133333	0.0	0.0
13.779300	11.449529609	-77.200000	0.0	0.0
13.789100	11.448234296	-77.266667	0.0	0.0
13.798800	11.442369641	-77.366667	0.0	0.0
13.808600	11.432274194	-77.433333	0.0	0.0
13.818400	11.413412667	-77.500000	0.0	0.0
13.828100	11.403154881	-77.566667	0.0	0.0
13.837900	11.366856457	-77.733333	0.0	0.0
13.847700	11.352424596	-77.833333	0.0	0.0
13.857400	11.342187955	-77.866667	0.0	0.0
13.867200	11.358236095	-77.866667	0.0	0.0
13.877000	11.348135426	-77.966667	0.0	0.0
13.886700	11.342221042	-78.033333	0.0	0.0
13.896500	11.327764115	-78.033333	0.0	0.0
13.906300	11.313314362	-78.066667	0.0	0.0
13.916000	11.298709434	-78.133333	0.0	0.0
13.925800	11.284274457	-78.266667	0.0	0.0
13.935500	11.274010750	-78.333333	0.0	0.0
13.945300	11.272555694	-78.366667	0.0	0.0
13.955100	11.262442131	-78.366667	0.0	0.0
13.964800	11.260805064	-78.400000	0.0	0.0
13.974600	11.246363200	-78.466667	0.0	0.0
13.984400	11.236240048	-78.566667	0.0	0.0
13.994100	11.225954544	-78.600000	0.0	0.0
14.003900	11.211524451	-78.666667	0.0	0.0
14.013700	11.201399811	-78.733333	0.0	0.0
14.023400	11.195409334	-78.833333	0.0	0.0
14.033200	11.180985808	-78.933333	0.0	0.0
14.043000	11.175143922	-79.000000	0.0	0.0
14.052700	11.169135249	-79.000000	0.0	0.0
14.062500	11.163277934	-79.100000	0.0	0.0
14.072300	11.148852509	-79.166667	0.0	0.0
14.082000	11.130004672	-79.233333	0.0	0.0
14.091800	11.115600804	-79.233333	0.0	0.0
14.101600	11.096945412	-79.333333	0.0	0.0
14.111300	11.095172270	-79.366667	0.0	0.0
14.121100	11.097804170	-79.466667	0.0	0.0
14.130900	11.091909379	-79.533333	0.0	0.0
14.140600	11.073094547	-79.633333	0.0	0.0
14.150400	11.050215978	-79.700000	0.0	0.0
14.160200	11.035841172	-79.733333	0.0	0.0
14.169900	11.034015017	-79.766667	0.0	0.0
14.179700	11.023870051	-79.833333	0.0	0.0
14.189500	11.009498029	-79.933333	0.0	0.0
14.199200	11.003421584	-80.033333	0.0	0.0
14.209000	10.989055375	-80.100000	0.0	0.0
14.218800	10.978909986	-80.133333	0.0	0.0
14.228500	10.964400811	-80.166667	0.0	0.0
14.238300	10.950054444	-80.233333	0.0	0.0
14.248000	10.952362584	-80.300000	0.0	0.0
14.257800	10.942209783	-80.366667	0.0	0.0
14.267600	10.932056065	-80.466667	0.0	0.0
14.277300	10.921748468	-80.533333	0.0	0.0
14.287100	10.915781546	-80.600000	0.0	0.0
14.296900	10.901437243	-80.666667	0.0	0.0
14.306600	10.891128187	-80.766667	0.0	0.0
14.316400	10.872622633	-80.766667	0.0	0.0
14.326200	10.866641835	-80.833333	0.0	0.0
14.335900	10.852170102	-80.900000	0.0	0.0
14.345700	10.846180371	-80.966667	0.0	0.0
14.355500	10.836024551	-81.033333	0.0	0.0
14.365200	10.825717429	-81.066667	0.0	0.0
14.375000	10.815560725	-81.166667	0.0	0.0
14.384800	10.813700144	-81.166667	0.0	0.0
14.394500	10.807531286	-81.233333	0.0	0.0
14.404300	10.797361678	-81.266667	0.0	0.0
14.414100	10.787191652	-81.333333	0.0	0.0
14.423800	10.776871811	-81.433333	0.0	0.0
14.433600	10.758440714	-81.500000	0.0	0.0
14.443400	10.756530454	-81.566667	0.0	0.0
14.453100	10.754461812	-81.600000	0.0	0.0
14.462900	10.752532572	-81.666667	0.0	0.0
14.472700	10.742345586	-81.766667	0.0	0.0
14.482400	10.723776239	-81.833333	0.0	0.0
14.492200	10.713596961	-81.833333	0.0	0.0
14.502000	10.695205532	-81.933333	0.0	0.0
14.511700	10.684886583	-81.966667	0.0	0.0
14.521500	10.674715071	-82.100000	0.0	0.0
14.531300	10.676828608	-82.133333	0.0	0.0
14.541000	10.662406003	-82.166667	0.0	0.0
14.550800	10.644054171	-82.233333	0.0	0.0
14.560500	10.633736898	-82.266667	0.0	0.0
14.570300	10.627643747	-82.366667	0.0	0.0
14.580100	10.621544477	-82.433333	0.0	0.0
14.589800	10.623444265	-82.566667	0.0	0.0
14.599600	10.605111711	-82.566667	0.0	0.0
14.609400	10.594930043	-82.633333	0.0	0.0
14.619100	10.580542606	-82.633333	0.0	0.0
14.628900	10.570365610	-82.700000	0.0	0.0
14.638700	10.556137079	-82.766667	0.0	0.0
14.648400	10.545820653	-82.833333	0.0	0.0
14.658200	10.543738333	-82.900000	0.0	0.0
14.668000	10.533559091	-83.033333	0.0	0.0
14.677700	10.523236891	-83.033333	0.0	0.0
14.687500	10.517094088	-83.066667	0.0	0.0
14.697300	10.514980011	-83.133333	0.0	0.0
14.707000	10.500617803	-83.200000	0.0	0.0
14.716800	10.486408598	-83.266667	0.0	0.0
14.726600	10.476228963	-83.333333	0.0	0.0
14.736300	10.465907898	-83.366667	0.0	0.0
14.746100	10.463757899	-83.433333	0.0	0.0
14.755900	10.449561671	-83.500000	0.0	0.0
14.765600	10.435234151	-83.566667	0.0	0.0
14.775400	10.429059869	-83.633333	0.0	0.0
14.785200	10.430882996	-83.733333	0.0	0.0
14.794900	10.428553372	-83.733333	0.0	0.0
14.804700	10.418356703	-83.833333	0.0	0.0
14.814500	10.400175388	-83.866667	0.0	0.0
14.824200	10.377893221	-83.966667	0.0	0.0
14.834000	10.367718956	-84.033333	0.0	0.0
14.843800	10.369477057	-84.066667	0.0	0.0
14.853500	10.359153485	-84.166667	0.0	0.0
14.863300	10.325168647	-84.233333	0.0	0.0
14.873000	10.326753786	-84.233333	0.0	0.0
14.882800	10.308669698	-84.300000	0.0	0.0
14.892600	10.322250237	-84.333333	0.0	0.0
14.902300	10.307972960	-84.466667	0.0	0.0
14.912100	10.313615775	-84.500000	0.0	0.0
14.921900	10.299470952	-84.566667	0.0	0.0
14.931600	10.285198892	-84.600000	0.0	0.0
14.941400	10.263195106	-84.700000	0.0	0.0
14.951200	10.256962523	-84.700000	0.0	0.0
14.960900	10.242723287	-84.733333	0.0	0.0
14.970700	10.236485646	-84.833333	0.0	0.0
14.980500	10.230243036	-84.933333	0.0	0.0
14.990200	10.227783378	-85.033333	0.0	0.0
15.000000	10.217606774	-85.000000	0.0	0.0
15.009800	10.207431581	-85.066667	0.0	0.0
15.019500	10.197122042	-85.100000	0.0	0.0
15.029300	10.190860116	-85.133333	0.0	0.0
15.039100	10.172874675	-85.200000	0.0	0.0
15.048800	10.166475245	-85.266667	0.0	0.0
15.058600	10.148515702	-85.366667	0.0	0.0
15.068400	10.134467803	-85.433333	0.0	0.0
15.078100	10.124181102	-85.533333	0.0	0.0
15.087900	10.114030538	-85.566667	0.0	0.0
15.097700	10.103881627	-85.533333	0.0	0.0
15.107400	10.097475074	-85.633333	0.0	0.0
15.117200	10.087325872	-85.666667	0.0	0.0
15.127000	10.081046403	-85.766667	0.0	0.0
15.136700	10.063037099	-85.833333	0.0	0.0
15.146500	10.049040080	-85.900000	0.0	0.0
15.156300	10.038905961	-85.900000	0.0	0.0
15.166000	10.028641424	-85.966667	0.0	0.0
15.175800	10.014667210	-86.066667	0.0	0.0
15.185500	10.000572414	-86.100000	0.0	0.0
15.195300	9.990453993	-86.133333	0.0	0.0
15.205100	9.984168337	-86.200000	0.0	0.0
15.214800	9.973918821	-86.233333	0.0	0.0
15.224600	9.959979600	-86.266667	0.0	0.0
15.234400	9.953688425	-86.400000	0.0	0.0
15.244100	9.943445814	-86.400000	0.0	0.0
15.253900	9.929524611	-86.500000	0.0	0.0
15.263700	9.915614713	-86.566667	0.0	0.0
15.273400	9.890193416	-86.633333	0.0	0.0
15.283200	9.883905692	-86.700000	0.0	0.0
15.293000	9.870035402	-86.700000	0.0	0.0
15.302700	9.863615366	-86.866667	0.0	0.0
15.312500	9.845978205	-86.900000	0.0	0.0
15.322300	9.828364529	-86.933333	0.0	0.0
15.332000	9.825717823	-86.900000	0.0	0.0
15.341800	9.811889164	-87.033333	0.0	0.0
15.351600	9.801832842	-87.033333	0.0	0.0
15.361300	9.780384792	-87.166667	0.0	0.0
15.371100	9.766596135	-87.166667	0.0	0.0
15.380900	9.756562489	-87.266667	0.0	0.0
15.390600	9.735190078	-87.366667	0.0	0.0
15.400400	9.717711513	-87.500000	0.0	0.0
15.410200	9.700256473	-87.533333	0.0	0.0
15.419900	9.690133966	-87.566667	0.0	0.0
15.429700	9.672712903	-87.533333	0.0	0.0
15.439500	9.659021446	-87.600000	0.0	0.0
15.449200	9.641515954	-87.700000	0.0	0.0
15.459000	9.627853228	-87.733333	0.0	0.0
15.468800	9.614202135	-87.766667	0.0	0.0
15.478500	9.596755045	-87.766667	0.0	0.0
15.488300	9.575780245	-87.833333	0.0	0.0
15.498000	9.551054277	-87.866667	0.0	0.0
15.507800	9.537481666	-87.966667	0.0	0.0
15.517600	9.523920735	-88.033333	0.0	0.0
15.527300	9.506600010	-88.100000	0.0	0.0
15.537100	9.489425529	-88.100000	0.0	0.0
15.546900	9.468640117	-88.200000	0.0	0.0
15.556600	9.451397673	-88.266667	0.0	0.0
15.566400	9.430680653	-88.333333	0.0	0.0
15.576200	9.413613499	-88.366667	0.0	0.0
15.585900	9.400055929	-88.433333	0.0	0.0
15.595700	9.383029425	-88.466667	0.0	0.0
15.605500	9.362432710	-88.500000	0.0	0.0
15.615200	9.338169846	-88.566667	0.0	0.0
15.625000	9.317656989	-88.600000	0.0	0.0
15.634800	9.297181876	-88.700000	0.0	0.0
15.644500	9.273066520	-88.733333	0.0	0.0
15.654300	9.256226462	-88.800000	0.0	0.0
15.664100	9.235864669	-88.800000	0.0	0.0
15.673800	9.211886993	-88.900000	0.0	0.0
15.683600	9.177509613	-89.066667	0.0	0.0
15.693400	9.153786006	-89.066667	0.0	0.0
15.703100	9.133504759	-89.133333	0.0	0.0
15.712900	9.134385996	-89.100000	0.0	0.0
15.722700	9.107256934	-89.200000	0.0	0.0
15.732400	9.087057856	-89.266667	0.0	0.0
15.742200	9.060055360	-89.266667	0.0	0.0
15.752000	9.040061942	-89.300000	0.0	0.0
15.761700	9.009612535	-89.333333	0.0	0.0
15.771500	8.979372756	-89.366667	0.0	0.0
15.781300	8.952662615	-89.433333	0.0	0.0
15.791000	8.929338094	-89.533333	0.0	0.0
15.800800	8.909598878	-89.600000	0.0	0.0
15.810500	8.876148151	-89.700000	0.0	0.0
15.820300	8.849717951	-89.700000	0.0	0.0
15.830100	8.816590099	-89.733333	0.0	0.0
15.839800	8.793586785	-89.800000	0.0	0.0
15.849600	8.767382333	-89.800000	0.0	0.0
15.859400	8.747961017	-89.833333	0.0	0.0
15.869100	8.721769276	-89.933333	0.0	0.0
15.878900	8.692422501	-89.933333	0.0	0.0
15.888700	8.653199771	-90.033333	0.0	0.0
15.898400	8.627272299	-90.133333	0.0	0.0
15.908200	8.601524250	-90.166667	0.0	0.0
15.918000	8.569266855	-90.233333	0.0	0.0
15.927700	8.537016764	-90.233333	0.0	0.0
15.937500	8.501725180	-90.300000	0.0	0.0
15.947300	8.473073918	-90.366667	0.0	0.0
15.957000	8.450890803	-90.500000	0.0	0.0
15.966800	8.415936256	-90.533333	0.0	0.0
15.976600	8.384336964	-90.566667	0.0	0.0
15.986300	8.349540663	-90.566667	0.0	0.0
15.996100	8.330956899	-90.633333	0.0	0.0
16.005900	8.293290249	-90.700000	0.0	0.0
16.015600	8.252516987	-90.800000	0.0	0.0
16.025400	8.221500552	-90.766667	0.0	0.0
16.035200	8.190594564	-90.833333	0.0	0.0
16.044900	8.159696949	-90.900000	0.0	0.0
16.054700	8.122774362	-91.000000	0.0	0.0
16.064500	8.082910297	-91.033333	0.0	0.0
16.074200	8.046223071	-91.033333	0.0	0.0
16.084000	8.012870591	-91.133333	0.0	0.0
16.093800	7.991909058	-91.133333	0.0	0.0
16.103500	7.955617393	-91.200000	0.0	0.0
16.113300	7.916544412	-91.200000	0.0	0.0
16.123000	7.871515856	-91.266667	0.0	0.0
16.132800	7.835850948	-91.366667	0.0	0.0
16.142600	7.800341877	-91.466667	0.0	0.0
16.152300	7.770853912	-91.533333	0.0	0.0
16.162100	7.726727197	-91.633333	0.0	0.0
16.171900	7.685794372	-91.633333	0.0	0.0
16.181600	7.644978286	-91.633333	0.0	0.0
16.191400	7.604467425	-91.666667	0.0	0.0
16.201200	7.567069102	-91.733333	0.0	0.0
16.210900	7.509555884	-91.766667	0.0	0.0
16.220700	7.481221575	-91.800000	0.0	0.0
16.230500	7.441556749	-91.800000	0.0	0.0
16.240200	7.421916773	-91.833333	0.0	0.0
16.250000	7.379723054	-91.933333	0.0	0.0
16.259800	7.340580382	-91.966667	0.0	0.0
16.269500	7.284757163	-92.066667	0.0	0.0
16.279300	7.234993075	-92.133333	0.0	0.0
16.289100	7.191080972	-92.200000	0.0	0.0
16.298800	7.166568581	-92.266667	0.0	0.0
16.308600	7.125795620	-92.300000	0.0	0.0
16.318400	7.082530969	-92.333333	0.0	0.0
16.328100	7.034036804	-92.366667	0.0	0.0
16.337900	6.994002777	-92.400000	0.0	0.0
16.347700	6.943524708	-92.566667	0.0	0.0
16.357400	6.903911483	-92.633333	0.0	0.0
16.367200	6.859336553	-92.800000	0.0	0.0
16.377000	6.817660404	-92.800000	0.0	0.0
16.386700	6.773549972	-92.866667	0.0	0.0
16.396500	6.724638975	-92.766667	0.0	0.0
16.406300	6.681202434	-92.766667	0.0	0.0
16.416000	6.643057632	-92.866667	0.0	0.0
16.425800	6.597606273	-92.933333	0.0	0.0
16.435500	6.559929541	-92.966667	0.0	0.0
16.445300	6.512537957	-93.066667	0.0	0.0
16.455100	6.470448504	-93.066667	0.0	0.0
16.464800	6.421151538	-93.133333	0.0	0.0
16.474600	6.372303091	-93.266667	0.0	0.0
16.484400	6.326249101	-93.300000	0.0	0.0
16.494100	6.287682156	-93.333333	0.0	0.0
16.503900	6.273450858	-93.266667	0.0	0.0
16.513700	6.230488727	-93.200000	0.0	0.0
16.523400	6.171141428	-93.233333	0.0	0.0
16.533200	6.096031074	-93.366667	0.0	0.0
16.543000	6.054271223	-93.600000	0.0	0.0
16.552700	6.017337276	-93.700000	0.0	0.0
16.562500	5.971523090	-93.766667	0.0	0.0
16.572300	5.914693436	-93.666667	0.0	0.0
16.582000	5.869581739	-93.666667	0.0	0.0
16.591800	5.831590342	-93.800000	0.0	0.0
16.601600	5.787174238	-93.900000	0.0	0.0
16.611300	5.732014011	-93.933333	0.0	0.0
16.621100	5.675265605	-93.900000	0.0	0.0
16.630900	5.625548040	-93.933333	0.0	0.0
16.640600	5.582618657	-94.033333	0.0	0.0
16.650400	5.535829119	-94.133333	0.0	0.0
16.660200	5.493642843	-94.100000	0.0	0.0
16.669900	5.447526135	-94.133333	0.0	0.0
16.679700	5.395642130	-94.166667	0.0	0.0
16.689500	5.348352032	-94.266667	0.0	0.0
16.699200	5.299375158	-94.333333	0.0	0.0
16.709000	5.252921588	-94.400000	0.0	0.0
16.718800	5.194896169	-94.400000	0.0	0.0
16.728500	5.141391415	-94.433333	0.0	0.0
16.738300	5.098268395	-94.533333	0.0	0.0
16.748000	5.061266875	-94.633333	0.0	0.0
16.757800	5.018809051	-94.633333	0.0	0.0
16.767600	4.965257890	-94.700000	0.0	0.0
16.777300	4.912216211	-94.766667	0.0	0.0
16.787100	4.863527267	-94.633333	0.0	0.0
16.796900	4.817165936	-94.633333	0.0	0.0
16.806600	4.776682712	-94.700000	0.0	0.0
16.816400	4.727512924	-94.866667	0.0	0.0
16.826200	4.684235921	-94.933333	0.0	0.0
16.835900	4.635956387	-95.000000	0.0	0.0
16.845700	4.588225889	-95.133333	0.0	0.0
16.855500	4.535758744	-95.200000	0.0	0.0
16.865200	4.485556432	-95.233333	0.0	0.0
16.875000	4.442774082	-95.200000	0.0	0.0
16.884800	4.375138862	-95.066667	0.0	0.0
16.894500	4.325045557	-95.133333	0.0	0.0
16.904300	4.277214690	-95.166667	0.0	0.0
16.914100	4.249434321	-95.433333	0.0	0.0
16.923800	4.203997367	-95.466667	0.0	0.0
16.933600	4.157496832	-95.500000	0.0	0.0
16.943400	4.114664796	-95.533333	0.0	0.0
16.953100	4.067537644	-95.633333	0.0	0.0
16.962900	4.028718013	-95.633333	0.0	0.0
16.972700	3.979561340	-95.633333	0.0	0.0
16.982400	3.929447270	-95.666667	0.0	0.0
16.992200	3.877030542	-95.733333	0.0	0.0
17.002000	3.837072664	-95.700000	0.0	0.0
17.011700	3.796022379	-95.800000	0.0	0.0
17.021500	3.752571636	-95.800000	0.0	0.0
17.031300	3.706769645	-95.933333	0.0	0.0
17.041000	3.660076417	-95.900000	0.0	0.0
17.050800	3.602933010	-95.833333	0.0	0.0
17.060500	3.552086312	-95.800000	0.0	0.0
17.070300	3.510068893	-95.933333	0.0	0.0
17.080100	3.476542035	-96.233333	0.0	0.0
17.089800	3.439330892	-96.400000	0.0	0.0
17.099600	3.393427456	-96.333333	0.0	0.0
17.109400	3.350705251	-96.366667	0.0	0.0
17.119100	3.304673245	-96.366667	0.0	0.0
17.128900	3.264316657	-96.433333	0.0	0.0
17.138700	3.220740643	-96.400000	0.0	0.0
17.148400	3.178926918	-96.600000	0.0	0.0
17.158200	3.134080290	-96.666667	0.0	0.0
17.168000	3.096987192	-96.733333	0.0	0.0
17.177700	3.054428951	-96.633333	0.0	0.0
17.187500	3.020592147	-96.733333	0.0	0.0
17.197300	2.980258039	-96.733333	0.0	0.0
17.207000	2.935916169	-96.833333	0.0	0.0
17.216800	2.891156065	-96.833333	0.0	0.0
17.226600	2.845984120	-97.033333	0.0	0.0
17.236300	2.809019510	-96.933333	0.0	0.0
17.246100	2.767250449	-96.966667	0.0	0.0
17.255900	2.729241066	-97.000000	0.0	0.0
17.265600	2.692754025	-97.100000	0.0	0.0
17.275400	2.653726882	-97.200000	0.0	0.0
17.285200	2.615263693	-97.233333	0.0	0.0
17.294900	2.568440112	-97.300000	0.0	0.0
17.304700	2.533153356	-97.200000	0.0	0.0
17.314500	2.497391194	-97.266667	0.0	0.0
17.324200	2.463048958	-97.366667	0.0	0.0
17.334000	2.424548733	-97.466667	0.0	0.0
17.343800	2.390315239	-97.433333	0.0	0.0
17.353500	2.352019007	-97.533333	0.0	0.0
17.363300	2.316138565	-97.633333	0.0	0.0
17.373000	2.276405569	-97.733333	0.0	0.0
17.382800	2.241675783	-97.533333	0.0	0.0
17.392600	2.205780796	-97.600000	0.0	0.0
17.402300	2.170434259	-97.600000	0.0	0.0
17.412100	2.138958239	-97.866667	0.0	0.0
17.421900	2.103896478	-97.833333	0.0	0.0
17.431600	2.067796694	-97.866667	0.0	0.0
17.441400	2.032338376	-97.800000	0.0	0.0
17.451200	2.000555442	-97.900000	0.0	0.0
17.460900	1.963209213	-97.933333	0.0	0.0
17.470700	1.930281340	-98.000000	0.0	0.0
17.480500	1.897904555	-98.000000	0.0	0.0
17.490200	1.869632367	-98.066667	0.0	0.0
17.500000	1.836860171	-98.166667	0.0	0.0
17.509800	1.806740186	-98.133333	0.0	0.0
17.519500	1.777092694	-98.200000	0.0	0.0
17.529300	1.746609484	-98.333333	0.0	0.0
17.539100	1.715989430	-98.400000	0.0	0.0
17.548800	1.680717991	-98.333333	0.0	0.0
17.558600	1.651251040	-98.300000	0.0	0.0
17.568400	1.623545342	-98.366667	0.0	0.0
17.578100	1.596285351	-98.600000	0.0	0.0
17.587900	1.567092536	-98.633333	0.0	0.0
17.597700	1.534894345	-98.600000	0.0	0.0
17.607400	1.507383629	-98.500000	0.0	0.0
17.617200	1.476977126	-98.500000	0.0	0.0
17.627000	1.452747519	-98.733333	0.0	0.0
17.636700	1.431093432	-98.866667	0.0	0.0
17.646500	1.403838540	-98.933333	0.0	0.0
17.656300	1.374989554	-98.900000	0.0	0.0
17.666000	1.344651639	-98.966667	0.0	0.0
17.675800	1.321066940	-98.966667	0.0	0.0
17.685500	1.296387053	-98.966667	0.0	0.0
17.695300	1.275114526	-98.766667	0.0	0.0
17.705100	1.245078598	-98.866667	0.0	0.0
17.714800	1.220410233	-99.033333	0.0	0.0
17.724600	1.195784407	-99.266667	0.0	0.0
17.734400	1.178871132	-99.366667	0.0	0.0
17.744100	1.151970310	-99.400000	0.0	0.0
17.753900	1.128290346	-99.533333	0.0	0.0
17.763700	1.102978025	-99.566667	0.0	0.0
17.773400	1.084029323	-99.533333	0.0	0.0
17.783200	1.061744025	-99.433333	0.0	0.0
17.793000	1.035933055	-99.400000	0.0	0.0
17.802700	1.013845428	-99.400000	0.0	0.0
17.812500	0.993001157	-99.500000	0.0	0.0
17.822300	0.973331622	-99.533333	0.0	0.0
17.832000	0.952942678	-99.566667	0.0	0.0
17.841800	0.931917213	-99.633333	0.0	0.0
17.851600	0.912755154	-99.566667	0.0	0.0
17.861300	0.891236156	-99.666667	0.0	0.0
17.871100	0.871905137	-99.700000	0.0	0.0
17.880900	0.853975508	-99.833333	0.0	0.0
17.890600	0.836404726	-100.100000	0.0	0.0
17.900400	0.817006424	-100.033333	0.0	0.0
17.910200	0.799897251	-100.133333	0.0	0.0
17.919900	0.781335992	-100.066667	0.0	0.0
17.929700	0.764679380	-100.166667	0.0	0.0
17.939500	0.744938927	-100.166667	0.0	0.0
17.949200	0.727930964	-100.200000	0.0	0.0
17.959000	0.711045896	-100.300000	0.0	0.0
17.968800	0.695886081	-100.300000	0.0	0.0
17.978500	0.679475146	-100.300000	0.0	0.0
17.988300	0.662186380	-100.300000	0.0	0.0
17.998000	0.646817600	-100.333333	0.0	0.0
18.007800	0.634484939	-100.800000	0.0	0.0
18.017600	0.618577163	-100.966667	0.0	0.0
18.027300	0.594330528	-101.100000	0.0	0.0
18.037100	0.578318066	-100.666667	0.0	0.0
18.046900	0.564683664	-100.633333	0.0	0.0
18.056600	0.559678497	-100.500000	0.0	0.0
18.066400	0.544807708	-100.500000	0.0	0.0
18.076200	0.531962407	-100.566667	0.0	0.0
18.085900	0.518020465	-100.733333	0.0	0.0
18.095700	0.504836533	-100.933333	0.0	0.0
18.105500	0.492554599	-100.933333	0.0	0.0
18.115200	0.480012927	-101.000000	0.0	0.0
18.125000	0.467795490	-101.033333	0.0	0.0
18.134800	0.455713828	-101.066667	0.0	0.0
18.144500	0.444791702	-101.166667	0.0	0.0
18.154300	0.434135882	-101.100000	0.0	0.0
18.164100	0.421302887	-101.133333	0.0	0.0
18.173800	0.409629748	-101.133333	0.0	0.0
18.183600	0.398743000	-101.166667	0.0	0.0
18.193400	0.390086634	-101.200000	0.0	0.0
18.203100	0.379277759	-101.366667	0.0	0.0
18.212900	0.368347907	-101.466667	0.0	0.0
18.222700	0.358007494	-101.500000	0.0	0.0
18.232400	0.350768846	-101.033333	0.0	0.0
18.242200	0.341707433	-101.100000	0.0	0.0
18.252000	0.332114309	-101.200000	0.0	0.0
18.261700	0.320810870	-101.500000	0.0	0.0
18.271500	0.310967549	-101.500000	0.0	0.0
18.281300	0.301657516	-101.466667	0.0	0.0
18.291000	0.292735168	-101.633333	0.0	0.0
18.300800	0.285610049	-101.733333	0.0	0.0
18.310500	0.276949386	-101.633333	0.0	0.0
18.320300	0.269379884	-101.666667	0.0	0.0
18.330100	0.261113706	-101.666667	0.0	0.0
18.339800	0.254168967	-101.566667	0.0	0.0
18.349600	0.246463836	-101.666667	0.0	0.0
18.359400	0.238992149	-101.766667	0.0	0.0
18.369100	0.232100329	-102.066667	0.0	0.0
18.378900	0.225755859	-101.900000	0.0	0.0
18.388700	0.219163750	-101.966667	0.0	0.0
18.398400	0.212761697	-101.866667	0.0	0.0
18.408200	0.205757646	-101.800000	0.0	0.0
18.418000	0.200056011	-101.766667	0.0	0.0
18.427700	0.194137277	-101.900000	0.0	0.0
18.437500	0.187529991	-102.200000	0.0	0.0
18.447300	0.181495399	-102.366667	0.0	0.0
18.457000	0.175383564	-102.433333	0.0	0.0
18.466800	0.170785092	-102.500000	0.0	0.0
18.476600	0.164908907	-102.600000	0.0	0.0
18.486300	0.159722706	-102.500000	0.0	0.0
18.496100	0.155355630	-102.333333	0.0	0.0
18.505900	0.150413594	-102.366667	0.0	0.0
18.515600	0.145627115	-102.533333	0.0	0.0
18.525400	0.140940299	-102.900000	0.0	0.0
18.535200	0.136823665	-103.033333	0.0	0.0
18.544900	0.131911399	-102.866667	0.0	0.0
18.554700	0.126641061	-102.733333	0.0	0.0
18.564500	0.122283121	-102.733333	0.0	0.0
18.574200	0.118527803	-103.066667	0.0	0.0
18.584000	0.114580767	-103.166667	0.0	0.0
18.593800	0.110850156	-103.400000	0.0	0.0
18.603500	0.106993152	-103.300000	0.0	0.0
18.613300	0.103549202	-103.766667	0.0	0.0
18.623000	0.099792818	-103.600000	0.0	0.0
18.632800	0.095952489	-103.366667	0.0	0.0
18.642600	0.092437097	-103.066667	0.0	0.0
18.652300	0.089083673	-103.200000	0.0	0.0
18.662100	0.086215965	-103.466667	0.0	0.0
18.671900	0.083472552	-103.700000	0.0	0.0
18.681600	0.080505979	-103.500000	0.0	0.0
18.691400	0.078004022	-103.600000	0.0	0.0
18.701200	0.074973126	-103.533333	0.0	0.0
18.710900	0.072114515	-103.800000	0.0	0.0
18.720700	0.069206067	-103.900000	0.0	0.0
18.730500	0.066644668	-103.566667	0.0	0.0
18.740200	0.064349984	-103.500000	0.0	0.0
18.750000	0.061825724	-103.433333	0.0	0.0
18.759800	0.059491704	-103.733333	0.0	0.0
18.769500	0.057377119	-103.766667	0.0	0.0
18.779300	0.055041737	-104.033333	0.0	0.0
18.789100	0.052923102	-104.166667	0.0	0.0
18.798800	0.050612787	-104.200000	0.0	0.0
18.808600	0.048701941	-104.133333	0.0	0.0
18.818400	0.046791330	-104.200000	0.0	0.0
18.828100	0.045058804	-104.133333	0.0	0.0
18.837900	0.043141805	-104.166667	0.0	0.0
18.847700	0.041544805	-103.733333	0.0	0.0
18.857400	0.039853239	-103.600000	0.0	0.0
18.867200	0.038274974	-103.666667	0.0	0.0
18.877000	0.036604343	-103.733333	0.0	0.0
18.886700	0.034992811	-103.900000	0.0	0.0
18.896500	0.033606974	-104.033333	0.0	0.0
18.906300	0.032412542	-104.433333	0.0	0.0
18.916000	0.031634328	-104.466667	0.0	0.0
18.925800	0.030253468	-104.433333	0.0	0.0
18.935500	0.028755454	-104.266667	0.0	0.0
18.945300	0.027070917	-104.321667	0.0	0.0
18.955100	0.025928984	-104.376667	0.0	0.0
18.964800	0.024787337	-104.431667	0.0	0.0
18.974600	0.023551140	-104.486667	0.0	0.0
18.984400	0.022574965	-104.541667	0.0	0.0
18.994100	0.021647318	-104.596667	0.0	0.0
19.003900	0.020694367	-104.651667	0.0	0.0
19.013700	0.019745431	-104.706667	0.0	0.0
19.023400	0.018796469	-104.761667	0.0	0.0
19.033200	0.018149178	-104.816667	0.0	0.0
19.043000	0.017237359	-104.871667	0.0	0.0
19.052700	0.016434118	-104.926667	0.0	0.0
19.062500	0.015483164	-104.981667	0.0	0.0
19.072300	0.014761805	-105.036667	0.0	0.0
19.082000	0.014166018	-105.091667	0.0	0.0
19.091800	0.013594412	-105.146667	0.0	0.0
19.101600	0.012886634	-105.201667	0.0	0.0
19.111300	0.012229643	-105.256667	0.0	0.0
19.121100	0.011566246	-105.311667	0.0	0.0
19.130900	0.011061248	-105.366667	0.0	0.0
19.140600	0.010517465	-105.421667	0.0	0.0
19.150400	0.010050532	-105.476667	0.0	0.0
19.160200	0.009530889	-105.531667	0.0	0.0
19.169900	0.008972353	-105.586667	0.0	0.0
19.179700	0.008436914	-105.641667	0.0	0.0
19.189500	0.008006831	-105.696667	0.0	0.0
19.199200	0.007654196	-105.751667	0.0	0.0
19.209000	0.007266794	-105.806667	0.0	0.0
19.218800	0.006930840	-105.861667	0.0	0.0
19.228500	0.006562321	-105.916667	0.0	0.0
19.238300	0.006227782	-105.971667	0.0	0.0
19.248000	0.005853800	-106.026667	0.0	0.0
19.257800	0.005538345	-106.081667	0.0	0.0
19.267600	0.005227835	-106.136667	0.0	0.0
19.277300	0.004942262	-106.191667	0.0	0.0
19.287100	0.004679512	-106.246667	0.0	0.0
19.296900	0.004400227	-106.301667	0.0	0.0
19.306600	0.004171046	-106.356667	0.0	0.0
19.316400	0.003944746	-106.411667	0.0	0.0
19.326200	0.003732154	-106.466667	0.0	0.0
19.335900	0.003470527	-106.521667	0.0	0.0
19.345700	0.003198912	-106.576667	0.0	0.0
19.355500	0.003007984	-106.631667	0.0	0.0
19.365200	0.002852401	-106.686667	0.0	0.0
19.375000	0.002683182	-106.741667	0.0	0.0
19.384800	0.002501820	-106.796667	0.0	0.0
19.394500	0.002301568	-106.851667	0.0	0.0
19.404300	0.002175017	-106.906667	0.0	0.0
19.414100	0.002055423	-106.961667	0.0	0.0
19.423800	0.001945368	-107.016667	0.0	0.0
19.433600	0.001828549	-107.071667	0.0	0.0
19.443400	0.001762833	-107.126667	0.0	0.0
19.453100	0.001669082	-107.181667	0.0	0.0
19.462900	0.001587627	-107.236667	0.0	0.0
19.472700	0.001481446	-107.291667	0.0	0.0
19.482400	0.001390331	-107.346667	0.0	0.0
19.492200	0.001275621	-107.401667	0.0	0.0
19.502000	0.001158310	-107.456667	0.0	0.0
19.511700	0.001073388	-107.511667	0.0	0.0
19.521500	0.000991653	-107.566667	0.0	0.0
19.531300	0.000903224	-107.621667	0.0	0.0
19.541000	0.000820780	-107.676667	0.0	0.0
19.550800	0.000733380	-107.731667	0.0	0.0
19.560500	0.000696241	-107.786667	0.0	0.0
19.570300	0.000668644	-107.841667	0.0	0.0
19.580100	0.000642387	-107.896667	0.0	0.0
19.589800	0.000559835	-107.951667	0.0	0.0
19.599600	0.000476242	-108.006667	0.0	0.0
19.609400	0.000414568	-108.061667	0.0	0.0
19.619100	0.000378609	-108.116667	0.0	0.0
19.628900	0.000371928	-108.171667	0.0	0.0
19.638700	0.000376899	-108.226667	0.0	0.0
19.648400	0.000352361	-108.281667	0.0	0.0
19.658200	0.000296543	-108.336667	0.0	0.0
19.668000	0.000246521	-108.391667	0.0	0.0
19.677700	0.000204699	-108.446667	0.0	0.0
19.687500	0.000206640	-108.501667	0.0	0.0
19.697300	0.000199594	-108.556667	0.0	0.0
19.707000	0.000180818	-108.611667	0.0	0.0
19.716800	0.000166471	-108.666667	0.0	0.0
19.726600	0.000140477	-108.721667	0.0	0.0
19.736300	0.000156266	-108.776667	0.0	0.0
19.746100	0.000143206	-108.831667	0.0	0.0
19.755900	0.000139389	-108.886667	0.0	0.0
19.765600	0.000118938	-108.941667	0.0	0.0
19.775400	0.000121782	-108.996667	0.0	0.0
19.785200	0.000218196	-109.051667	0.0	0.0
19.794900	0.000230201	-109.106667	0.0	0.0
19.804700	0.000213650	-109.161667	0.0	0.0
19.814500	0.000113449	-109.216667	0.0	0.0
19.824200	0.000131137	-109.271667	0.0	0.0
19.834000	0.000136664	-109.326667	0.0	0.0
19.843800	0.000133224	-109.381667	0.0	0.0
19.853500	0.000113112	-109.436667	0.0	0.0
19.863300	0.000117382	-109.491667	0.0	0.0
19.873000	0.000135788	-109.546667	0.0	0.0
19.882800	0.000109175	-109.601667	0.0	0.0
19.892600	0.000078774	-109.656667	0.0	0.0
19.902300	0.000073447	-109.711667	0.0	0.0
19.912100	0.000132658	-109.766667	0.0	0.0
19.921900	0.000138249	-109.821667	0.0	0.0
19.931600	0.000124523	-109.876667	0.0	0.0
19.941400	0.000083498	-109.931667	0.0	0.0
19.951200	0.000083645	-109.986667	0.0	0.0
19.960900	0.000092795	-110.041667	0.0	0.0
19.970700	0.000090078	-110.096667	0.0	0.0
19.980500	0.000111014	-110.151667	0.0	0.0
19.990200	0.000109136	-110.206667	0.0	0.0
