# UNCLASSIFIED
#
# Response info for LBTB broadband site.
#
# Effective: 08 July 2002
# Source:  James Neely (CTI)
# System equipment:  KS54000 IRIS seismometer and AIM24S-3 digitizer.
# 
# This nominal response file is the average amplitude and phase of the RB calibrations.
#
# Displacement response relative to 1.0 at 1.0 Hz. The nominal calib value for
# this configuration is 0.021597 nm/count at 1.0 Hz.
#
# Freq(Hz)    Ampl(norm)   Phase(deg)  Error(amp)  Error(phase)
#
 theoretical  0       system    fap   J.Neely
80				
0.010000	0.006200000	152.00000	0.0	0.0
0.014000	0.010360000	139.00000	0.0	0.0
0.017000	0.013600000	131.00000	0.0	0.0
0.021000	0.018000000	124.50000	0.0	0.0
0.023000	0.020000000	122.50000	0.0	0.0
0.025000	0.022499000	120.50000	0.0	0.0
0.028000	0.026000000	118.50000	0.0	0.0
0.031000	0.029500000	116.50000	0.0	0.0
0.034000	0.031500000	114.50000	0.0	0.0
0.037000	0.035000000	112.50000	0.0	0.0
0.040000	0.038000000	110.50000	0.0	0.0
0.044000	0.043000000	108.50000	0.0	0.0
0.049000	0.048000000	106.50000	0.0	0.0
0.053000	0.052638545	104.50000	0.0	0.0
0.059000	0.058597625	102.50000	0.0	0.0
0.064000	0.063563526	100.50000	0.0	0.0
0.071000	0.070515787	99.40000	0.0	0.0
0.077000	0.076474867	98.30000	0.0	0.0
0.085000	0.085000000	97.20000	0.0	0.0
0.093000	0.093000000	96.10000	0.0	0.0
0.102000	0.100000000	95.00000	0.0	0.0
0.112000	0.110000000	93.90000	0.0	0.0
0.123000	0.120000000	92.80000	0.0	0.0
0.135000	0.132000000	91.70000	0.0	0.0
0.149000	0.141000000	90.60000	0.0	0.0
0.163000	0.155000000	89.50000	0.0	0.0
0.179000	0.167000000	88.40000	0.0	0.0
0.196000	0.183000000	87.30000	0.0	0.0
0.215000	0.200000000	87.20000	0.0	0.0
0.236000	0.225000000	85.40000	0.0	0.0
0.260000	0.250000000	85.00000	0.0	0.0
0.285000	0.275000000	84.78000	0.0	0.0
0.313000	0.300000000	84.37500	0.0	0.0
0.343000	0.330000000	83.75000	0.0	0.0
0.377000	0.370000000	83.12500	0.0	0.0
0.413000	0.405000000	82.50000	0.0	0.0
0.453000	0.449000000	81.87500	0.0	0.0
0.498000	0.493655540	81.25000	0.0	0.0
0.546000	0.541236797	80.62500	0.0	0.0
0.599000	0.597202332	80.00000	0.0	0.0
0.658000	0.658042433	78.73333	0.0	0.0
0.722000	0.720385899	77.40000	0.0	0.0
0.792000	0.791139716	75.90000	0.0	0.0
0.870000	0.868721543	74.13333	0.0	0.0
0.955000	0.955428174	72.56667	0.0	0.0
1.048000	1.047665449	71.06667	0.0	0.0
1.150000	1.146548717	68.66667	0.0	0.0
1.262000	1.257729828	66.40000	0.0	0.0
1.385000	1.381373475	64.10000	0.0	0.0
1.520000	1.517766375	61.70000	0.0	0.0
1.668000	1.661718234	58.76667	0.0	0.0
1.831000	1.820607594	55.36667	0.0	0.0
2.009000	1.999131102	51.30000	0.0	0.0
2.205000	2.186602966	47.20000	0.0	0.0
2.420000	2.388783029	43.10000	0.0	0.0
2.656000	2.613702037	38.03333	0.0	0.0
2.915000	2.831391332	31.96667	0.0	0.0
3.199000	3.062261299	25.73333	0.0	0.0
3.511000	3.285681798	18.66667	0.0	0.0
3.854000	3.486901794	10.36667	0.0	0.0
4.229000	3.652574007	1.30000	0.0	0.0
4.642000	3.774850953	-7.60000	0.0	0.0
5.094000	3.799737658	-18.00000	0.0	0.0
5.591000	3.738386198	-28.66667	0.0	0.0
6.136000	3.594016142	-39.03333	0.0	0.0
6.734000	3.384291666	-48.93333	0.0	0.0
7.391000	3.119353123	-58.70000	0.0	0.0
8.111000	2.835322127	-67.40000	0.0	0.0
8.902000	2.534246930	-75.73333	0.0	0.0
9.770000	2.221208036	-83.66667	0.0	0.0
10.000000	2.162857992	-85.23333	0.0	0.0
11.000000	1.874652135	-92.43333	0.0	0.0
12.000000	1.631332863	-98.26667	0.0	0.0
13.000000	1.444789881	-103.16667	0.0	0.0
14.000000	1.274938907	-107.33333	0.0	0.0
15.000000	1.140125340	-111.00000	0.0	0.0
16.000000	0.902917329	-114.23333	0.0	0.0
17.000000	0.398086021	-117.00000	0.0	0.0
18.000000	0.067525402	-119.36667	0.0	0.0
19.000000	0.002027441	-121.36667	0.0	0.0
