# UNCLASSIFIED
#
# Response info for LBTB short period site.
#
# Effective: 07 July 2002
# Source:  James Neely (CTI)
# System equipment:  GS21 seismometer and AIM24S-1 digitizer.
# 
# This nominal response file is the actual amplitude and phase of the RB calibration.
#
# Displacement response relative to 1.0 at 1.0 Hz. The nominal calib value for
# this configuration is 0.012400 nm/count at 1.0 Hz.
#
# Freq(Hz)    Ampl(norm)  Phase(deg)   Error(amp)  Error(phase)
#
 theoretical  0       system    fap   J.Neely
55				
0.163000	0.001200000	255.00000	0.0	0.0
0.179000	0.002000000	254.00000	0.0	0.0
0.196000	0.003000000	253.00000	0.0	0.0
0.215000	0.004540000	252.00000	0.0	0.0
0.236000	0.006500000	251.00000	0.0	0.0
0.260000	0.009000000	250.00000	0.0	0.0
0.285000	0.013000000	247.50000	0.0	0.0
0.313000	0.020000000	245.00000	0.0	0.0
0.343000	0.030000000	242.00000	0.0	0.0
0.377000	0.044000000	239.90000	0.0	0.0
0.413000	0.063000000	237.80000	0.0	0.0
0.453000	0.093000000	235.00000	0.0	0.0
0.498000	0.150500000	231.00000	0.0	0.0
0.546000	0.210000000	226.10000	0.0	0.0
0.599000	0.280000000	220.00000	0.0	0.0
0.658000	0.370000000	211.00000	0.0	0.0
0.722000	0.471700000	205.10000	0.0	0.0
0.792000	0.577000000	198.00000	0.0	0.0
0.870000	0.763300417	188.80000	0.0	0.0
0.955000	0.921891092	180.70000	0.0	0.0
1.048000	1.085269329	173.60000	0.0	0.0
1.150000	1.277538766	163.80000	0.0	0.0
1.262000	1.462970611	154.50000	0.0	0.0
1.385000	1.642956331	147.30000	0.0	0.0
1.520000	1.832398109	141.20000	0.0	0.0
1.668000	2.020097324	135.20000	0.0	0.0
1.831000	2.209859137	129.10000	0.0	0.0
2.009000	2.416329654	123.80000	0.0	0.0
2.205000	2.627754816	119.50000	0.0	0.0
2.420000	2.857535358	116.00000	0.0	0.0
2.656000	3.118202516	112.80000	0.0	0.0
2.915000	3.383099773	109.50000	0.0	0.0
3.199000	3.682904751	106.90000	0.0	0.0
3.511000	4.005042015	104.50000	0.0	0.0
3.854000	4.361018784	102.00000	0.0	0.0
4.229000	4.746942074	99.90000	0.0	0.0
4.642000	5.156813001	98.20000	0.0	0.0
5.094000	5.607059796	96.50000	0.0	0.0
5.591000	6.111752224	94.80000	0.0	0.0
6.136000	6.653675215	93.30000	0.0	0.0
6.734000	7.235180314	92.00000	0.0	0.0
7.391000	7.886411775	90.60000	0.0	0.0
8.111000	8.585204576	89.40000	0.0	0.0
8.902000	9.336064359	88.30000	0.0	0.0
9.770000	10.164144033	87.40000	0.0	0.0
10.000000	10.391452266	86.80000	0.0	0.0
11.000000	11.312769337	85.60000	0.0	0.0
12.000000	12.242144264	84.60000	0.0	0.0
13.000000	13.155870786	83.70000	0.0	0.0
14.000000	14.037969117	82.90000	0.0	0.0
15.000000	14.919954751	82.00000	0.0	0.0
16.000000	13.989307922	81.20000	0.0	0.0
17.000000	7.229781437	80.60000	0.0	0.0
18.000000	1.417257461	79.60000	0.0	0.0
19.000000	0.049026382	78.60000	0.0	0.0
