# Response information for NV31 be, bn, bz
# 
# Data received from AFTAC, 18/08/2005
# Three seperate files were supplied, one for each channel. Data in files was
# identical, so only one file used by IMS.
#
# Response verified as being correct.
# Theoretical calib value is incorrect.
# Effective date stated in file does not agree with information available
# to the IMS.
#
# R. Stewart, IMS/SM, 22/08/2005
#
# Original comments follow:
#--------------------------------------------------------------------------
# UNCLASSIFIED
#
# Response info for site NV31 be, bn, bz.
#
# Effective: 23 Jan 2001
# File name: NV31.Guralp.Aim24s3.txt
# Inid:  
# Source:  James Neely (CTI)
# System equipment:  Guralp CMG-3T and AIM24S-3
# 
# The theoretical calib value for this configuration is 0.00981 nm/count @ 1.0 Hz.
# The response file was derived from equations of state.
# Displacement response relative to 1.0 Hz.
#
# Freq(Hz)  Amp(counts/nm)  Phase(deg)  Error(amp)  Error(phase)
#
   theoretical   0   instrument   fap
128                     
0.01    0.007071171     179.9715386     0.0     0.0
0.02    0.019404733     133.2742105     0.0     0.0
0.03    0.029818953     117.8852034     0.0     0.0
0.04    0.039925264     110.5945094     0.0     0.0
0.05    0.049963961     106.3327781     0.0     0.0
0.06    0.059981542     103.5282243     0.0     0.0
0.07    0.069990876     101.5379096     0.0     0.0
0.08    0.079996451     100.0494644     0.0     0.0
0.09    0.090000120     98.8925420      0.0     0.0
0.10    0.099926073     97.9662149      0.0     0.0
0.20    0.199879729     93.7296964      0.0     0.0
0.30    0.299861419     92.2148136      0.0     0.0
0.40    0.399880385     91.3768594      0.0     0.0
0.50    0.499932471     90.8093320      0.0     0.0
0.60    0.600003312     90.3769474      0.0     0.0
0.70    0.700070695     90.0217669      0.0     0.0
0.80    0.800108519     89.7148321      0.0     0.0
0.90    0.900091808     89.4400585      0.0     0.0
1.00    1.000000000     89.1877968      0.0     0.0
1.20    1.199583684     88.7282972      0.0     0.0
1.40    1.398949273     88.3073918      0.0     0.0
1.60    1.598360350     87.9106120      0.0     0.0
1.80    1.798088106     87.5299207      0.0     0.0
2.00    1.998220095     87.1604966      0.0     0.0
2.20    2.198559349     86.7992721      0.0     0.0
2.40    2.398698019     86.4442029      0.0     0.0
2.60    2.598241750     86.0938740      0.0     0.0
2.80    2.797059036     85.7472752      0.0     0.0
3.00    2.995398636     85.4036663      0.0     0.0
3.20    3.193784131     85.0624923      0.0     0.0
3.40    3.392725250     84.7233293      0.0     0.0
3.60    3.592403981     84.3858479      0.0     0.0
3.80    3.792525078     84.0497884      0.0     0.0
4.00    3.992438403     83.7149434      0.0     0.0
4.20    4.191485288     83.3811452      0.0     0.0
4.40    4.389381930     83.0482571      0.0     0.0
4.60    4.586414908     82.7161662      0.0     0.0
4.80    4.783317828     82.3847787      0.0     0.0
5.00    4.980876834     82.0540163      0.0     0.0
5.20    5.179476193     81.7238128      0.0     0.0
5.40    5.378845049     81.3941120      0.0     0.0
5.60    5.578166053     81.0648661      0.0     0.0
5.80    5.776506119     80.7360341      0.0     0.0
6.00    5.973339973     80.4075805      0.0     0.0
6.20    6.168870088     80.0794749      0.0     0.0
6.40    6.363947638     79.7516905      0.0     0.0
6.60    6.559618677     79.4242044      0.0     0.0
6.80    6.756536158     79.0969961      0.0     0.0
7.00    6.954567642     78.7700481      0.0     0.0
7.20    7.152831563     78.4433447      0.0     0.0
7.40    7.350160732     78.1168721      0.0     0.0
7.60    7.545747672     77.7906183      0.0     0.0
7.80    7.739611924     77.4645726      0.0     0.0
8.00    7.932616939     77.1387254      0.0     0.0
8.20    8.126009290     76.8130684      0.0     0.0
8.40    8.320724266     76.4875941      0.0     0.0
8.60    8.516843610     76.1622960      0.0     0.0
8.80    8.713518679     75.8371682      0.0     0.0
9.00    8.909418539     75.5122055      0.0     0.0
9.20    9.103466160     75.1874032      0.0     0.0
9.40    9.295453243     74.8627575      0.0     0.0
9.60    9.486180130     74.5382646      0.0     0.0
9.80    9.677025553     74.2139214      0.0     0.0
10.00   9.869173390     73.8897252      0.0     0.0
10.20   10.062927440    73.5656734      0.0     0.0
10.40   10.257509830    73.2417640      0.0     0.0
10.60   10.451475070    72.9179952      0.0     0.0
10.80   10.643522520    72.5943654      0.0     0.0
11.00   10.833251670    72.2708731      0.0     0.0
11.20   11.021419370    71.9475174      0.0     0.0
11.40   11.209528910    71.6242973      0.0     0.0
11.60   11.398963560    71.3012119      0.0     0.0
11.80   11.590154800    70.9782608      0.0     0.0
12.00   11.782282410    70.6554435      0.0     0.0
12.20   11.973716120    70.3327597      0.0     0.0
12.40   12.162977960    70.0102091      0.0     0.0
12.60   12.349672390    69.6877919      0.0     0.0
12.80   12.534803090    69.3655079      0.0     0.0
13.00   12.720218260    69.0433573      0.0     0.0
13.20   12.907444450    68.7213405      0.0     0.0
13.40   13.096596180    68.3994576      0.0     0.0
13.60   13.286110600    68.0777092      0.0     0.0
13.80   13.473655300    67.7560957      0.0     0.0
14.00   13.657838290    67.4346176      0.0     0.0
14.20   13.839665210    67.1132756      0.0     0.0
14.40   14.022433220    66.7920703      0.0     0.0
14.60   14.209159060    66.4710025      0.0     0.0
14.80   14.397650690    66.1500729      0.0     0.0
15.00   14.574574560    65.8292823      0.0     0.0
15.20   14.710803690    65.5086317      0.0     0.0
15.40   14.760477860    65.1881220      0.0     0.0
15.60   14.665370640    64.8677540      0.0     0.0
15.80   14.364542550    64.5475289      0.0     0.0
16.00   13.807407080    64.2274476      0.0     0.0
16.20   12.966925300    63.9075112      0.0     0.0
16.40   11.849228280    63.5877207      0.0     0.0
16.60   10.496742110    63.2680774      0.0     0.0
16.80   8.983628301     62.9485823      0.0     0.0
17.00   7.404479904     62.6292366      0.0     0.0
17.20   5.859031567     62.3100415      0.0     0.0
17.30   5.127631169     62.1505009      0.0     0.0
17.40   4.436584600     61.9909983      0.0     0.0
17.50   3.793395533     61.8315340      0.0     0.0
17.60   3.203673678     61.6721082      0.0     0.0
17.70   2.671077275     61.5127209      0.0     0.0
17.80   2.197354344     61.3533724      0.0     0.0
17.90   1.782471512     61.1940628      0.0     0.0
18.00   1.424814695     61.0347923      0.0     0.0
18.10   1.121442599     60.8755610      0.0     0.0
18.20   0.868372825     60.7163691      0.0     0.0
18.30   0.660880330     60.5572168      0.0     0.0
18.40   0.493789757     60.3981042      0.0     0.0
18.50   0.361745837     60.2390315      0.0     0.0
18.60   0.259449610     60.0799989      0.0     0.0
18.70   0.181852242     59.9210065      0.0     0.0
18.80   0.124302180     59.7620546      0.0     0.0
18.90   0.082645124     59.6031432      0.0     0.0
19.00   0.053279583     59.4442725      0.0     0.0
19.10   0.033173158     59.2854428      0.0     0.0
19.20   0.019846473     59.1266542      0.0     0.0
19.30   0.011332541     58.9679069      0.0     0.0
19.40   0.006119422     58.8092010      0.0     0.0
19.50   0.003083623     58.6505368      0.0     0.0
19.60   0.001420640     58.4919143      0.0     0.0
19.70   0.000577825     58.3333339      0.0     0.0
19.80   0.000193306     58.1747956      0.0     0.0
19.90   0.000043513     58.0162996      0.0     0.0
20.00   0.000000655     57.8578462      0.0     0.0
