# UNCLASSIFIED
#
# Response info for site PD31 be, bn, bz.
#
# Effective: 03 Jun 1998
# File name: PD31.BB.1281539590
# Inid:  
# Source:  James Neely (TTD)
# System equipment:  KS54000-01M1 sensor and AIM24S-3 digitizer.
# 
# The theoretical calib value for this configuration is 0.006417 nm/count @ 1.0 Hz.
# The response file was derived from equations of state.
# Displacement response relative to 1.0 at 1.0 Hz.
#
# The nominal calib values for configuration (BHZ/BHN/BHE)
# are Effective 11 Aug 2010. Digitizer firmware 3.32
# PD31 BHZ is 0.006417 nm/count at 1.0 Hz.
# PD31 BHN is 0.006417 nm/count at 1.0 Hz.
# PD31 BHE is 0.006417 nm/count at 1.0 Hz.
#
#
# Freq(Hz)  Amp(counts/nm)  Phase(deg)  Error(amp)  Error(phase)
#
 theoretical   0   instrument   fap
1802
0.010000	0.000071315	224.537400	0.0	0.0
0.020000	0.000360007	205.902400	0.0	0.0
0.030000	0.000858497	197.571900	0.0	0.0
0.040000	0.001560248	192.957300	0.0	0.0
0.050000	0.002463727	190.005700	0.0	0.0
0.060000	0.003568474	187.927100	0.0	0.0
0.070000	0.004874312	186.360400	0.0	0.0
0.080000	0.006381158	185.118500	0.0	0.0
0.090000	0.008088970	184.095400	0.0	0.0
0.100000	0.009990052	183.226300	0.0	0.0
0.110000	0.012382470	182.584500	0.0	0.0
0.120000	0.014900960	181.970700	0.0	0.0
0.130000	0.017549840	181.383800	0.0	0.0
0.140000	0.020333430	180.823100	0.0	0.0
0.150000	0.023256060	180.287600	0.0	0.0
0.160000	0.026322040	179.776400	0.0	0.0
0.170000	0.029535680	179.288700	0.0	0.0
0.180000	0.032901310	178.823600	0.0	0.0
0.190000	0.036423240	178.380200	0.0	0.0
0.200000	0.040105800	177.957500	0.0	0.0
0.210000	0.044033230	177.556700	0.0	0.0
0.220000	0.048270130	177.177300	0.0	0.0
0.230000	0.052791400	176.816500	0.0	0.0
0.240000	0.057571930	176.471400	0.0	0.0
0.250000	0.062586590	176.139100	0.0	0.0
0.260000	0.067810270	175.816700	0.0	0.0
0.270000	0.073217850	175.501200	0.0	0.0
0.280000	0.078784260	175.189800	0.0	0.0
0.290000	0.084484330	174.879600	0.0	0.0
0.300000	0.090292980	174.567700	0.0	0.0
0.310000	0.096290900	174.257200	0.0	0.0
0.320000	0.102563900	173.952800	0.0	0.0
0.330000	0.109094400	173.653700	0.0	0.0
0.340000	0.115864600	173.359200	0.0	0.0
0.350000	0.122857200	173.068600	0.0	0.0
0.360000	0.130054300	172.781100	0.0	0.0
0.370000	0.137438500	172.495900	0.0	0.0
0.380000	0.144992200	172.212500	0.0	0.0
0.390000	0.152697600	171.930000	0.0	0.0
0.400000	0.160537300	171.647800	0.0	0.0
0.410000	0.168571300	171.366700	0.0	0.0
0.420000	0.176862300	171.088000	0.0	0.0
0.430000	0.185396700	170.811400	0.0	0.0
0.440000	0.194161000	170.536700	0.0	0.0
0.450000	0.203141500	170.263700	0.0	0.0
0.460000	0.212324600	169.992000	0.0	0.0
0.470000	0.221696600	169.721400	0.0	0.0
0.480000	0.231244000	169.451700	0.0	0.0
0.490000	0.240953100	169.182500	0.0	0.0
0.500000	0.250810400	168.913600	0.0	0.0
0.510000	0.260863800	168.645400	0.0	0.0
0.520000	0.271162800	168.378300	0.0	0.0
0.530000	0.281696400	168.112400	0.0	0.0
0.540000	0.292453400	167.847300	0.0	0.0
0.550000	0.303422800	167.583000	0.0	0.0
0.560000	0.314593200	167.319500	0.0	0.0
0.570000	0.325953700	167.056500	0.0	0.0
0.580000	0.337493000	166.793900	0.0	0.0
0.590000	0.349200200	166.531700	0.0	0.0
0.600000	0.361063700	166.269700	0.0	0.0
0.610000	0.373123900	166.008100	0.0	0.0
0.620000	0.385421700	165.747100	0.0	0.0
0.630000	0.397947600	165.486700	0.0	0.0
0.640000	0.410692300	165.226800	0.0	0.0
0.650000	0.423646200	164.967300	0.0	0.0
0.660000	0.436799800	164.708300	0.0	0.0
0.670000	0.450143900	164.449500	0.0	0.0
0.680000	0.463668800	164.191000	0.0	0.0
0.690000	0.477365200	163.932700	0.0	0.0
0.700000	0.491223600	163.674600	0.0	0.0
0.710000	0.505278200	163.416600	0.0	0.0
0.720000	0.519564000	163.159100	0.0	0.0
0.730000	0.534072900	162.901800	0.0	0.0
0.740000	0.548796500	162.644900	0.0	0.0
0.750000	0.563726700	162.388200	0.0	0.0
0.760000	0.578855200	162.131700	0.0	0.0
0.770000	0.594174000	161.875400	0.0	0.0
0.780000	0.609674600	161.619200	0.0	0.0
0.790000	0.625348900	161.363100	0.0	0.0
0.800000	0.641188700	161.107200	0.0	0.0
0.810000	0.657223800	160.851300	0.0	0.0
0.820000	0.673484700	160.595700	0.0	0.0
0.830000	0.689964400	160.340200	0.0	0.0
0.840000	0.706655300	160.084900	0.0	0.0
0.850000	0.723550300	159.829700	0.0	0.0
0.860000	0.740642100	159.574700	0.0	0.0
0.870000	0.757923200	159.319800	0.0	0.0
0.880000	0.775386600	159.064900	0.0	0.0
0.890000	0.793024900	158.810100	0.0	0.0
0.900000	0.810830900	158.555300	0.0	0.0
0.910000	0.828711900	158.300600	0.0	0.0
0.920000	0.846628400	158.046000	0.0	0.0
0.930000	0.864653700	157.791600	0.0	0.0
0.940000	0.882860400	157.537200	0.0	0.0
0.950000	0.901321700	157.282900	0.0	0.0
0.960000	0.920110500	157.028700	0.0	0.0
0.970000	0.939299600	156.774400	0.0	0.0
0.980000	0.958962100	156.520100	0.0	0.0
0.990000	0.979170700	156.265800	0.0	0.0
1.000000	1.000000000	156.011400	0.0	0.0
1.010000	1.021205000	155.756900	0.0	0.0
1.020000	1.042502000	155.502600	0.0	0.0
1.030000	1.063893000	155.248300	0.0	0.0
1.040000	1.085381000	154.994100	0.0	0.0
1.050000	1.106969000	154.739900	0.0	0.0
1.060000	1.128660000	154.485800	0.0	0.0
1.070000	1.150459000	154.231800	0.0	0.0
1.080000	1.172367000	153.977800	0.0	0.0
1.090000	1.194388000	153.723800	0.0	0.0
1.100000	1.216525000	153.469800	0.0	0.0
1.110000	1.238782000	153.215900	0.0	0.0
1.120000	1.261161000	152.962000	0.0	0.0
1.130000	1.283667000	152.708100	0.0	0.0
1.140000	1.306301000	152.454200	0.0	0.0
1.150000	1.329067000	152.200300	0.0	0.0
1.160000	1.351968000	151.946400	0.0	0.0
1.170000	1.375008000	151.692500	0.0	0.0
1.180000	1.398189000	151.438600	0.0	0.0
1.190000	1.421516000	151.184600	0.0	0.0
1.200000	1.444990000	150.930600	0.0	0.0
1.210000	1.468616000	150.676500	0.0	0.0
1.220000	1.492396000	150.422400	0.0	0.0
1.230000	1.516333000	150.168300	0.0	0.0
1.240000	1.540431000	149.914100	0.0	0.0
1.250000	1.564694000	149.659900	0.0	0.0
1.260000	1.589123000	149.405500	0.0	0.0
1.270000	1.613723000	149.151100	0.0	0.0
1.280000	1.638496000	148.896600	0.0	0.0
1.290000	1.663446000	148.642000	0.0	0.0
1.300000	1.688576000	148.387300	0.0	0.0
1.310000	1.713889000	148.132600	0.0	0.0
1.320000	1.739388000	147.877700	0.0	0.0
1.330000	1.765076000	147.622700	0.0	0.0
1.340000	1.790957000	147.367500	0.0	0.0
1.350000	1.817034000	147.112300	0.0	0.0
1.360000	1.843310000	146.856900	0.0	0.0
1.370000	1.869787000	146.601300	0.0	0.0
1.380000	1.896471000	146.345700	0.0	0.0
1.390000	1.923363000	146.089800	0.0	0.0
1.400000	1.950466000	145.833900	0.0	0.0
1.410000	1.977784000	145.577700	0.0	0.0
1.420000	2.005321000	145.321400	0.0	0.0
1.430000	2.033078000	145.064900	0.0	0.0
1.440000	2.061047000	144.808300	0.0	0.0
1.450000	2.089221000	144.551800	0.0	0.0
1.460000	2.117598000	144.295200	0.0	0.0
1.470000	2.146177000	144.038700	0.0	0.0
1.480000	2.174958000	143.782200	0.0	0.0
1.490000	2.203938000	143.525700	0.0	0.0
1.500000	2.233117000	143.269100	0.0	0.0
1.510000	2.262495000	143.012600	0.0	0.0
1.520000	2.292068000	142.756000	0.0	0.0
1.530000	2.321838000	142.499400	0.0	0.0
1.540000	2.351801000	142.242800	0.0	0.0
1.550000	2.381959000	141.986100	0.0	0.0
1.560000	2.412308000	141.729500	0.0	0.0
1.570000	2.442848000	141.472700	0.0	0.0
1.580000	2.473578000	141.215900	0.0	0.0
1.590000	2.504498000	140.959100	0.0	0.0
1.600000	2.535605000	140.702200	0.0	0.0
1.610000	2.566899000	140.445300	0.0	0.0
1.620000	2.598378000	140.188200	0.0	0.0
1.630000	2.630041000	139.931100	0.0	0.0
1.640000	2.661888000	139.674000	0.0	0.0
1.650000	2.693918000	139.416700	0.0	0.0
1.660000	2.726128000	139.159400	0.0	0.0
1.670000	2.758518000	138.902000	0.0	0.0
1.680000	2.791087000	138.644500	0.0	0.0
1.690000	2.823833000	138.386800	0.0	0.0
1.700000	2.856757000	138.129100	0.0	0.0
1.710000	2.889855000	137.871200	0.0	0.0
1.720000	2.923129000	137.613300	0.0	0.0
1.730000	2.956575000	137.355200	0.0	0.0
1.740000	2.990194000	137.097000	0.0	0.0
1.750000	3.023983000	136.838700	0.0	0.0
1.760000	3.057942000	136.580200	0.0	0.0
1.770000	3.092071000	136.321600	0.0	0.0
1.780000	3.126367000	136.062900	0.0	0.0
1.790000	3.160829000	135.804000	0.0	0.0
1.800000	3.195457000	135.544900	0.0	0.0
1.810000	3.230249000	135.285700	0.0	0.0
1.820000	3.265205000	135.026400	0.0	0.0
1.830000	3.300323000	134.766800	0.0	0.0
1.840000	3.335601000	134.507100	0.0	0.0
1.850000	3.371039000	134.247200	0.0	0.0
1.860000	3.406637000	133.987200	0.0	0.0
1.870000	3.442392000	133.726900	0.0	0.0
1.880000	3.478303000	133.466400	0.0	0.0
1.890000	3.514370000	133.205800	0.0	0.0
1.900000	3.550591000	132.944900	0.0	0.0
1.910000	3.586965000	132.683900	0.0	0.0
1.920000	3.623492000	132.422600	0.0	0.0
1.930000	3.660169000	132.161100	0.0	0.0
1.940000	3.696996000	131.899400	0.0	0.0
1.950000	3.733972000	131.637500	0.0	0.0
1.960000	3.771095000	131.375300	0.0	0.0
1.970000	3.808366000	131.112900	0.0	0.0
1.980000	3.845781000	130.850300	0.0	0.0
1.990000	3.883340000	130.587400	0.0	0.0
2.000000	3.921043000	130.324300	0.0	0.0
2.010000	3.958935000	130.060900	0.0	0.0
2.020000	3.997060000	129.797400	0.0	0.0
2.030000	4.035415000	129.533800	0.0	0.0
2.040000	4.073997000	129.270000	0.0	0.0
2.050000	4.112802000	129.006100	0.0	0.0
2.060000	4.151827000	128.742100	0.0	0.0
2.070000	4.191070000	128.477900	0.0	0.0
2.080000	4.230526000	128.213600	0.0	0.0
2.090000	4.270194000	127.949100	0.0	0.0
2.100000	4.310068000	127.684500	0.0	0.0
2.110000	4.350147000	127.419800	0.0	0.0
2.120000	4.390427000	127.154900	0.0	0.0
2.130000	4.430905000	126.890000	0.0	0.0
2.140000	4.471578000	126.624800	0.0	0.0
2.150000	4.512441000	126.359600	0.0	0.0
2.160000	4.553493000	126.094200	0.0	0.0
2.170000	4.594730000	125.828700	0.0	0.0
2.180000	4.636149000	125.563100	0.0	0.0
2.190000	4.677745000	125.297300	0.0	0.0
2.200000	4.719517000	125.031400	0.0	0.0
2.210000	4.761462000	124.765400	0.0	0.0
2.220000	4.803575000	124.499300	0.0	0.0
2.230000	4.845853000	124.233100	0.0	0.0
2.240000	4.888293000	123.966700	0.0	0.0
2.250000	4.930894000	123.700200	0.0	0.0
2.260000	4.973650000	123.433600	0.0	0.0
2.270000	5.016559000	123.166900	0.0	0.0
2.280000	5.059617000	122.900100	0.0	0.0
2.290000	5.102821000	122.633200	0.0	0.0
2.300000	5.146168000	122.366100	0.0	0.0
2.310000	5.189655000	122.099000	0.0	0.0
2.320000	5.233279000	121.831700	0.0	0.0
2.330000	5.277037000	121.564300	0.0	0.0
2.340000	5.320923000	121.296800	0.0	0.0
2.350000	5.364938000	121.029200	0.0	0.0
2.360000	5.409076000	120.761500	0.0	0.0
2.370000	5.453333000	120.493700	0.0	0.0
2.380000	5.497709000	120.225800	0.0	0.0
2.390000	5.542199000	119.957800	0.0	0.0
2.400000	5.586800000	119.689700	0.0	0.0
2.410000	5.631508000	119.421500	0.0	0.0
2.420000	5.676320000	119.153200	0.0	0.0
2.430000	5.721233000	118.884800	0.0	0.0
2.440000	5.766244000	118.616300	0.0	0.0
2.450000	5.811351000	118.347700	0.0	0.0
2.460000	5.856548000	118.079000	0.0	0.0
2.470000	5.901834000	117.810300	0.0	0.0
2.480000	5.947205000	117.541400	0.0	0.0
2.490000	5.992658000	117.272400	0.0	0.0
2.500000	6.038189000	117.003400	0.0	0.0
2.510000	6.083795000	116.734200	0.0	0.0
2.520000	6.129475000	116.465000	0.0	0.0
2.530000	6.175222000	116.195700	0.0	0.0
2.540000	6.221035000	115.926300	0.0	0.0
2.550000	6.266912000	115.656800	0.0	0.0
2.560000	6.312846000	115.387300	0.0	0.0
2.570000	6.358837000	115.117600	0.0	0.0
2.580000	6.404881000	114.847900	0.0	0.0
2.590000	6.450975000	114.578100	0.0	0.0
2.600000	6.497116000	114.308200	0.0	0.0
2.610000	6.543298000	114.038300	0.0	0.0
2.620000	6.589521000	113.768300	0.0	0.0
2.630000	6.635780000	113.498100	0.0	0.0
2.640000	6.682074000	113.228000	0.0	0.0
2.650000	6.728397000	112.957700	0.0	0.0
2.660000	6.774748000	112.687400	0.0	0.0
2.670000	6.821123000	112.417000	0.0	0.0
2.680000	6.867517000	112.146600	0.0	0.0
2.690000	6.913929000	111.876000	0.0	0.0
2.700000	6.960356000	111.605500	0.0	0.0
2.710000	7.006793000	111.334800	0.0	0.0
2.720000	7.053238000	111.064100	0.0	0.0
2.730000	7.099687000	110.793300	0.0	0.0
2.740000	7.146138000	110.522400	0.0	0.0
2.750000	7.192587000	110.251500	0.0	0.0
2.760000	7.239031000	109.980600	0.0	0.0
2.770000	7.285466000	109.709600	0.0	0.0
2.780000	7.331890000	109.438500	0.0	0.0
2.790000	7.378299000	109.167400	0.0	0.0
2.800000	7.424689000	108.896200	0.0	0.0
2.810000	7.471060000	108.624900	0.0	0.0
2.820000	7.517404000	108.353600	0.0	0.0
2.830000	7.563721000	108.082300	0.0	0.0
2.840000	7.610008000	107.810900	0.0	0.0
2.850000	7.656259000	107.539500	0.0	0.0
2.860000	7.702474000	107.268000	0.0	0.0
2.870000	7.748964000	106.996100	0.0	0.0
2.880000	7.796010000	106.723600	0.0	0.0
2.890000	7.843555000	106.450600	0.0	0.0
2.900000	7.891545000	106.176900	0.0	0.0
2.910000	7.939923000	105.902800	0.0	0.0
2.920000	7.988634000	105.628100	0.0	0.0
2.930000	8.037623000	105.353100	0.0	0.0
2.940000	8.086835000	105.077500	0.0	0.0
2.950000	8.136213000	104.801600	0.0	0.0
2.960000	8.185703000	104.525400	0.0	0.0
2.970000	8.235249000	104.248800	0.0	0.0
2.980000	8.284795000	103.972000	0.0	0.0
2.990000	8.334287000	103.694900	0.0	0.0
3.000000	8.383668000	103.417700	0.0	0.0
3.010000	8.433044000	103.140200	0.0	0.0
3.020000	8.482555000	102.862700	0.0	0.0
3.030000	8.532198000	102.585000	0.0	0.0
3.040000	8.581968000	102.307100	0.0	0.0
3.050000	8.631863000	102.029100	0.0	0.0
3.060000	8.681878000	101.751000	0.0	0.0
3.070000	8.732010000	101.472800	0.0	0.0
3.080000	8.782252000	101.194400	0.0	0.0
3.090000	8.832604000	100.915900	0.0	0.0
3.100000	8.883061000	100.637300	0.0	0.0
3.110000	8.933620000	100.358600	0.0	0.0
3.120000	8.984276000	100.079700	0.0	0.0
3.130000	9.035027000	99.800800	0.0	0.0
3.140000	9.085866000	99.521750	0.0	0.0
3.150000	9.136791000	99.242590	0.0	0.0
3.160000	9.187800000	98.963330	0.0	0.0
3.170000	9.238888000	98.683980	0.0	0.0
3.180000	9.290050000	98.404520	0.0	0.0
3.190000	9.341283000	98.124980	0.0	0.0
3.200000	9.392583000	97.845340	0.0	0.0
3.210000	9.443947000	97.565640	0.0	0.0
3.220000	9.495371000	97.285830	0.0	0.0
3.230000	9.546852000	97.005940	0.0	0.0
3.240000	9.598384000	96.725980	0.0	0.0
3.250000	9.649964000	96.445940	0.0	0.0
3.260000	9.701591000	96.165840	0.0	0.0
3.270000	9.753256000	95.885650	0.0	0.0
3.280000	9.804960000	95.605420	0.0	0.0
3.290000	9.856698000	95.325110	0.0	0.0
3.300000	9.908463000	95.044730	0.0	0.0
3.310000	9.960257000	94.764320	0.0	0.0
3.320000	10.012070000	94.483830	0.0	0.0
3.330000	10.063910000	94.203310	0.0	0.0
3.340000	10.115750000	93.922730	0.0	0.0
3.350000	10.167610000	93.642100	0.0	0.0
3.360000	10.219480000	93.361430	0.0	0.0
3.370000	10.271350000	93.080730	0.0	0.0
3.380000	10.323220000	92.799990	0.0	0.0
3.390000	10.375080000	92.519210	0.0	0.0
3.400000	10.426940000	92.238400	0.0	0.0
3.410000	10.478780000	91.957570	0.0	0.0
3.420000	10.530610000	91.676700	0.0	0.0
3.430000	10.582420000	91.395820	0.0	0.0
3.440000	10.634210000	91.114910	0.0	0.0
3.450000	10.685970000	90.834000	0.0	0.0
3.460000	10.737700000	90.553070	0.0	0.0
3.470000	10.789390000	90.272110	0.0	0.0
3.480000	10.841050000	89.991160	0.0	0.0
3.490000	10.892670000	89.710210	0.0	0.0
3.500000	10.944240000	89.429240	0.0	0.0
3.510000	10.995760000	89.148280	0.0	0.0
3.520000	11.047220000	88.867340	0.0	0.0
3.530000	11.098630000	88.586390	0.0	0.0
3.540000	11.149980000	88.305440	0.0	0.0
3.550000	11.201270000	88.024520	0.0	0.0
3.560000	11.252490000	87.743610	0.0	0.0
3.570000	11.303630000	87.462720	0.0	0.0
3.580000	11.354700000	87.181850	0.0	0.0
3.590000	11.405690000	86.901020	0.0	0.0
3.600000	11.456590000	86.620190	0.0	0.0
3.610000	11.507410000	86.339400	0.0	0.0
3.620000	11.558140000	86.058650	0.0	0.0
3.630000	11.608780000	85.777940	0.0	0.0
3.640000	11.659310000	85.497260	0.0	0.0
3.650000	11.709740000	85.216620	0.0	0.0
3.660000	11.760070000	84.936030	0.0	0.0
3.670000	11.810290000	84.655490	0.0	0.0
3.680000	11.860390000	84.375000	0.0	0.0
3.690000	11.910380000	84.094550	0.0	0.0
3.700000	11.960240000	83.814170	0.0	0.0
3.710000	12.009980000	83.533850	0.0	0.0
3.720000	12.059600000	83.253590	0.0	0.0
3.730000	12.109080000	82.973390	0.0	0.0
3.740000	12.158420000	82.693260	0.0	0.0
3.750000	12.207630000	82.413210	0.0	0.0
3.760000	12.256690000	82.133220	0.0	0.0
3.770000	12.305600000	81.853320	0.0	0.0
3.780000	12.354360000	81.573490	0.0	0.0
3.790000	12.402970000	81.293750	0.0	0.0
3.800000	12.451420000	81.014090	0.0	0.0
3.810000	12.499700000	80.734520	0.0	0.0
3.820000	12.547820000	80.455060	0.0	0.0
3.830000	12.595770000	80.175670	0.0	0.0
3.840000	12.643550000	79.896390	0.0	0.0
3.850000	12.691150000	79.617200	0.0	0.0
3.860000	12.738560000	79.338100	0.0	0.0
3.870000	12.785800000	79.059140	0.0	0.0
3.880000	12.832840000	78.780270	0.0	0.0
3.890000	12.879690000	78.501520	0.0	0.0
3.900000	12.926350000	78.222880	0.0	0.0
3.910000	12.972800000	77.944350	0.0	0.0
3.920000	13.019050000	77.665950	0.0	0.0
3.930000	13.065090000	77.387680	0.0	0.0
3.940000	13.110930000	77.109530	0.0	0.0
3.950000	13.156540000	76.831510	0.0	0.0
3.960000	13.201940000	76.553620	0.0	0.0
3.970000	13.247120000	76.275870	0.0	0.0
3.980000	13.292060000	75.998250	0.0	0.0
3.990000	13.336780000	75.720780	0.0	0.0
4.000000	13.381270000	75.443450	0.0	0.0
4.010000	13.425670000	75.166100	0.0	0.0
4.020000	13.470150000	74.888600	0.0	0.0
4.030000	13.514690000	74.610920	0.0	0.0
4.040000	13.559290000	74.333110	0.0	0.0
4.050000	13.603950000	74.055140	0.0	0.0
4.060000	13.648660000	73.777040	0.0	0.0
4.070000	13.693410000	73.498800	0.0	0.0
4.080000	13.738210000	73.220450	0.0	0.0
4.090000	13.783040000	72.941980	0.0	0.0
4.100000	13.827910000	72.663390	0.0	0.0
4.110000	13.872800000	72.384690	0.0	0.0
4.120000	13.917710000	72.105900	0.0	0.0
4.130000	13.962640000	71.827020	0.0	0.0
4.140000	14.007580000	71.548060	0.0	0.0
4.150000	14.052520000	71.269000	0.0	0.0
4.160000	14.097470000	70.989880	0.0	0.0
4.170000	14.142420000	70.710700	0.0	0.0
4.180000	14.187350000	70.431470	0.0	0.0
4.190000	14.232280000	70.152170	0.0	0.0
4.200000	14.277180000	69.872830	0.0	0.0
4.210000	14.322060000	69.593450	0.0	0.0
4.220000	14.366910000	69.314040	0.0	0.0
4.230000	14.411730000	69.034590	0.0	0.0
4.240000	14.456510000	68.755130	0.0	0.0
4.250000	14.501250000	68.475680	0.0	0.0
4.260000	14.545940000	68.196200	0.0	0.0
4.270000	14.590580000	67.916730	0.0	0.0
4.280000	14.635160000	67.637270	0.0	0.0
4.290000	14.679670000	67.357800	0.0	0.0
4.300000	14.724120000	67.078370	0.0	0.0
4.310000	14.768490000	66.798960	0.0	0.0
4.320000	14.812790000	66.519580	0.0	0.0
4.330000	14.857000000	66.240250	0.0	0.0
4.340000	14.901130000	65.960970	0.0	0.0
4.350000	14.945160000	65.681740	0.0	0.0
4.360000	14.989100000	65.402560	0.0	0.0
4.370000	15.032930000	65.123450	0.0	0.0
4.380000	15.076650000	64.844420	0.0	0.0
4.390000	15.120260000	64.565460	0.0	0.0
4.400000	15.163760000	64.286600	0.0	0.0
4.410000	15.207130000	64.007820	0.0	0.0
4.420000	15.250370000	63.729150	0.0	0.0
4.430000	15.293480000	63.450570	0.0	0.0
4.440000	15.336460000	63.172120	0.0	0.0
4.450000	15.379290000	62.893780	0.0	0.0
4.460000	15.421970000	62.615570	0.0	0.0
4.470000	15.464500000	62.337490	0.0	0.0
4.480000	15.506880000	62.059550	0.0	0.0
4.490000	15.549090000	61.781750	0.0	0.0
4.500000	15.591130000	61.504100	0.0	0.0
4.510000	15.633000000	61.226620	0.0	0.0
4.520000	15.674700000	60.949300	0.0	0.0
4.530000	15.716210000	60.672150	0.0	0.0
4.540000	15.757530000	60.395180	0.0	0.0
4.550000	15.798660000	60.118400	0.0	0.0
4.560000	15.839600000	59.841800	0.0	0.0
4.570000	15.880330000	59.565410	0.0	0.0
4.580000	15.920860000	59.289220	0.0	0.0
4.590000	15.961170000	59.013240	0.0	0.0
4.600000	16.001270000	58.737480	0.0	0.0
4.610000	16.041140000	58.461940	0.0	0.0
4.620000	16.080790000	58.186650	0.0	0.0
4.630000	16.120210000	57.911580	0.0	0.0
4.640000	16.159390000	57.636750	0.0	0.0
4.650000	16.198320000	57.362180	0.0	0.0
4.660000	16.237010000	57.087870	0.0	0.0
4.670000	16.275450000	56.813820	0.0	0.0
4.680000	16.313630000	56.540040	0.0	0.0
4.690000	16.351550000	56.266530	0.0	0.0
4.700000	16.389200000	55.993320	0.0	0.0
4.710000	16.426590000	55.720390	0.0	0.0
4.720000	16.463690000	55.447760	0.0	0.0
4.730000	16.500510000	55.175430	0.0	0.0
4.740000	16.537050000	54.903420	0.0	0.0
4.750000	16.573290000	54.631720	0.0	0.0
4.760000	16.609240000	54.360340	0.0	0.0
4.770000	16.644890000	54.089290	0.0	0.0
4.780000	16.680230000	53.818580	0.0	0.0
4.790000	16.715260000	53.548220	0.0	0.0
4.800000	16.749970000	53.278200	0.0	0.0
4.810000	16.784370000	53.008540	0.0	0.0
4.820000	16.818430000	52.739240	0.0	0.0
4.830000	16.852170000	52.470320	0.0	0.0
4.840000	16.885560000	52.201760	0.0	0.0
4.850000	16.918620000	51.933590	0.0	0.0
4.860000	16.951330000	51.665820	0.0	0.0
4.870000	16.983690000	51.398430	0.0	0.0
4.880000	17.015690000	51.131450	0.0	0.0
4.890000	17.047330000	50.864880	0.0	0.0
4.900000	17.078610000	50.598720	0.0	0.0
4.910000	17.109510000	50.332990	0.0	0.0
4.920000	17.140040000	50.067680	0.0	0.0
4.930000	17.170190000	49.802820	0.0	0.0
4.940000	17.199950000	49.538390	0.0	0.0
4.950000	17.229320000	49.274410	0.0	0.0
4.960000	17.258300000	49.010880	0.0	0.0
4.970000	17.286870000	48.747830	0.0	0.0
4.980000	17.315040000	48.485230	0.0	0.0
4.990000	17.342800000	48.223110	0.0	0.0
5.000000	17.370140000	47.961470	0.0	0.0
5.010000	17.397300000	47.700120	0.0	0.0
5.020000	17.424510000	47.438870	0.0	0.0
5.030000	17.451770000	47.177710	0.0	0.0
5.040000	17.479060000	46.916650	0.0	0.0
5.050000	17.506400000	46.655700	0.0	0.0
5.060000	17.533750000	46.394870	0.0	0.0
5.070000	17.561130000	46.134140	0.0	0.0
5.080000	17.588530000	45.873550	0.0	0.0
5.090000	17.615940000	45.613070	0.0	0.0
5.100000	17.643350000	45.352730	0.0	0.0
5.110000	17.670770000	45.092520	0.0	0.0
5.120000	17.698180000	44.832450	0.0	0.0
5.130000	17.725570000	44.572530	0.0	0.0
5.140000	17.752950000	44.312750	0.0	0.0
5.150000	17.780310000	44.053130	0.0	0.0
5.160000	17.807640000	43.793670	0.0	0.0
5.170000	17.834930000	43.534370	0.0	0.0
5.180000	17.862190000	43.275240	0.0	0.0
5.190000	17.889400000	43.016270	0.0	0.0
5.200000	17.916560000	42.757500	0.0	0.0
5.210000	17.943660000	42.498890	0.0	0.0
5.220000	17.970710000	42.240470	0.0	0.0
5.230000	17.997680000	41.982250	0.0	0.0
5.240000	18.024580000	41.724220	0.0	0.0
5.250000	18.051400000	41.466390	0.0	0.0
5.260000	18.078140000	41.208760	0.0	0.0
5.270000	18.104790000	40.951350	0.0	0.0
5.280000	18.131340000	40.694150	0.0	0.0
5.290000	18.157790000	40.437170	0.0	0.0
5.300000	18.184130000	40.180410	0.0	0.0
5.310000	18.210360000	39.923880	0.0	0.0
5.320000	18.236470000	39.667580	0.0	0.0
5.330000	18.262460000	39.411520	0.0	0.0
5.340000	18.288320000	39.155710	0.0	0.0
5.350000	18.314040000	38.900130	0.0	0.0
5.360000	18.339620000	38.644810	0.0	0.0
5.370000	18.365060000	38.389740	0.0	0.0
5.380000	18.390340000	38.134940	0.0	0.0
5.390000	18.415470000	37.880400	0.0	0.0
5.400000	18.440430000	37.626130	0.0	0.0
5.410000	18.465220000	37.372140	0.0	0.0
5.420000	18.489840000	37.118420	0.0	0.0
5.430000	18.514280000	36.864990	0.0	0.0
5.440000	18.538530000	36.611850	0.0	0.0
5.450000	18.562590000	36.359000	0.0	0.0
5.460000	18.586450000	36.106450	0.0	0.0
5.470000	18.610110000	35.854190	0.0	0.0
5.480000	18.633570000	35.602250	0.0	0.0
5.490000	18.656800000	35.350620	0.0	0.0
5.500000	18.679820000	35.099300	0.0	0.0
5.510000	18.702610000	34.848300	0.0	0.0
5.520000	18.725170000	34.597640	0.0	0.0
5.530000	18.747500000	34.347300	0.0	0.0
5.540000	18.769580000	34.097300	0.0	0.0
5.550000	18.791420000	33.847630	0.0	0.0
5.560000	18.813000000	33.598310	0.0	0.0
5.570000	18.834320000	33.349340	0.0	0.0
5.580000	18.855380000	33.100720	0.0	0.0
5.590000	18.876160000	32.852460	0.0	0.0
5.600000	18.896670000	32.604570	0.0	0.0
5.610000	18.916900000	32.357040	0.0	0.0
5.620000	18.936840000	32.109880	0.0	0.0
5.630000	18.956490000	31.863100	0.0	0.0
5.640000	18.975840000	31.616700	0.0	0.0
5.650000	18.994880000	31.370690	0.0	0.0
5.660000	19.013620000	31.125070	0.0	0.0
5.670000	19.032040000	30.879840	0.0	0.0
5.680000	19.050130000	30.635010	0.0	0.0
5.690000	19.067910000	30.390590	0.0	0.0
5.700000	19.085350000	30.146580	0.0	0.0
5.710000	19.102450000	29.902980	0.0	0.0
5.720000	19.119200000	29.659800	0.0	0.0
5.730000	19.135610000	29.417040	0.0	0.0
5.740000	19.151670000	29.174710	0.0	0.0
5.750000	19.167360000	28.932810	0.0	0.0
5.760000	19.182680000	28.691350	0.0	0.0
5.770000	19.197640000	28.450340	0.0	0.0
5.780000	19.212210000	28.209760	0.0	0.0
5.790000	19.226410000	27.969640	0.0	0.0
5.800000	19.240210000	27.729980	0.0	0.0
5.810000	19.253620000	27.490770	0.0	0.0
5.820000	19.266630000	27.252030	0.0	0.0
5.830000	19.279240000	27.013760	0.0	0.0
5.840000	19.291430000	26.775970	0.0	0.0
5.850000	19.303200000	26.538650	0.0	0.0
5.860000	19.314560000	26.301820	0.0	0.0
5.870000	19.325490000	26.065470	0.0	0.0
5.880000	19.335980000	25.829620	0.0	0.0
5.890000	19.346030000	25.594270	0.0	0.0
5.900000	19.355630000	25.359410	0.0	0.0
5.910000	19.364790000	25.125070	0.0	0.0
5.920000	19.373490000	24.891230	0.0	0.0
5.930000	19.381730000	24.657920	0.0	0.0
5.940000	19.389500000	24.425120	0.0	0.0
5.950000	19.396790000	24.192850	0.0	0.0
5.960000	19.403610000	23.961110	0.0	0.0
5.970000	19.409940000	23.729900	0.0	0.0
5.980000	19.415790000	23.499230	0.0	0.0
5.990000	19.421140000	23.269110	0.0	0.0
6.000000	19.425980000	23.039540	0.0	0.0
6.010000	19.430520000	22.810750	0.0	0.0
6.020000	19.434930000	22.582950	0.0	0.0
6.030000	19.439230000	22.356140	0.0	0.0
6.040000	19.443420000	22.130280	0.0	0.0
6.050000	19.447500000	21.905350	0.0	0.0
6.060000	19.451480000	21.681330	0.0	0.0
6.070000	19.455350000	21.458190	0.0	0.0
6.080000	19.459110000	21.235910	0.0	0.0
6.090000	19.462780000	21.014460	0.0	0.0
6.100000	19.466350000	20.793840	0.0	0.0
6.110000	19.469830000	20.574000	0.0	0.0
6.120000	19.473220000	20.354930	0.0	0.0
6.130000	19.476520000	20.136610	0.0	0.0
6.140000	19.479730000	19.919010	0.0	0.0
6.150000	19.482870000	19.702110	0.0	0.0
6.160000	19.485920000	19.485890	0.0	0.0
6.170000	19.488890000	19.270320	0.0	0.0
6.180000	19.491790000	19.055370	0.0	0.0
6.190000	19.494620000	18.841040	0.0	0.0
6.200000	19.497380000	18.627280	0.0	0.0
6.210000	19.500080000	18.414090	0.0	0.0
6.220000	19.502710000	18.201440	0.0	0.0
6.230000	19.505280000	17.989300	0.0	0.0
6.240000	19.507790000	17.777650	0.0	0.0
6.250000	19.510250000	17.566470	0.0	0.0
6.260000	19.512650000	17.355730	0.0	0.0
6.270000	19.515000000	17.145410	0.0	0.0
6.280000	19.517310000	16.935500	0.0	0.0
6.290000	19.519570000	16.725950	0.0	0.0
6.300000	19.521790000	16.516770	0.0	0.0
6.310000	19.523970000	16.307910	0.0	0.0
6.320000	19.526120000	16.099350	0.0	0.0
6.330000	19.528230000	15.891080	0.0	0.0
6.340000	19.530310000	15.683070	0.0	0.0
6.350000	19.532360000	15.475300	0.0	0.0
6.360000	19.534380000	15.267740	0.0	0.0
6.370000	19.536380000	15.060370	0.0	0.0
6.380000	19.538370000	14.853170	0.0	0.0
6.390000	19.540330000	14.646120	0.0	0.0
6.400000	19.542280000	14.439180	0.0	0.0
6.410000	19.544220000	14.232340	0.0	0.0
6.420000	19.546150000	14.025580	0.0	0.0
6.430000	19.548070000	13.818870	0.0	0.0
6.440000	19.549990000	13.612190	0.0	0.0
6.450000	19.551910000	13.405520	0.0	0.0
6.460000	19.553830000	13.198830	0.0	0.0
6.470000	19.555750000	12.992100	0.0	0.0
6.480000	19.557680000	12.785300	0.0	0.0
6.490000	19.559620000	12.578420	0.0	0.0
6.500000	19.561570000	12.371430	0.0	0.0
6.510000	19.563540000	12.164300	0.0	0.0
6.520000	19.565520000	11.957020	0.0	0.0
6.530000	19.567530000	11.749560	0.0	0.0
6.540000	19.569560000	11.541900	0.0	0.0
6.550000	19.571610000	11.334020	0.0	0.0
6.560000	19.573690000	11.125880	0.0	0.0
6.570000	19.575810000	10.917470	0.0	0.0
6.580000	19.577960000	10.708780	0.0	0.0
6.590000	19.580140000	10.499760	0.0	0.0
6.600000	19.582370000	10.290400	0.0	0.0
6.610000	19.584630000	10.080680	0.0	0.0
6.620000	19.586950000	9.870569	0.0	0.0
6.630000	19.589310000	9.660049	0.0	0.0
6.640000	19.591710000	9.449097	0.0	0.0
6.650000	19.594180000	9.237690	0.0	0.0
6.660000	19.596690000	9.025801	0.0	0.0
6.670000	19.599280000	8.813379	0.0	0.0
6.680000	19.601990000	8.599953	0.0	0.0
6.690000	19.604830000	8.385459	0.0	0.0
6.700000	19.607800000	8.170003	0.0	0.0
6.710000	19.610880000	7.953694	0.0	0.0
6.720000	19.614060000	7.736639	0.0	0.0
6.730000	19.617310000	7.518949	0.0	0.0
6.740000	19.620640000	7.300730	0.0	0.0
6.750000	19.624010000	7.082091	0.0	0.0
6.760000	19.627430000	6.863140	0.0	0.0
6.770000	19.630870000	6.643985	0.0	0.0
6.780000	19.634320000	6.424735	0.0	0.0
6.790000	19.637770000	6.205497	0.0	0.0
6.800000	19.641200000	5.986381	0.0	0.0
6.810000	19.644610000	5.767493	0.0	0.0
6.820000	19.647970000	5.548944	0.0	0.0
6.830000	19.651260000	5.330839	0.0	0.0
6.840000	19.654490000	5.113288	0.0	0.0
6.850000	19.657630000	4.896400	0.0	0.0
6.860000	19.660670000	4.680281	0.0	0.0
6.870000	19.663590000	4.465042	0.0	0.0
6.880000	19.666380000	4.250789	0.0	0.0
6.890000	19.669030000	4.037631	0.0	0.0
6.900000	19.671530000	3.825675	0.0	0.0
6.910000	19.673850000	3.615032	0.0	0.0
6.920000	19.675990000	3.405808	0.0	0.0
6.930000	19.677930000	3.198111	0.0	0.0
6.940000	19.679650000	2.992051	0.0	0.0
6.950000	19.681150000	2.787735	0.0	0.0
6.960000	19.682410000	2.585271	0.0	0.0
6.970000	19.683400000	2.384768	0.0	0.0
6.980000	19.684140000	2.186334	0.0	0.0
6.990000	19.684590000	1.990077	0.0	0.0
7.000000	19.684740000	1.796106	0.0	0.0
7.010000	19.684590000	1.603464	0.0	0.0
7.020000	19.684170000	1.411152	0.0	0.0
7.030000	19.683460000	1.219169	0.0	0.0
7.040000	19.682490000	1.027516	0.0	0.0
7.050000	19.681240000	0.836193	0.0	0.0
7.060000	19.679720000	0.645199	0.0	0.0
7.070000	19.677950000	0.454535	0.0	0.0
7.080000	19.675910000	0.264200	0.0	0.0
7.090000	19.673620000	0.074194	0.0	0.0
7.100000	19.671070000	-0.115482	0.0	0.0
7.110000	19.668280000	-0.304829	0.0	0.0
7.120000	19.665240000	-0.493846	0.0	0.0
7.130000	19.661960000	-0.682534	0.0	0.0
7.140000	19.658450000	-0.870892	0.0	0.0
7.150000	19.654710000	-1.058921	0.0	0.0
7.160000	19.650720000	-1.246621	0.0	0.0
7.170000	19.646520000	-1.433992	0.0	0.0
7.180000	19.642100000	-1.621033	0.0	0.0
7.190000	19.637450000	-1.807745	0.0	0.0
7.200000	19.632600000	-1.994127	0.0	0.0
7.210000	19.627530000	-2.180181	0.0	0.0
7.220000	19.622250000	-2.365904	0.0	0.0
7.230000	19.616770000	-2.551299	0.0	0.0
7.240000	19.611090000	-2.736364	0.0	0.0
7.250000	19.605220000	-2.921101	0.0	0.0
7.260000	19.599150000	-3.105508	0.0	0.0
7.270000	19.592900000	-3.289586	0.0	0.0
7.280000	19.586460000	-3.473334	0.0	0.0
7.290000	19.579840000	-3.656754	0.0	0.0
7.300000	19.573040000	-3.839844	0.0	0.0
7.310000	19.566070000	-4.022605	0.0	0.0
7.320000	19.558930000	-4.205037	0.0	0.0
7.330000	19.551620000	-4.387140	0.0	0.0
7.340000	19.544150000	-4.568914	0.0	0.0
7.350000	19.536520000	-4.750360	0.0	0.0
7.360000	19.528740000	-4.931475	0.0	0.0
7.370000	19.520800000	-5.112262	0.0	0.0
7.380000	19.512720000	-5.292719	0.0	0.0
7.390000	19.504490000	-5.472848	0.0	0.0
7.400000	19.496130000	-5.652647	0.0	0.0
7.410000	19.487620000	-5.832118	0.0	0.0
7.420000	19.478990000	-6.011259	0.0	0.0
7.430000	19.470230000	-6.190072	0.0	0.0
7.440000	19.461340000	-6.368556	0.0	0.0
7.450000	19.452330000	-6.546711	0.0	0.0
7.460000	19.443200000	-6.724537	0.0	0.0
7.470000	19.433960000	-6.902034	0.0	0.0
7.480000	19.424610000	-7.079202	0.0	0.0
7.490000	19.415150000	-7.256041	0.0	0.0
7.500000	19.405580000	-7.432551	0.0	0.0
7.510000	19.395930000	-7.608733	0.0	0.0
7.520000	19.386170000	-7.784586	0.0	0.0
7.530000	19.376320000	-7.960109	0.0	0.0
7.540000	19.366390000	-8.135305	0.0	0.0
7.550000	19.356370000	-8.310171	0.0	0.0
7.560000	19.346270000	-8.484709	0.0	0.0
7.570000	19.336090000	-8.658916	0.0	0.0
7.580000	19.325850000	-8.832797	0.0	0.0
7.590000	19.315530000	-9.006349	0.0	0.0
7.600000	19.305140000	-9.179571	0.0	0.0
7.610000	19.294700000	-9.352466	0.0	0.0
7.620000	19.284200000	-9.525030	0.0	0.0
7.630000	19.273640000	-9.697268	0.0	0.0
7.640000	19.263030000	-9.869174	0.0	0.0
7.650000	19.252380000	-10.040760	0.0	0.0
7.660000	19.241680000	-10.212000	0.0	0.0
7.670000	19.230940000	-10.382930	0.0	0.0
7.680000	19.220170000	-10.553520	0.0	0.0
7.690000	19.209360000	-10.723780	0.0	0.0
7.700000	19.198530000	-10.893720	0.0	0.0
7.710000	19.187670000	-11.063330	0.0	0.0
7.720000	19.176800000	-11.232610	0.0	0.0
7.730000	19.165900000	-11.401560	0.0	0.0
7.740000	19.154990000	-11.570180	0.0	0.0
7.750000	19.144070000	-11.738470	0.0	0.0
7.760000	19.133150000	-11.906440	0.0	0.0
7.770000	19.122220000	-12.074080	0.0	0.0
7.780000	19.111300000	-12.241380	0.0	0.0
7.790000	19.100380000	-12.408360	0.0	0.0
7.800000	19.089470000	-12.575010	0.0	0.0
7.810000	19.078580000	-12.741340	0.0	0.0
7.820000	19.067690000	-12.907330	0.0	0.0
7.830000	19.056830000	-13.073000	0.0	0.0
7.840000	19.046000000	-13.238340	0.0	0.0
7.850000	19.035190000	-13.403350	0.0	0.0
7.860000	19.024410000	-13.568030	0.0	0.0
7.870000	19.013670000	-13.732380	0.0	0.0
7.880000	19.002970000	-13.896400	0.0	0.0
7.890000	18.992310000	-14.060100	0.0	0.0
7.900000	18.981690000	-14.223470	0.0	0.0
7.910000	18.971130000	-14.386510	0.0	0.0
7.920000	18.960620000	-14.549220	0.0	0.0
7.930000	18.950170000	-14.711600	0.0	0.0
7.940000	18.939780000	-14.873660	0.0	0.0
7.950000	18.929450000	-15.035380	0.0	0.0
7.960000	18.919190000	-15.196780	0.0	0.0
7.970000	18.909010000	-15.357850	0.0	0.0
7.980000	18.898900000	-15.518590	0.0	0.0
7.990000	18.888870000	-15.679010	0.0	0.0
8.000000	18.878920000	-15.839090	0.0	0.0
8.010000	18.868970000	-15.998860	0.0	0.0
8.020000	18.858920000	-16.158350	0.0	0.0
8.030000	18.848760000	-16.317560	0.0	0.0
8.040000	18.838510000	-16.476480	0.0	0.0
8.050000	18.828160000	-16.635110	0.0	0.0
8.060000	18.817720000	-16.793450	0.0	0.0
8.070000	18.807180000	-16.951510	0.0	0.0
8.080000	18.796550000	-17.109290	0.0	0.0
8.090000	18.785830000	-17.266780	0.0	0.0
8.100000	18.775020000	-17.423980	0.0	0.0
8.110000	18.764120000	-17.580910	0.0	0.0
8.120000	18.753130000	-17.737550	0.0	0.0
8.130000	18.742060000	-17.893900	0.0	0.0
8.140000	18.730900000	-18.049980	0.0	0.0
8.150000	18.719660000	-18.205770	0.0	0.0
8.160000	18.708340000	-18.361290	0.0	0.0
8.170000	18.696930000	-18.516520	0.0	0.0
8.180000	18.685450000	-18.671470	0.0	0.0
8.190000	18.673880000	-18.826150	0.0	0.0
8.200000	18.662240000	-18.980540	0.0	0.0
8.210000	18.650520000	-19.134650	0.0	0.0
8.220000	18.638730000	-19.288490	0.0	0.0
8.230000	18.626870000	-19.442050	0.0	0.0
8.240000	18.614930000	-19.595330	0.0	0.0
8.250000	18.602920000	-19.748330	0.0	0.0
8.260000	18.590850000	-19.901060	0.0	0.0
8.270000	18.578700000	-20.053510	0.0	0.0
8.280000	18.566490000	-20.205690	0.0	0.0
8.290000	18.554210000	-20.357590	0.0	0.0
8.300000	18.541870000	-20.509220	0.0	0.0
8.310000	18.529460000	-20.660570	0.0	0.0
8.320000	18.517000000	-20.811650	0.0	0.0
8.330000	18.504470000	-20.962450	0.0	0.0
8.340000	18.491880000	-21.112990	0.0	0.0
8.350000	18.479240000	-21.263250	0.0	0.0
8.360000	18.466540000	-21.413240	0.0	0.0
8.370000	18.453780000	-21.562950	0.0	0.0
8.380000	18.440970000	-21.712400	0.0	0.0
8.390000	18.428100000	-21.861570	0.0	0.0
8.400000	18.415190000	-22.010480	0.0	0.0
8.410000	18.402220000	-22.159120	0.0	0.0
8.420000	18.389210000	-22.307490	0.0	0.0
8.430000	18.376140000	-22.455580	0.0	0.0
8.440000	18.363040000	-22.603410	0.0	0.0
8.450000	18.349880000	-22.750980	0.0	0.0
8.460000	18.336680000	-22.898280	0.0	0.0
8.470000	18.323440000	-23.045300	0.0	0.0
8.480000	18.310160000	-23.192070	0.0	0.0
8.490000	18.296840000	-23.338560	0.0	0.0
8.500000	18.283480000	-23.484790	0.0	0.0
8.510000	18.270080000	-23.630760	0.0	0.0
8.520000	18.256650000	-23.776460	0.0	0.0
8.530000	18.243180000	-23.921900	0.0	0.0
8.540000	18.229670000	-24.067080	0.0	0.0
8.550000	18.216140000	-24.211990	0.0	0.0
8.560000	18.202570000	-24.356640	0.0	0.0
8.570000	18.188980000	-24.501030	0.0	0.0
8.580000	18.175350000	-24.645150	0.0	0.0
8.590000	18.161700000	-24.789020	0.0	0.0
8.600000	18.148020000	-24.932630	0.0	0.0
8.610000	18.134320000	-25.075970	0.0	0.0
8.620000	18.120590000	-25.219050	0.0	0.0
8.630000	18.106840000	-25.361880	0.0	0.0
8.640000	18.093070000	-25.504440	0.0	0.0
8.650000	18.079290000	-25.646750	0.0	0.0
8.660000	18.065480000	-25.788800	0.0	0.0
8.670000	18.051660000	-25.930590	0.0	0.0
8.680000	18.037820000	-26.072130	0.0	0.0
8.690000	18.023970000	-26.213410	0.0	0.0
8.700000	18.010100000	-26.354430	0.0	0.0
8.710000	17.996220000	-26.495200	0.0	0.0
8.720000	17.982330000	-26.635710	0.0	0.0
8.730000	17.968440000	-26.775970	0.0	0.0
8.740000	17.954530000	-26.915970	0.0	0.0
8.750000	17.940610000	-27.055720	0.0	0.0
8.760000	17.926700000	-27.195220	0.0	0.0
8.770000	17.912770000	-27.334460	0.0	0.0
8.780000	17.898850000	-27.473450	0.0	0.0
8.790000	17.884920000	-27.612190	0.0	0.0
8.800000	17.870990000	-27.750680	0.0	0.0
8.810000	17.857070000	-27.888910	0.0	0.0
8.820000	17.843150000	-28.026900	0.0	0.0
8.830000	17.829230000	-28.164640	0.0	0.0
8.840000	17.815310000	-28.302120	0.0	0.0
8.850000	17.801400000	-28.439360	0.0	0.0
8.860000	17.787500000	-28.576350	0.0	0.0
8.870000	17.773610000	-28.713090	0.0	0.0
8.880000	17.759720000	-28.849580	0.0	0.0
8.890000	17.745850000	-28.985830	0.0	0.0
8.900000	17.731990000	-29.121830	0.0	0.0
8.910000	17.718150000	-29.257580	0.0	0.0
8.920000	17.704310000	-29.393090	0.0	0.0
8.930000	17.690500000	-29.528350	0.0	0.0
8.940000	17.676700000	-29.663370	0.0	0.0
8.950000	17.662930000	-29.798140	0.0	0.0
8.960000	17.649170000	-29.932660	0.0	0.0
8.970000	17.635430000	-30.066950	0.0	0.0
8.980000	17.621720000	-30.200990	0.0	0.0
8.990000	17.608030000	-30.334790	0.0	0.0
9.000000	17.594370000	-30.468350	0.0	0.0
9.010000	17.580700000	-30.601670	0.0	0.0
9.020000	17.566990000	-30.734760	0.0	0.0
9.030000	17.553240000	-30.867620	0.0	0.0
9.040000	17.539450000	-31.000240	0.0	0.0
9.050000	17.525630000	-31.132640	0.0	0.0
9.060000	17.511770000	-31.264810	0.0	0.0
9.070000	17.497870000	-31.396740	0.0	0.0
9.080000	17.483940000	-31.528450	0.0	0.0
9.090000	17.469970000	-31.659930	0.0	0.0
9.100000	17.455970000	-31.791190	0.0	0.0
9.110000	17.441930000	-31.922210	0.0	0.0
9.120000	17.427870000	-32.053020	0.0	0.0
9.130000	17.413770000	-32.183590	0.0	0.0
9.140000	17.399640000	-32.313940	0.0	0.0
9.150000	17.385480000	-32.444060	0.0	0.0
9.160000	17.371280000	-32.573960	0.0	0.0
9.170000	17.357060000	-32.703640	0.0	0.0
9.180000	17.342810000	-32.833080	0.0	0.0
9.190000	17.328540000	-32.962310	0.0	0.0
9.200000	17.314230000	-33.091320	0.0	0.0
9.210000	17.299900000	-33.220100	0.0	0.0
9.220000	17.285540000	-33.348660	0.0	0.0
9.230000	17.271150000	-33.477000	0.0	0.0
9.240000	17.256740000	-33.605120	0.0	0.0
9.250000	17.242310000	-33.733020	0.0	0.0
9.260000	17.227850000	-33.860700	0.0	0.0
9.270000	17.213370000	-33.988160	0.0	0.0
9.280000	17.198870000	-34.115400	0.0	0.0
9.290000	17.184340000	-34.242420	0.0	0.0
9.300000	17.169800000	-34.369230	0.0	0.0
9.310000	17.155230000	-34.495820	0.0	0.0
9.320000	17.140640000	-34.622190	0.0	0.0
9.330000	17.126040000	-34.748340	0.0	0.0
9.340000	17.111420000	-34.874280	0.0	0.0
9.350000	17.096780000	-35.000000	0.0	0.0
9.360000	17.082120000	-35.125520	0.0	0.0
9.370000	17.067440000	-35.250810	0.0	0.0
9.380000	17.052750000	-35.375890	0.0	0.0
9.390000	17.038040000	-35.500760	0.0	0.0
9.400000	17.023320000	-35.625420	0.0	0.0
9.410000	17.008590000	-35.749860	0.0	0.0
9.420000	16.993840000	-35.874090	0.0	0.0
9.430000	16.979080000	-35.998110	0.0	0.0
9.440000	16.964310000	-36.121920	0.0	0.0
9.450000	16.949520000	-36.245520	0.0	0.0
9.460000	16.934730000	-36.368900	0.0	0.0
9.470000	16.919920000	-36.492080	0.0	0.0
9.480000	16.905110000	-36.615060	0.0	0.0
9.490000	16.890290000	-36.737820	0.0	0.0
9.500000	16.875460000	-36.860370	0.0	0.0
9.510000	16.860620000	-36.982720	0.0	0.0
9.520000	16.845770000	-37.104860	0.0	0.0
9.530000	16.830920000	-37.226800	0.0	0.0
9.540000	16.816060000	-37.348520	0.0	0.0
9.550000	16.801200000	-37.470040	0.0	0.0
9.560000	16.786340000	-37.591370	0.0	0.0
9.570000	16.771470000	-37.712470	0.0	0.0
9.580000	16.756600000	-37.833380	0.0	0.0
9.590000	16.741720000	-37.954090	0.0	0.0
9.600000	16.726850000	-38.074590	0.0	0.0
9.610000	16.711970000	-38.194900	0.0	0.0
9.620000	16.697090000	-38.314990	0.0	0.0
9.630000	16.682210000	-38.434890	0.0	0.0
9.640000	16.667340000	-38.554580	0.0	0.0
9.650000	16.652460000	-38.674080	0.0	0.0
9.660000	16.637590000	-38.793380	0.0	0.0
9.670000	16.622720000	-38.912480	0.0	0.0
9.680000	16.607860000	-39.031380	0.0	0.0
9.690000	16.593000000	-39.150070	0.0	0.0
9.700000	16.578140000	-39.268580	0.0	0.0
9.710000	16.563290000	-39.386880	0.0	0.0
9.720000	16.548450000	-39.504990	0.0	0.0
9.730000	16.533610000	-39.622890	0.0	0.0
9.740000	16.518780000	-39.740610	0.0	0.0
9.750000	16.503950000	-39.858130	0.0	0.0
9.760000	16.489140000	-39.975460	0.0	0.0
9.770000	16.474340000	-40.092580	0.0	0.0
9.780000	16.459550000	-40.209510	0.0	0.0
9.790000	16.444760000	-40.326260	0.0	0.0
9.800000	16.429990000	-40.442810	0.0	0.0
9.810000	16.415230000	-40.559160	0.0	0.0
9.820000	16.400490000	-40.675330	0.0	0.0
9.830000	16.385750000	-40.791300	0.0	0.0
9.840000	16.371030000	-40.907080	0.0	0.0
9.850000	16.356330000	-41.022670	0.0	0.0
9.860000	16.341640000	-41.138070	0.0	0.0
9.870000	16.326970000	-41.253280	0.0	0.0
9.880000	16.312310000	-41.368310	0.0	0.0
9.890000	16.297670000	-41.483140	0.0	0.0
9.900000	16.283050000	-41.597780	0.0	0.0
9.910000	16.268440000	-41.712250	0.0	0.0
9.920000	16.253860000	-41.826510	0.0	0.0
9.930000	16.239300000	-41.940600	0.0	0.0
9.940000	16.224750000	-42.054490	0.0	0.0
9.950000	16.210230000	-42.168210	0.0	0.0
9.960000	16.195730000	-42.281730	0.0	0.0
9.970000	16.181250000	-42.395080	0.0	0.0
9.980000	16.166800000	-42.508240	0.0	0.0
9.990000	16.152360000	-42.621210	0.0	0.0
10.000000	16.137960000	-42.734000	0.0	0.0
10.010000	16.123560000	-42.846610	0.0	0.0
10.020000	16.109170000	-42.959040	0.0	0.0
10.030000	16.094770000	-43.071280	0.0	0.0
10.040000	16.080370000	-43.183350	0.0	0.0
10.050000	16.065970000	-43.295230	0.0	0.0
10.060000	16.051570000	-43.406930	0.0	0.0
10.070000	16.037170000	-43.518450	0.0	0.0
10.080000	16.022770000	-43.629790	0.0	0.0
10.090000	16.008370000	-43.740960	0.0	0.0
10.100000	15.993970000	-43.851940	0.0	0.0
10.110000	15.979570000	-43.962740	0.0	0.0
10.120000	15.965170000	-44.073380	0.0	0.0
10.130000	15.950770000	-44.183820	0.0	0.0
10.140000	15.936370000	-44.294090	0.0	0.0
10.150000	15.921970000	-44.404190	0.0	0.0
10.160000	15.907570000	-44.514110	0.0	0.0
10.170000	15.893170000	-44.623850	0.0	0.0
10.180000	15.878770000	-44.733410	0.0	0.0
10.190000	15.864380000	-44.842800	0.0	0.0
10.200000	15.849990000	-44.952020	0.0	0.0
10.210000	15.835590000	-45.061060	0.0	0.0
10.220000	15.821200000	-45.169920	0.0	0.0
10.230000	15.806810000	-45.278620	0.0	0.0
10.240000	15.792420000	-45.387140	0.0	0.0
10.250000	15.778040000	-45.495490	0.0	0.0
10.260000	15.763660000	-45.603660	0.0	0.0
10.270000	15.749280000	-45.711660	0.0	0.0
10.280000	15.734900000	-45.819490	0.0	0.0
10.290000	15.720520000	-45.927150	0.0	0.0
10.300000	15.706150000	-46.034650	0.0	0.0
10.310000	15.691780000	-46.141960	0.0	0.0
10.320000	15.677410000	-46.249110	0.0	0.0
10.330000	15.663050000	-46.356090	0.0	0.0
10.340000	15.648690000	-46.462890	0.0	0.0
10.350000	15.634330000	-46.569530	0.0	0.0
10.360000	15.619970000	-46.676000	0.0	0.0
10.370000	15.605620000	-46.782300	0.0	0.0
10.380000	15.591280000	-46.888440	0.0	0.0
10.390000	15.576940000	-46.994410	0.0	0.0
10.400000	15.562600000	-47.100200	0.0	0.0
10.410000	15.548260000	-47.205840	0.0	0.0
10.420000	15.533930000	-47.311310	0.0	0.0
10.430000	15.519610000	-47.416610	0.0	0.0
10.440000	15.505290000	-47.521740	0.0	0.0
10.450000	15.490970000	-47.626710	0.0	0.0
10.460000	15.476660000	-47.731520	0.0	0.0
10.470000	15.462350000	-47.836170	0.0	0.0
10.480000	15.448050000	-47.940640	0.0	0.0
10.490000	15.433760000	-48.044960	0.0	0.0
10.500000	15.419470000	-48.149110	0.0	0.0
10.510000	15.405180000	-48.253110	0.0	0.0
10.520000	15.390900000	-48.356930	0.0	0.0
10.530000	15.376630000	-48.460600	0.0	0.0
10.540000	15.362360000	-48.564110	0.0	0.0
10.550000	15.348100000	-48.667450	0.0	0.0
10.560000	15.333850000	-48.770630	0.0	0.0
10.570000	15.319600000	-48.873650	0.0	0.0
10.580000	15.305360000	-48.976520	0.0	0.0
10.590000	15.291130000	-49.079230	0.0	0.0
10.600000	15.276900000	-49.181770	0.0	0.0
10.610000	15.262680000	-49.284160	0.0	0.0
10.620000	15.248460000	-49.386380	0.0	0.0
10.630000	15.234260000	-49.488450	0.0	0.0
10.640000	15.220060000	-49.590370	0.0	0.0
10.650000	15.205870000	-49.692130	0.0	0.0
10.660000	15.191680000	-49.793730	0.0	0.0
10.670000	15.177510000	-49.895170	0.0	0.0
10.680000	15.163340000	-49.996460	0.0	0.0
10.690000	15.149180000	-50.097600	0.0	0.0
10.700000	15.135030000	-50.198570	0.0	0.0
10.710000	15.120890000	-50.299400	0.0	0.0
10.720000	15.106750000	-50.400070	0.0	0.0
10.730000	15.092620000	-50.500580	0.0	0.0
10.740000	15.078510000	-50.600950	0.0	0.0
10.750000	15.064400000	-50.701160	0.0	0.0
10.760000	15.050300000	-50.801220	0.0	0.0
10.770000	15.036210000	-50.901120	0.0	0.0
10.780000	15.022130000	-51.000870	0.0	0.0
10.790000	15.008060000	-51.100480	0.0	0.0
10.800000	14.994000000	-51.199930	0.0	0.0
10.810000	14.979950000	-51.299230	0.0	0.0
10.820000	14.965900000	-51.398380	0.0	0.0
10.830000	14.951870000	-51.497380	0.0	0.0
10.840000	14.937850000	-51.596230	0.0	0.0
10.850000	14.923840000	-51.694930	0.0	0.0
10.860000	14.909840000	-51.793500	0.0	0.0
10.870000	14.895850000	-51.891900	0.0	0.0
10.880000	14.881870000	-51.990160	0.0	0.0
10.890000	14.867900000	-52.088270	0.0	0.0
10.900000	14.853940000	-52.186230	0.0	0.0
10.910000	14.840000000	-52.284060	0.0	0.0
10.920000	14.826060000	-52.381730	0.0	0.0
10.930000	14.812140000	-52.479260	0.0	0.0
10.940000	14.798230000	-52.576640	0.0	0.0
10.950000	14.784320000	-52.673870	0.0	0.0
10.960000	14.770440000	-52.770960	0.0	0.0
10.970000	14.756560000	-52.867910	0.0	0.0
10.980000	14.742690000	-52.964720	0.0	0.0
10.990000	14.728840000	-53.061370	0.0	0.0
11.000000	14.715000000	-53.157890	0.0	0.0
11.010000	14.701170000	-53.254270	0.0	0.0
11.020000	14.687340000	-53.350510	0.0	0.0
11.030000	14.673520000	-53.446590	0.0	0.0
11.040000	14.659690000	-53.542530	0.0	0.0
11.050000	14.645870000	-53.638340	0.0	0.0
11.060000	14.632060000	-53.733990	0.0	0.0
11.070000	14.618250000	-53.829500	0.0	0.0
11.080000	14.604440000	-53.924880	0.0	0.0
11.090000	14.590640000	-54.020110	0.0	0.0
11.100000	14.576840000	-54.115200	0.0	0.0
11.110000	14.563050000	-54.210150	0.0	0.0
11.120000	14.549260000	-54.304960	0.0	0.0
11.130000	14.535470000	-54.399630	0.0	0.0
11.140000	14.521690000	-54.494160	0.0	0.0
11.150000	14.507920000	-54.588540	0.0	0.0
11.160000	14.494150000	-54.682790	0.0	0.0
11.170000	14.480380000	-54.776890	0.0	0.0
11.180000	14.466620000	-54.870860	0.0	0.0
11.190000	14.452870000	-54.964690	0.0	0.0
11.200000	14.439120000	-55.058380	0.0	0.0
11.210000	14.425380000	-55.151940	0.0	0.0
11.220000	14.411640000	-55.245350	0.0	0.0
11.230000	14.397910000	-55.338630	0.0	0.0
11.240000	14.384190000	-55.431780	0.0	0.0
11.250000	14.370470000	-55.524770	0.0	0.0
11.260000	14.356760000	-55.617650	0.0	0.0
11.270000	14.343050000	-55.710370	0.0	0.0
11.280000	14.329350000	-55.802970	0.0	0.0
11.290000	14.315660000	-55.895430	0.0	0.0
11.300000	14.301980000	-55.987740	0.0	0.0
11.310000	14.288300000	-56.079930	0.0	0.0
11.320000	14.274630000	-56.171990	0.0	0.0
11.330000	14.260960000	-56.263900	0.0	0.0
11.340000	14.247310000	-56.355690	0.0	0.0
11.350000	14.233660000	-56.447340	0.0	0.0
11.360000	14.220020000	-56.538860	0.0	0.0
11.370000	14.206390000	-56.630240	0.0	0.0
11.380000	14.192760000	-56.721490	0.0	0.0
11.390000	14.179140000	-56.812600	0.0	0.0
11.400000	14.165540000	-56.903590	0.0	0.0
11.410000	14.151940000	-56.994450	0.0	0.0
11.420000	14.138340000	-57.085160	0.0	0.0
11.430000	14.124760000	-57.175750	0.0	0.0
11.440000	14.111190000	-57.266210	0.0	0.0
11.450000	14.097620000	-57.356540	0.0	0.0
11.460000	14.084070000	-57.446740	0.0	0.0
11.470000	14.070520000	-57.536800	0.0	0.0
11.480000	14.056980000	-57.626740	0.0	0.0
11.490000	14.043450000	-57.716550	0.0	0.0
11.500000	14.029930000	-57.806220	0.0	0.0
11.510000	14.016420000	-57.895770	0.0	0.0
11.520000	14.002920000	-57.985190	0.0	0.0
11.530000	13.989430000	-58.074480	0.0	0.0
11.540000	13.975950000	-58.163640	0.0	0.0
11.550000	13.962490000	-58.252680	0.0	0.0
11.560000	13.949030000	-58.341580	0.0	0.0
11.570000	13.935580000	-58.430360	0.0	0.0
11.580000	13.922140000	-58.519020	0.0	0.0
11.590000	13.908710000	-58.607540	0.0	0.0
11.600000	13.895300000	-58.695940	0.0	0.0
11.610000	13.881890000	-58.784210	0.0	0.0
11.620000	13.868500000	-58.872370	0.0	0.0
11.630000	13.855110000	-58.960380	0.0	0.0
11.640000	13.841740000	-59.048280	0.0	0.0
11.650000	13.828380000	-59.136060	0.0	0.0
11.660000	13.815030000	-59.223700	0.0	0.0
11.670000	13.801690000	-59.311230	0.0	0.0
11.680000	13.788370000	-59.398630	0.0	0.0
11.690000	13.775060000	-59.485900	0.0	0.0
11.700000	13.761760000	-59.573060	0.0	0.0
11.710000	13.748470000	-59.660090	0.0	0.0
11.720000	13.735190000	-59.746990	0.0	0.0
11.730000	13.721930000	-59.833770	0.0	0.0
11.740000	13.708680000	-59.920440	0.0	0.0
11.750000	13.695440000	-60.006980	0.0	0.0
11.760000	13.682220000	-60.093400	0.0	0.0
11.770000	13.669000000	-60.179700	0.0	0.0
11.780000	13.655810000	-60.265880	0.0	0.0
11.790000	13.642620000	-60.351930	0.0	0.0
11.800000	13.629450000	-60.437870	0.0	0.0
11.810000	13.616290000	-60.523690	0.0	0.0
11.820000	13.603150000	-60.609390	0.0	0.0
11.830000	13.590020000	-60.694960	0.0	0.0
11.840000	13.576900000	-60.780420	0.0	0.0
11.850000	13.563800000	-60.865760	0.0	0.0
11.860000	13.550710000	-60.950980	0.0	0.0
11.870000	13.537640000	-61.036080	0.0	0.0
11.880000	13.524580000	-61.121070	0.0	0.0
11.890000	13.511530000	-61.205930	0.0	0.0
11.900000	13.498500000	-61.290690	0.0	0.0
11.910000	13.485490000	-61.375320	0.0	0.0
11.920000	13.472490000	-61.459840	0.0	0.0
11.930000	13.459500000	-61.544240	0.0	0.0
11.940000	13.446530000	-61.628510	0.0	0.0
11.950000	13.433580000	-61.712690	0.0	0.0
11.960000	13.420640000	-61.796740	0.0	0.0
11.970000	13.407720000	-61.880680	0.0	0.0
11.980000	13.394810000	-61.964500	0.0	0.0
11.990000	13.381920000	-62.048210	0.0	0.0
12.000000	13.369050000	-62.131810	0.0	0.0
12.010000	13.356180000	-62.215280	0.0	0.0
12.020000	13.343330000	-62.298650	0.0	0.0
12.030000	13.330480000	-62.381900	0.0	0.0
12.040000	13.317650000	-62.465030	0.0	0.0
12.050000	13.304820000	-62.548050	0.0	0.0
12.060000	13.291990000	-62.630950	0.0	0.0
12.070000	13.279180000	-62.713750	0.0	0.0
12.080000	13.266380000	-62.796430	0.0	0.0
12.090000	13.253580000	-62.878990	0.0	0.0
12.100000	13.240800000	-62.961440	0.0	0.0
12.110000	13.228020000	-63.043770	0.0	0.0
12.120000	13.215250000	-63.126000	0.0	0.0
12.130000	13.202490000	-63.208110	0.0	0.0
12.140000	13.189740000	-63.290100	0.0	0.0
12.150000	13.177000000	-63.371990	0.0	0.0
12.160000	13.164270000	-63.453770	0.0	0.0
12.170000	13.151550000	-63.535430	0.0	0.0
12.180000	13.138830000	-63.616980	0.0	0.0
12.190000	13.126130000	-63.698420	0.0	0.0
12.200000	13.113440000	-63.779750	0.0	0.0
12.210000	13.100760000	-63.860960	0.0	0.0
12.220000	13.088080000	-63.942070	0.0	0.0
12.230000	13.075420000	-64.023060	0.0	0.0
12.240000	13.062760000	-64.103940	0.0	0.0
12.250000	13.050120000	-64.184720	0.0	0.0
12.260000	13.037490000	-64.265380	0.0	0.0
12.270000	13.024860000	-64.345940	0.0	0.0
12.280000	13.012250000	-64.426380	0.0	0.0
12.290000	12.999650000	-64.506720	0.0	0.0
12.300000	12.987060000	-64.586940	0.0	0.0
12.310000	12.974470000	-64.667070	0.0	0.0
12.320000	12.961900000	-64.747080	0.0	0.0
12.330000	12.949340000	-64.826970	0.0	0.0
12.340000	12.936790000	-64.906770	0.0	0.0
12.350000	12.924260000	-64.986460	0.0	0.0
12.360000	12.911730000	-65.066020	0.0	0.0
12.370000	12.899210000	-65.145500	0.0	0.0
12.380000	12.886710000	-65.224870	0.0	0.0
12.390000	12.874210000	-65.304120	0.0	0.0
12.400000	12.861730000	-65.383270	0.0	0.0
12.410000	12.849260000	-65.462320	0.0	0.0
12.420000	12.836800000	-65.541250	0.0	0.0
12.430000	12.824350000	-65.620090	0.0	0.0
12.440000	12.811920000	-65.698810	0.0	0.0
12.450000	12.799490000	-65.777430	0.0	0.0
12.460000	12.787080000	-65.855950	0.0	0.0
12.470000	12.774680000	-65.934360	0.0	0.0
12.480000	12.762290000	-66.012660	0.0	0.0
12.490000	12.749910000	-66.090860	0.0	0.0
12.500000	12.737550000	-66.168960	0.0	0.0
12.510000	12.725190000	-66.246940	0.0	0.0
12.520000	12.712850000	-66.324840	0.0	0.0
12.530000	12.700530000	-66.402610	0.0	0.0
12.540000	12.688210000	-66.480290	0.0	0.0
12.550000	12.675910000	-66.557870	0.0	0.0
12.560000	12.663620000	-66.635340	0.0	0.0
12.570000	12.651340000	-66.712720	0.0	0.0
12.580000	12.639080000	-66.789980	0.0	0.0
12.590000	12.626830000	-66.867160	0.0	0.0
12.600000	12.614590000	-66.944210	0.0	0.0
12.610000	12.602360000	-67.021160	0.0	0.0
12.620000	12.590150000	-67.098030	0.0	0.0
12.630000	12.577950000	-67.174790	0.0	0.0
12.640000	12.565770000	-67.251440	0.0	0.0
12.650000	12.553590000	-67.328000	0.0	0.0
12.660000	12.541430000	-67.404450	0.0	0.0
12.670000	12.529290000	-67.480810	0.0	0.0
12.680000	12.517160000	-67.557060	0.0	0.0
12.690000	12.505040000	-67.633220	0.0	0.0
12.700000	12.492940000	-67.709270	0.0	0.0
12.710000	12.480850000	-67.785220	0.0	0.0
12.720000	12.468770000	-67.861080	0.0	0.0
12.730000	12.456710000	-67.936840	0.0	0.0
12.740000	12.444660000	-68.012490	0.0	0.0
12.750000	12.432630000	-68.088050	0.0	0.0
12.760000	12.420610000	-68.163510	0.0	0.0
12.770000	12.408600000	-68.238860	0.0	0.0
12.780000	12.396610000	-68.314130	0.0	0.0
12.790000	12.384640000	-68.389300	0.0	0.0
12.800000	12.372670000	-68.464360	0.0	0.0
12.810000	12.360730000	-68.539330	0.0	0.0
12.820000	12.348800000	-68.614200	0.0	0.0
12.830000	12.336880000	-68.688970	0.0	0.0
12.840000	12.324980000	-68.763660	0.0	0.0
12.850000	12.313090000	-68.838240	0.0	0.0
12.860000	12.301220000	-68.912720	0.0	0.0
12.870000	12.289370000	-68.987110	0.0	0.0
12.880000	12.277520000	-69.061420	0.0	0.0
12.890000	12.265700000	-69.135600	0.0	0.0
12.900000	12.253890000	-69.209710	0.0	0.0
12.910000	12.242090000	-69.283720	0.0	0.0
12.920000	12.230320000	-69.357630	0.0	0.0
12.930000	12.218550000	-69.431440	0.0	0.0
12.940000	12.206810000	-69.505170	0.0	0.0
12.950000	12.195080000	-69.578800	0.0	0.0
12.960000	12.183360000	-69.652340	0.0	0.0
12.970000	12.171660000	-69.725780	0.0	0.0
12.980000	12.159980000	-69.799130	0.0	0.0
12.990000	12.148310000	-69.872380	0.0	0.0
13.000000	12.136660000	-69.945540	0.0	0.0
13.010000	12.125020000	-70.018620	0.0	0.0
13.020000	12.113400000	-70.091580	0.0	0.0
13.030000	12.101790000	-70.164450	0.0	0.0
13.040000	12.090200000	-70.237250	0.0	0.0
13.050000	12.078610000	-70.309940	0.0	0.0
13.060000	12.067040000	-70.382530	0.0	0.0
13.070000	12.055480000	-70.455060	0.0	0.0
13.080000	12.043940000	-70.527470	0.0	0.0
13.090000	12.032410000	-70.599780	0.0	0.0
13.100000	12.020890000	-70.672010	0.0	0.0
13.110000	12.009380000	-70.744160	0.0	0.0
13.120000	11.997890000	-70.816210	0.0	0.0
13.130000	11.986410000	-70.888150	0.0	0.0
13.140000	11.974940000	-70.960010	0.0	0.0
13.150000	11.963490000	-71.031780	0.0	0.0
13.160000	11.952050000	-71.103470	0.0	0.0
13.170000	11.940620000	-71.175060	0.0	0.0
13.180000	11.929200000	-71.246550	0.0	0.0
13.190000	11.917800000	-71.317960	0.0	0.0
13.200000	11.906410000	-71.389260	0.0	0.0
13.210000	11.895030000	-71.460480	0.0	0.0
13.220000	11.883660000	-71.531620	0.0	0.0
13.230000	11.872310000	-71.602670	0.0	0.0
13.240000	11.860970000	-71.673610	0.0	0.0
13.250000	11.849640000	-71.744480	0.0	0.0
13.260000	11.838320000	-71.815250	0.0	0.0
13.270000	11.827020000	-71.885940	0.0	0.0
13.280000	11.815730000	-71.956540	0.0	0.0
13.290000	11.804450000	-72.027040	0.0	0.0
13.300000	11.793180000	-72.097460	0.0	0.0
13.310000	11.781930000	-72.167780	0.0	0.0
13.320000	11.770680000	-72.238010	0.0	0.0
13.330000	11.759450000	-72.308170	0.0	0.0
13.340000	11.748240000	-72.378230	0.0	0.0
13.350000	11.737030000	-72.448200	0.0	0.0
13.360000	11.725840000	-72.518100	0.0	0.0
13.370000	11.714650000	-72.587880	0.0	0.0
13.380000	11.703490000	-72.657590	0.0	0.0
13.390000	11.692330000	-72.727210	0.0	0.0
13.400000	11.681180000	-72.796750	0.0	0.0
13.410000	11.670050000	-72.866200	0.0	0.0
13.420000	11.658930000	-72.935560	0.0	0.0
13.430000	11.647820000	-73.004830	0.0	0.0
13.440000	11.636720000	-73.074020	0.0	0.0
13.450000	11.625640000	-73.143120	0.0	0.0
13.460000	11.614560000	-73.212140	0.0	0.0
13.470000	11.603500000	-73.281070	0.0	0.0
13.480000	11.592450000	-73.349910	0.0	0.0
13.490000	11.581410000	-73.418670	0.0	0.0
13.500000	11.570390000	-73.487340	0.0	0.0
13.510000	11.559370000	-73.555920	0.0	0.0
13.520000	11.548370000	-73.624430	0.0	0.0
13.530000	11.537380000	-73.692840	0.0	0.0
13.540000	11.526400000	-73.761160	0.0	0.0
13.550000	11.515430000	-73.829410	0.0	0.0
13.560000	11.504480000	-73.897570	0.0	0.0
13.570000	11.493530000	-73.965640	0.0	0.0
13.580000	11.482600000	-74.033650	0.0	0.0
13.590000	11.471680000	-74.101550	0.0	0.0
13.600000	11.460770000	-74.169370	0.0	0.0
13.610000	11.449870000	-74.237110	0.0	0.0
13.620000	11.438980000	-74.304760	0.0	0.0
13.630000	11.428100000	-74.372340	0.0	0.0
13.640000	11.417240000	-74.439830	0.0	0.0
13.650000	11.406390000	-74.507230	0.0	0.0
13.660000	11.395540000	-74.574550	0.0	0.0
13.670000	11.384710000	-74.641800	0.0	0.0
13.680000	11.373890000	-74.708950	0.0	0.0
13.690000	11.363080000	-74.776040	0.0	0.0
13.700000	11.352290000	-74.843030	0.0	0.0
13.710000	11.341500000	-74.909930	0.0	0.0
13.720000	11.330730000	-74.976770	0.0	0.0
13.730000	11.319960000	-75.043520	0.0	0.0
13.740000	11.309210000	-75.110180	0.0	0.0
13.750000	11.298470000	-75.176770	0.0	0.0
13.760000	11.287740000	-75.243260	0.0	0.0
13.770000	11.277020000	-75.309690	0.0	0.0
13.780000	11.266310000	-75.376050	0.0	0.0
13.790000	11.255610000	-75.442300	0.0	0.0
13.800000	11.244930000	-75.508480	0.0	0.0
13.810000	11.234250000	-75.574580	0.0	0.0
13.820000	11.223590000	-75.640590	0.0	0.0
13.830000	11.212930000	-75.706540	0.0	0.0
13.840000	11.202290000	-75.772390	0.0	0.0
13.850000	11.191660000	-75.838180	0.0	0.0
13.860000	11.181030000	-75.903880	0.0	0.0
13.870000	11.170420000	-75.969500	0.0	0.0
13.880000	11.159820000	-76.035040	0.0	0.0
13.890000	11.149230000	-76.100500	0.0	0.0
13.900000	11.138650000	-76.165890	0.0	0.0
13.910000	11.128090000	-76.231200	0.0	0.0
13.920000	11.117530000	-76.296430	0.0	0.0
13.930000	11.106980000	-76.361560	0.0	0.0
13.940000	11.096440000	-76.426650	0.0	0.0
13.950000	11.085920000	-76.491640	0.0	0.0
13.960000	11.075400000	-76.556550	0.0	0.0
13.970000	11.064890000	-76.621380	0.0	0.0
13.980000	11.054400000	-76.686150	0.0	0.0
13.990000	11.043910000	-76.750840	0.0	0.0
14.000000	11.033440000	-76.815440	0.0	0.0
14.010000	11.022980000	-76.879950	0.0	0.0
14.020000	11.012550000	-76.944360	0.0	0.0
14.030000	11.002140000	-77.008670	0.0	0.0
14.040000	10.991760000	-77.072850	0.0	0.0
14.050000	10.981390000	-77.136950	0.0	0.0
14.060000	10.971050000	-77.200950	0.0	0.0
14.070000	10.960730000	-77.264820	0.0	0.0
14.080000	10.950440000	-77.328620	0.0	0.0
14.090000	10.940160000	-77.392300	0.0	0.0
14.100000	10.929910000	-77.455890	0.0	0.0
14.110000	10.919670000	-77.519400	0.0	0.0
14.120000	10.909460000	-77.582790	0.0	0.0
14.130000	10.899260000	-77.646100	0.0	0.0
14.140000	10.889080000	-77.709300	0.0	0.0
14.150000	10.878920000	-77.772420	0.0	0.0
14.160000	10.868780000	-77.835440	0.0	0.0
14.170000	10.858660000	-77.898370	0.0	0.0
14.180000	10.848550000	-77.961210	0.0	0.0
14.190000	10.838470000	-78.023960	0.0	0.0
14.200000	10.828390000	-78.086640	0.0	0.0
14.210000	10.818340000	-78.149220	0.0	0.0
14.220000	10.808300000	-78.211700	0.0	0.0
14.230000	10.798270000	-78.274110	0.0	0.0
14.240000	10.788260000	-78.336430	0.0	0.0
14.250000	10.778260000	-78.398670	0.0	0.0
14.260000	10.768280000	-78.460830	0.0	0.0
14.270000	10.758310000	-78.522910	0.0	0.0
14.280000	10.748350000	-78.584910	0.0	0.0
14.290000	10.738410000	-78.646820	0.0	0.0
14.300000	10.728470000	-78.708670	0.0	0.0
14.310000	10.718550000	-78.770430	0.0	0.0
14.320000	10.708640000	-78.832120	0.0	0.0
14.330000	10.698740000	-78.893740	0.0	0.0
14.340000	10.688860000	-78.955280	0.0	0.0
14.350000	10.678980000	-79.016740	0.0	0.0
14.360000	10.669110000	-79.078140	0.0	0.0
14.370000	10.659250000	-79.139470	0.0	0.0
14.380000	10.649390000	-79.200720	0.0	0.0
14.390000	10.639550000	-79.261910	0.0	0.0
14.400000	10.629720000	-79.323030	0.0	0.0
14.410000	10.619890000	-79.384090	0.0	0.0
14.420000	10.610060000	-79.445080	0.0	0.0
14.430000	10.600250000	-79.506000	0.0	0.0
14.440000	10.590440000	-79.566860	0.0	0.0
14.450000	10.580640000	-79.627660	0.0	0.0
14.460000	10.570840000	-79.688400	0.0	0.0
14.470000	10.561040000	-79.749080	0.0	0.0
14.480000	10.551250000	-79.809700	0.0	0.0
14.490000	10.541470000	-79.870260	0.0	0.0
14.500000	10.531680000	-79.930760	0.0	0.0
14.510000	10.521900000	-79.991200	0.0	0.0
14.520000	10.512130000	-80.051610	0.0	0.0
14.530000	10.502350000	-80.111950	0.0	0.0
14.540000	10.492580000	-80.172230	0.0	0.0
14.550000	10.482800000	-80.232470	0.0	0.0
14.560000	10.473030000	-80.292650	0.0	0.0
14.570000	10.463260000	-80.352780	0.0	0.0
14.580000	10.453490000	-80.412860	0.0	0.0
14.590000	10.443720000	-80.472890	0.0	0.0
14.600000	10.433950000	-80.532890	0.0	0.0
14.610000	10.424170000	-80.592830	0.0	0.0
14.620000	10.414400000	-80.652730	0.0	0.0
14.630000	10.404620000	-80.712580	0.0	0.0
14.640000	10.394840000	-80.772400	0.0	0.0
14.650000	10.385050000	-80.832160	0.0	0.0
14.660000	10.375270000	-80.891900	0.0	0.0
14.670000	10.365470000	-80.951590	0.0	0.0
14.680000	10.355680000	-81.011250	0.0	0.0
14.690000	10.345880000	-81.070860	0.0	0.0
14.700000	10.336070000	-81.130440	0.0	0.0
14.710000	10.326260000	-81.189980	0.0	0.0
14.720000	10.316440000	-81.249490	0.0	0.0
14.730000	10.306620000	-81.308960	0.0	0.0
14.740000	10.296790000	-81.368400	0.0	0.0
14.750000	10.286950000	-81.427810	0.0	0.0
14.760000	10.277100000	-81.487190	0.0	0.0
14.770000	10.267250000	-81.546540	0.0	0.0
14.780000	10.257390000	-81.605870	0.0	0.0
14.790000	10.247510000	-81.665170	0.0	0.0
14.800000	10.237630000	-81.724430	0.0	0.0
14.810000	10.227740000	-81.783680	0.0	0.0
14.820000	10.217830000	-81.842890	0.0	0.0
14.830000	10.207920000	-81.902090	0.0	0.0
14.840000	10.198000000	-81.961270	0.0	0.0
14.850000	10.188060000	-82.020430	0.0	0.0
14.860000	10.178110000	-82.079560	0.0	0.0
14.870000	10.168150000	-82.138680	0.0	0.0
14.880000	10.158180000	-82.197780	0.0	0.0
14.890000	10.148190000	-82.256850	0.0	0.0
14.900000	10.138190000	-82.315910	0.0	0.0
14.910000	10.128170000	-82.374970	0.0	0.0
14.920000	10.118140000	-82.434010	0.0	0.0
14.930000	10.108090000	-82.493030	0.0	0.0
14.940000	10.098030000	-82.552030	0.0	0.0
14.950000	10.087950000	-82.611040	0.0	0.0
14.960000	10.077860000	-82.670030	0.0	0.0
14.970000	10.067750000	-82.729010	0.0	0.0
14.980000	10.057620000	-82.787990	0.0	0.0
14.990000	10.047480000	-82.846950	0.0	0.0
15.000000	10.037310000	-82.905910	0.0	0.0
15.010000	10.027130000	-82.964540	0.0	0.0
15.020000	10.016940000	-83.022580	0.0	0.0
15.030000	10.006710000	-83.080160	0.0	0.0
15.040000	9.996449000	-83.137340	0.0	0.0
15.050000	9.986131000	-83.194210	0.0	0.0
15.060000	9.975750000	-83.250870	0.0	0.0
15.070000	9.965293000	-83.307410	0.0	0.0
15.080000	9.954748000	-83.363920	0.0	0.0
15.090000	9.944106000	-83.420480	0.0	0.0
15.100000	9.933352000	-83.477200	0.0	0.0
15.110000	9.922506000	-83.533990	0.0	0.0
15.120000	9.911590000	-83.590680	0.0	0.0
15.130000	9.900594000	-83.647350	0.0	0.0
15.140000	9.889511000	-83.703940	0.0	0.0
15.150000	9.878333000	-83.760470	0.0	0.0
15.160000	9.867049000	-83.816930	0.0	0.0
15.170000	9.855654000	-83.873320	0.0	0.0
15.180000	9.844139000	-83.929660	0.0	0.0
15.190000	9.832497000	-83.985950	0.0	0.0
15.200000	9.820717000	-84.042150	0.0	0.0
15.210000	9.808814000	-84.098290	0.0	0.0
15.220000	9.796798000	-84.154370	0.0	0.0
15.230000	9.784660000	-84.210400	0.0	0.0
15.240000	9.772395000	-84.266360	0.0	0.0
15.250000	9.759995000	-84.322250	0.0	0.0
15.260000	9.747454000	-84.378070	0.0	0.0
15.270000	9.734764000	-84.433850	0.0	0.0
15.280000	9.721917000	-84.489560	0.0	0.0
15.290000	9.708909000	-84.545200	0.0	0.0
15.300000	9.695733000	-84.600800	0.0	0.0
15.310000	9.682389000	-84.656320	0.0	0.0
15.320000	9.668884000	-84.711780	0.0	0.0
15.330000	9.655214000	-84.767190	0.0	0.0
15.340000	9.641369000	-84.822530	0.0	0.0
15.350000	9.627350000	-84.877800	0.0	0.0
15.360000	9.613149000	-84.933020	0.0	0.0
15.370000	9.598761000	-84.988190	0.0	0.0
15.380000	9.584180000	-85.043270	0.0	0.0
15.390000	9.569405000	-85.098300	0.0	0.0
15.400000	9.554425000	-85.153290	0.0	0.0
15.410000	9.539238000	-85.208190	0.0	0.0
15.420000	9.523840000	-85.263050	0.0	0.0
15.430000	9.508227000	-85.317830	0.0	0.0
15.440000	9.492399000	-85.372570	0.0	0.0
15.450000	9.476351000	-85.427230	0.0	0.0
15.460000	9.460081000	-85.481840	0.0	0.0
15.470000	9.443587000	-85.536380	0.0	0.0
15.480000	9.426867000	-85.590880	0.0	0.0
15.490000	9.409916000	-85.645320	0.0	0.0
15.500000	9.392733000	-85.699690	0.0	0.0
15.510000	9.375300000	-85.753990	0.0	0.0
15.520000	9.357610000	-85.808240	0.0	0.0
15.530000	9.339658000	-85.862430	0.0	0.0
15.540000	9.321445000	-85.916560	0.0	0.0
15.550000	9.302974000	-85.970650	0.0	0.0
15.560000	9.284242000	-86.024660	0.0	0.0
15.570000	9.265252000	-86.078610	0.0	0.0
15.580000	9.246002000	-86.132500	0.0	0.0
15.590000	9.226494000	-86.186330	0.0	0.0
15.600000	9.206728000	-86.240120	0.0	0.0
15.610000	9.186676000	-86.293840	0.0	0.0
15.620000	9.166320000	-86.347500	0.0	0.0
15.630000	9.145661000	-86.401090	0.0	0.0
15.640000	9.124704000	-86.454640	0.0	0.0
15.650000	9.103450000	-86.508130	0.0	0.0
15.660000	9.081905000	-86.561550	0.0	0.0
15.670000	9.060072000	-86.614920	0.0	0.0
15.680000	9.037952000	-86.668240	0.0	0.0
15.690000	9.015550000	-86.721480	0.0	0.0
15.700000	8.992867000	-86.774670	0.0	0.0
15.710000	8.969872000	-86.827800	0.0	0.0
15.720000	8.946535000	-86.880900	0.0	0.0
15.730000	8.922861000	-86.933910	0.0	0.0
15.740000	8.898857000	-86.986880	0.0	0.0
15.750000	8.874529000	-87.039780	0.0	0.0
15.760000	8.849885000	-87.092640	0.0	0.0
15.770000	8.824928000	-87.145420	0.0	0.0
15.780000	8.799665000	-87.198160	0.0	0.0
15.790000	8.774105000	-87.250840	0.0	0.0
15.800000	8.748251000	-87.303470	0.0	0.0
15.810000	8.722063000	-87.356020	0.0	0.0
15.820000	8.695504000	-87.408540	0.0	0.0
15.830000	8.668586000	-87.460980	0.0	0.0
15.840000	8.641316000	-87.513370	0.0	0.0
15.850000	8.613705000	-87.565700	0.0	0.0
15.860000	8.585758000	-87.617990	0.0	0.0
15.870000	8.557487000	-87.670210	0.0	0.0
15.880000	8.528901000	-87.722370	0.0	0.0
15.890000	8.500009000	-87.774490	0.0	0.0
15.900000	8.470818000	-87.826550	0.0	0.0
15.910000	8.441284000	-87.878560	0.0	0.0
15.920000	8.411365000	-87.930500	0.0	0.0
15.930000	8.381074000	-87.982390	0.0	0.0
15.940000	8.350420000	-88.034220	0.0	0.0
15.950000	8.319418000	-88.085990	0.0	0.0
15.960000	8.288077000	-88.137710	0.0	0.0
15.970000	8.256410000	-88.189390	0.0	0.0
15.980000	8.224427000	-88.240990	0.0	0.0
15.990000	8.192141000	-88.292540	0.0	0.0
16.000000	8.159562000	-88.344060	0.0	0.0
16.010000	8.126640000	-88.395480	0.0	0.0
16.020000	8.093333000	-88.446880	0.0	0.0
16.030000	8.059654000	-88.498220	0.0	0.0
16.040000	8.025617000	-88.549500	0.0	0.0
16.050000	7.991235000	-88.600720	0.0	0.0
16.060000	7.956522000	-88.651890	0.0	0.0
16.070000	7.921493000	-88.703010	0.0	0.0
16.080000	7.886159000	-88.754070	0.0	0.0
16.090000	7.850537000	-88.805080	0.0	0.0
16.100000	7.814639000	-88.856030	0.0	0.0
16.110000	7.778413000	-88.906940	0.0	0.0
16.120000	7.741811000	-88.957780	0.0	0.0
16.130000	7.704854000	-89.008580	0.0	0.0
16.140000	7.667555000	-89.059320	0.0	0.0
16.150000	7.629929000	-89.109990	0.0	0.0
16.160000	7.591993000	-89.160630	0.0	0.0
16.170000	7.553761000	-89.211200	0.0	0.0
16.180000	7.515250000	-89.261730	0.0	0.0
16.190000	7.476476000	-89.312200	0.0	0.0
16.200000	7.437452000	-89.362610	0.0	0.0
16.210000	7.398127000	-89.412980	0.0	0.0
16.220000	7.358454000	-89.463290	0.0	0.0
16.230000	7.318451000	-89.513530	0.0	0.0
16.240000	7.278137000	-89.563740	0.0	0.0
16.250000	7.237526000	-89.613900	0.0	0.0
16.260000	7.196637000	-89.664000	0.0	0.0
16.270000	7.155487000	-89.714040	0.0	0.0
16.280000	7.114092000	-89.764030	0.0	0.0
16.290000	7.072472000	-89.813980	0.0	0.0
16.300000	7.030642000	-89.863870	0.0	0.0
16.310000	6.988549000	-89.913700	0.0	0.0
16.320000	6.946147000	-89.963490	0.0	0.0
16.330000	6.903456000	-90.013220	0.0	0.0
16.340000	6.860493000	-90.062900	0.0	0.0
16.350000	6.817276000	-90.112530	0.0	0.0
16.360000	6.773826000	-90.162100	0.0	0.0
16.370000	6.730159000	-90.211620	0.0	0.0
16.380000	6.686295000	-90.261090	0.0	0.0
16.390000	6.642250000	-90.310510	0.0	0.0
16.400000	6.598044000	-90.359860	0.0	0.0
16.410000	6.553625000	-90.409190	0.0	0.0
16.420000	6.508945000	-90.458450	0.0	0.0
16.430000	6.464028000	-90.507680	0.0	0.0
16.440000	6.418889000	-90.556820	0.0	0.0
16.450000	6.373549000	-90.605930	0.0	0.0
16.460000	6.328028000	-90.654990	0.0	0.0
16.470000	6.282343000	-90.703990	0.0	0.0
16.480000	6.236517000	-90.752950	0.0	0.0
16.490000	6.190567000	-90.801860	0.0	0.0
16.500000	6.144512000	-90.850720	0.0	0.0
16.510000	6.098301000	-90.899510	0.0	0.0
16.520000	6.051889000	-90.948270	0.0	0.0
16.530000	6.005295000	-90.996960	0.0	0.0
16.540000	5.958541000	-91.045620	0.0	0.0
16.550000	5.911645000	-91.094220	0.0	0.0
16.560000	5.864629000	-91.142780	0.0	0.0
16.570000	5.817511000	-91.191270	0.0	0.0
16.580000	5.770312000	-91.239720	0.0	0.0
16.590000	5.723051000	-91.288120	0.0	0.0
16.600000	5.675749000	-91.336460	0.0	0.0
16.610000	5.628354000	-91.384770	0.0	0.0
16.620000	5.580822000	-91.433010	0.0	0.0
16.630000	5.533174000	-91.481210	0.0	0.0
16.640000	5.485428000	-91.529360	0.0	0.0
16.650000	5.437607000	-91.577450	0.0	0.0
16.660000	5.389730000	-91.625520	0.0	0.0
16.670000	5.341817000	-91.673520	0.0	0.0
16.680000	5.293889000	-91.721470	0.0	0.0
16.690000	5.245964000	-91.769370	0.0	0.0
16.700000	5.198065000	-91.817200	0.0	0.0
16.710000	5.150139000	-91.865020	0.0	0.0
16.720000	5.102144000	-91.912770	0.0	0.0
16.730000	5.054098000	-91.960470	0.0	0.0
16.740000	5.006024000	-92.008130	0.0	0.0
16.750000	4.957941000	-92.055750	0.0	0.0
16.760000	4.909869000	-92.103290	0.0	0.0
16.770000	4.861828000	-92.150800	0.0	0.0
16.780000	4.813840000	-92.198270	0.0	0.0
16.790000	4.765923000	-92.245680	0.0	0.0
16.800000	4.718099000	-92.293050	0.0	0.0
16.810000	4.670316000	-92.340370	0.0	0.0
16.820000	4.622532000	-92.387630	0.0	0.0
16.830000	4.574766000	-92.434850	0.0	0.0
16.840000	4.527037000	-92.482020	0.0	0.0
16.850000	4.479367000	-92.529140	0.0	0.0
16.860000	4.431774000	-92.576220	0.0	0.0
16.870000	4.384278000	-92.623250	0.0	0.0
16.880000	4.336901000	-92.670210	0.0	0.0
16.890000	4.289661000	-92.717150	0.0	0.0
16.900000	4.242578000	-92.764030	0.0	0.0
16.910000	4.194835000	-92.810960	0.0	0.0
16.920000	4.146039000	-92.857980	0.0	0.0
16.930000	4.096694000	-92.905040	0.0	0.0
16.940000	4.047305000	-92.952070	0.0	0.0
16.950000	3.998373000	-92.999020	0.0	0.0
16.960000	3.950403000	-93.045800	0.0	0.0
16.970000	3.903900000	-93.092380	0.0	0.0
16.980000	3.859366000	-93.138680	0.0	0.0
16.990000	3.817306000	-93.184630	0.0	0.0
17.000000	3.778221000	-93.230190	0.0	0.0
17.010000	3.740597000	-93.275540	0.0	0.0
17.020000	3.702801000	-93.320880	0.0	0.0
17.030000	3.664840000	-93.366200	0.0	0.0
17.040000	3.626724000	-93.411540	0.0	0.0
17.050000	3.588462000	-93.456860	0.0	0.0
17.060000	3.550063000	-93.502170	0.0	0.0
17.070000	3.511536000	-93.547470	0.0	0.0
17.080000	3.472891000	-93.592760	0.0	0.0
17.090000	3.434136000	-93.638040	0.0	0.0
17.100000	3.395281000	-93.683320	0.0	0.0
17.110000	3.356335000	-93.728580	0.0	0.0
17.120000	3.317306000	-93.773820	0.0	0.0
17.130000	3.278204000	-93.819060	0.0	0.0
17.140000	3.239039000	-93.864280	0.0	0.0
17.150000	3.199818000	-93.909500	0.0	0.0
17.160000	3.160552000	-93.954700	0.0	0.0
17.170000	3.121249000	-93.999870	0.0	0.0
17.180000	3.081919000	-94.045040	0.0	0.0
17.190000	3.042570000	-94.090190	0.0	0.0
17.200000	3.003212000	-94.135330	0.0	0.0
17.210000	2.963855000	-94.180450	0.0	0.0
17.220000	2.924505000	-94.225560	0.0	0.0
17.230000	2.885174000	-94.270640	0.0	0.0
17.240000	2.845870000	-94.315700	0.0	0.0
17.250000	2.806603000	-94.360760	0.0	0.0
17.260000	2.767380000	-94.405780	0.0	0.0
17.270000	2.728213000	-94.450780	0.0	0.0
17.280000	2.689109000	-94.495770	0.0	0.0
17.290000	2.650077000	-94.540740	0.0	0.0
17.300000	2.611128000	-94.585690	0.0	0.0
17.310000	2.572269000	-94.630600	0.0	0.0
17.320000	2.533511000	-94.675500	0.0	0.0
17.330000	2.494862000	-94.720380	0.0	0.0
17.340000	2.456331000	-94.765220	0.0	0.0
17.350000	2.417927000	-94.810050	0.0	0.0
17.360000	2.379660000	-94.854850	0.0	0.0
17.370000	2.341539000	-94.899640	0.0	0.0
17.380000	2.303572000	-94.944380	0.0	0.0
17.390000	2.265769000	-94.989100	0.0	0.0
17.400000	2.228139000	-95.033810	0.0	0.0
17.410000	2.190691000	-95.078470	0.0	0.0
17.420000	2.153435000	-95.123120	0.0	0.0
17.430000	2.116379000	-95.167720	0.0	0.0
17.440000	2.079532000	-95.212310	0.0	0.0
17.450000	2.042903000	-95.256860	0.0	0.0
17.460000	2.006503000	-95.301380	0.0	0.0
17.470000	1.970339000	-95.345870	0.0	0.0
17.480000	1.934421000	-95.390340	0.0	0.0
17.490000	1.898758000	-95.434760	0.0	0.0
17.500000	1.863359000	-95.479150	0.0	0.0
17.510000	1.828233000	-95.523510	0.0	0.0
17.520000	1.793389000	-95.567830	0.0	0.0
17.530000	1.758838000	-95.612130	0.0	0.0
17.540000	1.724586000	-95.656390	0.0	0.0
17.550000	1.690644000	-95.700610	0.0	0.0
17.560000	1.657021000	-95.744790	0.0	0.0
17.570000	1.623726000	-95.788940	0.0	0.0
17.580000	1.590768000	-95.833050	0.0	0.0
17.590000	1.558156000	-95.877120	0.0	0.0
17.600000	1.525899000	-95.921160	0.0	0.0
17.610000	1.494006000	-95.965150	0.0	0.0
17.620000	1.462487000	-96.009110	0.0	0.0
17.630000	1.431351000	-96.053030	0.0	0.0
17.640000	1.400606000	-96.096910	0.0	0.0
17.650000	1.370262000	-96.140730	0.0	0.0
17.660000	1.340328000	-96.184530	0.0	0.0
17.670000	1.310812000	-96.228280	0.0	0.0
17.680000	1.281725000	-96.272000	0.0	0.0
17.690000	1.253075000	-96.315650	0.0	0.0
17.700000	1.224872000	-96.359270	0.0	0.0
17.710000	1.197124000	-96.402850	0.0	0.0
17.720000	1.169841000	-96.446390	0.0	0.0
17.730000	1.143031000	-96.489870	0.0	0.0
17.740000	1.116703000	-96.533310	0.0	0.0
17.750000	1.090868000	-96.576710	0.0	0.0
17.760000	1.065534000	-96.620040	0.0	0.0
17.770000	1.040710000	-96.663340	0.0	0.0
17.780000	1.016405000	-96.706600	0.0	0.0
17.790000	0.992628900	-96.749790	0.0	0.0
17.800000	0.969389900	-96.792950	0.0	0.0
17.810000	0.946697600	-96.836040	0.0	0.0
17.820000	0.924560900	-96.879090	0.0	0.0
17.830000	0.902989000	-96.922090	0.0	0.0
17.840000	0.881991000	-96.965030	0.0	0.0
17.850000	0.861576000	-97.007940	0.0	0.0
17.860000	0.841753200	-97.050770	0.0	0.0
17.870000	0.822531600	-97.093550	0.0	0.0
17.880000	0.803920400	-97.136300	0.0	0.0
17.890000	0.785928500	-97.178980	0.0	0.0
17.900000	0.768565400	-97.221600	0.0	0.0
17.910000	0.751839800	-97.264170	0.0	0.0
17.920000	0.735761200	-97.306690	0.0	0.0
17.930000	0.720338500	-97.349140	0.0	0.0
17.940000	0.705580700	-97.391530	0.0	0.0
17.950000	0.691497100	-97.433870	0.0	0.0
17.960000	0.678096800	-97.476160	0.0	0.0
17.970000	0.665388900	-97.518390	0.0	0.0
17.980000	0.653382400	-97.560550	0.0	0.0
17.990000	0.642086500	-97.602650	0.0	0.0
18.000000	0.631834071	-97.643370	0.0	0.0
19.000000	0.020644048	-101.651371	0.0	0.0
20.000000	0.000000223	-105.306449	0.0	0.0
