# UNCLASSIFIED
#
# Response info for PDAR short period sites.
#
# Effective: 24 Aug 2010
# Created:   31 Aug 2010
# File name: pdar_sp_rsp_236.txt
# Inid:  
# Source:  James Neely (TTD)
# System equipment:  GS21 velocity seismometer and AIM24S-1 digitizer.
# 
# This nominal response file is derived from the average of actual RB cals.
#
# Displacement response relative to 1.0 at 1.0 Hz. The nominal calib values for
# this configuration are as follows:
#
# PD01 SHZ is 0.012820 nm/count at 1.0 Hz.
# PD02 SHZ is 0.012420 nm/count at 1.0 Hz.
# PD03 SHZ is 0.012570 nm/count at 1.0 Hz.
# PD04 SHZ is 0.012140 nm/count at 1.0 Hz.
# PD05 SHZ is 0.012480 nm/count at 1.0 Hz.
# PD06 SHZ is 0.011610 nm/count at 1.0 Hz.
# PD07 SHZ is 0.013000 nm/count at 1.0 Hz.
# PD08 SHZ is 0.011950 nm/count at 1.0 Hz.
# PD09 SHZ is 0.012640 nm/count at 1.0 Hz.
# PD10 SHZ is 0.012530 nm/count at 1.0 Hz.
# PD11 SHZ is 0.013540 nm/count at 1.0 Hz.
# PD12 SHZ is 0.012600 nm/count at 1.0 Hz.
# PD13 SHZ is 0.012610 nm/count at 1.0 Hz.
# 
# Freq(Hz)    Ampl(counts/nm)   Phase(deg)  Error(amp)  Error(phase)
#
 theoretical  0       system    fap   J.Neely
2027
0.102500	0.001499050	261.000000	0.0	0.0
0.107400	0.001777100	260.600000	0.0	0.0
0.112300	0.002069275	260.200000	0.0	0.0
0.117200	0.002285906	259.800000	0.0	0.0
0.122100	0.002500000	259.400000	0.0	0.0
0.127000	0.002800000	259.000000	0.0	0.0
0.131800	0.003100000	258.600000	0.0	0.0
0.136700	0.003630581	258.200000	0.0	0.0
0.141600	0.004077066	257.800000	0.0	0.0
0.146500	0.004559229	257.400000	0.0	0.0
0.151400	0.004900682	257.000000	0.0	0.0
0.156300	0.005322181	256.600000	0.0	0.0
0.161100	0.005861839	256.200000	0.0	0.0
0.166000	0.006495086	255.800000	0.0	0.0
0.170900	0.007221102	255.400000	0.0	0.0
0.175800	0.007831444	255.000000	0.0	0.0
0.180700	0.008564543	254.600000	0.0	0.0
0.185500	0.009243166	254.200000	0.0	0.0
0.190400	0.010011287	253.800000	0.0	0.0
0.195300	0.010776724	253.400000	0.0	0.0
0.200200	0.011707909	253.000000	0.0	0.0
0.205100	0.012537522	252.600000	0.0	0.0
0.210000	0.013542415	252.200000	0.0	0.0
0.214800	0.014364163	251.800000	0.0	0.0
0.219700	0.015543100	251.400000	0.0	0.0
0.224600	0.016565108	251.000000	0.0	0.0
0.229500	0.017867640	250.600000	0.0	0.0
0.234400	0.018996133	250.200000	0.0	0.0
0.239300	0.019839691	249.800000	0.0	0.0
0.244100	0.021153915	249.400000	0.0	0.0
0.249000	0.022449911	249.000000	0.0	0.0
0.253900	0.024027935	248.600000	0.0	0.0
0.258800	0.025135484	248.200000	0.0	0.0
0.263700	0.026462167	247.800000	0.0	0.0
0.268600	0.027704120	247.400000	0.0	0.0
0.273400	0.028991810	247.000000	0.0	0.0
0.278300	0.030378544	246.600000	0.0	0.0
0.283200	0.032207327	246.200000	0.0	0.0
0.288100	0.034003223	245.800000	0.0	0.0
0.293000	0.036233782	245.400000	0.0	0.0
0.297900	0.036700000	245.000000	0.0	0.0
0.302700	0.040000000	244.545455	0.0	0.0
0.307600	0.041000000	244.090910	0.0	0.0
0.312500	0.044000000	243.636365	0.0	0.0
0.317400	0.045086371	243.181820	0.0	0.0
0.322300	0.048357951	242.727275	0.0	0.0
0.327100	0.050807356	242.272730	0.0	0.0
0.332000	0.053712633	241.818185	0.0	0.0
0.336900	0.054931819	241.363640	0.0	0.0
0.341800	0.056771908	240.909095	0.0	0.0
0.346700	0.058880179	240.454550	0.0	0.0
0.351600	0.061914863	240.000005	0.0	0.0
0.356400	0.064913883	239.545460	0.0	0.0
0.361300	0.067148620	239.090915	0.0	0.0
0.366200	0.069422916	238.636370	0.0	0.0
0.371100	0.072086243	238.181825	0.0	0.0
0.376000	0.075304081	237.727280	0.0	0.0
0.380900	0.077800090	237.272735	0.0	0.0
0.385700	0.082984253	236.818190	0.0	0.0
0.390600	0.085904665	236.363645	0.0	0.0
0.395500	0.089704786	235.909100	0.0	0.0
0.400400	0.090479004	235.454555	0.0	0.0
0.405300	0.093396445	235.000010	0.0	0.0
0.410200	0.096231804	234.545465	0.0	0.0
0.415000	0.099855288	234.090920	0.0	0.0
0.419900	0.103506792	233.636375	0.0	0.0
0.424800	0.106000000	233.181830	0.0	0.0
0.429700	0.110000000	232.727285	0.0	0.0
0.434600	0.113000000	232.272740	0.0	0.0
0.439500	0.121751455	231.818195	0.0	0.0
0.444300	0.122656790	231.363650	0.0	0.0
0.449200	0.125801494	230.909105	0.0	0.0
0.454100	0.129584005	230.454560	0.0	0.0
0.459000	0.133665791	230.000015	0.0	0.0
0.463900	0.138325163	229.545470	0.0	0.0
0.468800	0.142208633	229.090925	0.0	0.0
0.473600	0.146621010	228.636380	0.0	0.0
0.478500	0.151213140	228.181835	0.0	0.0
0.483400	0.156043256	227.727290	0.0	0.0
0.488300	0.160186194	227.272745	0.0	0.0
0.493200	0.165313218	226.818200	0.0	0.0
0.498000	0.170025419	226.363655	0.0	0.0
0.502900	0.174859497	225.730769	0.0	0.0
0.507800	0.180021080	225.161538	0.0	0.0
0.512700	0.185071752	224.600000	0.0	0.0
0.517600	0.189960540	223.953846	0.0	0.0
0.522500	0.194013676	223.538462	0.0	0.0
0.527300	0.198361630	223.215385	0.0	0.0
0.532200	0.203890900	222.661538	0.0	0.0
0.537100	0.208926491	222.184615	0.0	0.0
0.542000	0.215476138	221.430769	0.0	0.0
0.546900	0.221094048	221.130769	0.0	0.0
0.551800	0.226699636	220.746154	0.0	0.0
0.556600	0.232428432	220.353846	0.0	0.0
0.561500	0.235181688	219.384615	0.0	0.0
0.566400	0.240875357	218.784615	0.0	0.0
0.571300	0.245859615	218.453846	0.0	0.0
0.576200	0.254938067	218.361538	0.0	0.0
0.581100	0.261816447	218.230769	0.0	0.0
0.585900	0.267769961	217.823077	0.0	0.0
0.590800	0.274323782	217.361538	0.0	0.0
0.595700	0.280496532	216.746154	0.0	0.0
0.600600	0.287526271	216.000000	0.0	0.0
0.605500	0.292735628	215.438462	0.0	0.0
0.610400	0.299050953	214.892308	0.0	0.0
0.615200	0.305893374	214.600000	0.0	0.0
0.620100	0.313201019	214.292308	0.0	0.0
0.625000	0.320947325	213.623077	0.0	0.0
0.629900	0.328050524	213.184615	0.0	0.0
0.634800	0.334282574	212.584615	0.0	0.0
0.639600	0.339896594	212.369231	0.0	0.0
0.644500	0.346313141	211.907692	0.0	0.0
0.649400	0.353863084	211.476923	0.0	0.0
0.654300	0.361525017	211.107692	0.0	0.0
0.659200	0.369692102	210.553846	0.0	0.0
0.664100	0.377153369	210.176923	0.0	0.0
0.668900	0.385266362	209.600000	0.0	0.0
0.673800	0.393034707	209.261538	0.0	0.0
0.678700	0.400654526	208.784615	0.0	0.0
0.683600	0.407389323	208.261538	0.0	0.0
0.688500	0.414032669	207.661538	0.0	0.0
0.693400	0.421807700	207.100000	0.0	0.0
0.698200	0.430216867	206.861538	0.0	0.0
0.703100	0.438835355	206.538462	0.0	0.0
0.708000	0.446298536	206.200000	0.0	0.0
0.712900	0.454269027	205.561538	0.0	0.0
0.717800	0.462155330	205.123077	0.0	0.0
0.722700	0.471490922	204.776923	0.0	0.0
0.727500	0.479311125	204.553846	0.0	0.0
0.732400	0.489208941	203.984615	0.0	0.0
0.737300	0.498140466	203.369231	0.0	0.0
0.742200	0.506853424	202.707692	0.0	0.0
0.747100	0.513645217	202.200000	0.0	0.0
0.752000	0.520459533	201.700000	0.0	0.0
0.756800	0.529424575	201.238462	0.0	0.0
0.761700	0.538402328	200.792308	0.0	0.0
0.766600	0.547849184	200.323077	0.0	0.0
0.771500	0.554976110	199.923077	0.0	0.0
0.776400	0.564567914	199.323077	0.0	0.0
0.781300	0.572069100	198.784615	0.0	0.0
0.786100	0.580498056	198.053846	0.0	0.0
0.791000	0.588790773	197.661538	0.0	0.0
0.795900	0.598502672	197.269231	0.0	0.0
0.800800	0.608890707	197.115385	0.0	0.0
0.805700	0.616589801	196.784615	0.0	0.0
0.810500	0.625780674	196.484615	0.0	0.0
0.815400	0.634545708	195.946154	0.0	0.0
0.820300	0.644836380	195.430769	0.0	0.0
0.825200	0.653589805	194.892308	0.0	0.0
0.830100	0.660973665	194.453846	0.0	0.0
0.835000	0.670433339	194.030769	0.0	0.0
0.839800	0.680707259	193.523077	0.0	0.0
0.844700	0.691994098	193.092308	0.0	0.0
0.849600	0.701018993	192.753846	0.0	0.0
0.854500	0.708253756	192.346154	0.0	0.0
0.859400	0.714906247	192.023077	0.0	0.0
0.864300	0.724479244	191.400000	0.0	0.0
0.869100	0.735960086	190.938462	0.0	0.0
0.874000	0.749077433	190.307692	0.0	0.0
0.878900	0.759237801	189.961538	0.0	0.0
0.883800	0.768354406	189.646154	0.0	0.0
0.888700	0.778452288	189.269231	0.0	0.0
0.893600	0.787263252	188.823077	0.0	0.0
0.898400	0.797472643	188.384615	0.0	0.0
0.903300	0.806165511	187.923077	0.0	0.0
0.908200	0.815578952	187.615385	0.0	0.0
0.913100	0.826833833	187.407692	0.0	0.0
0.918000	0.838368371	186.969231	0.0	0.0
0.922900	0.848610476	186.500000	0.0	0.0
0.927700	0.856278708	185.746154	0.0	0.0
0.932600	0.864391907	185.361538	0.0	0.0
0.937500	0.875887031	185.000000	0.0	0.0
0.942400	0.885312737	184.684615	0.0	0.0
0.947300	0.895132723	184.269231	0.0	0.0
0.952100	0.901662484	183.738462	0.0	0.0
0.957000	0.911050820	183.330769	0.0	0.0
0.961900	0.920431259	182.930769	0.0	0.0
0.966800	0.930708031	182.484615	0.0	0.0
0.971700	0.942326338	182.030769	0.0	0.0
0.976600	0.951955432	181.576923	0.0	0.0
0.981400	0.965828010	181.276923	0.0	0.0
0.986300	0.974439956	180.946154	0.0	0.0
0.991200	0.985719839	180.630769	0.0	0.0
0.996100	0.992348860	180.176923	0.0	0.0
1.001000	1.002010876	179.776923	0.0	0.0
1.005900	1.010041737	179.307692	0.0	0.0
1.010700	1.016840724	179.007692	0.0	0.0
1.015600	1.026123211	178.561538	0.0	0.0
1.020500	1.038496921	178.330769	0.0	0.0
1.025400	1.049786302	177.923077	0.0	0.0
1.030300	1.060516531	177.530769	0.0	0.0
1.035200	1.069246915	176.961538	0.0	0.0
1.040000	1.080693319	176.553846	0.0	0.0
1.044900	1.091279920	176.223077	0.0	0.0
1.049800	1.103215388	175.946154	0.0	0.0
1.054700	1.112692079	175.600000	0.0	0.0
1.059600	1.123419210	175.246154	0.0	0.0
1.064500	1.131316246	174.876923	0.0	0.0
1.069300	1.141865227	174.500000	0.0	0.0
1.074200	1.151474369	174.015385	0.0	0.0
1.079100	1.161654485	173.615385	0.0	0.0
1.084000	1.170966750	173.269231	0.0	0.0
1.088900	1.179807007	173.046154	0.0	0.0
1.093800	1.188795209	172.623077	0.0	0.0
1.098600	1.195916973	172.146154	0.0	0.0
1.103500	1.206261494	171.653846	0.0	0.0
1.108400	1.217749478	171.384615	0.0	0.0
1.113300	1.234887772	170.992308	0.0	0.0
1.118200	1.244504030	170.769231	0.0	0.0
1.123000	1.252061918	170.423077	0.0	0.0
1.127900	1.259196680	170.184615	0.0	0.0
1.132800	1.269829594	169.730769	0.0	0.0
1.137700	1.280188166	169.376923	0.0	0.0
1.142600	1.290150188	169.123077	0.0	0.0
1.147500	1.300972077	168.707692	0.0	0.0
1.152300	1.311630818	168.369231	0.0	0.0
1.157200	1.321648641	168.038462	0.0	0.0
1.162100	1.326892396	167.784615	0.0	0.0
1.167000	1.335440671	167.453846	0.0	0.0
1.171900	1.345330265	167.146154	0.0	0.0
1.176800	1.359115615	166.838462	0.0	0.0
1.181600	1.372172907	166.507692	0.0	0.0
1.186500	1.380550362	166.161538	0.0	0.0
1.191400	1.389078287	165.784615	0.0	0.0
1.196300	1.393926900	165.553846	0.0	0.0
1.201200	1.404603290	165.292308	0.0	0.0
1.206100	1.415839365	165.061538	0.0	0.0
1.210900	1.430693609	164.869231	0.0	0.0
1.215800	1.440049498	164.569231	0.0	0.0
1.220700	1.445469196	164.246154	0.0	0.0
1.225600	1.451785635	163.784615	0.0	0.0
1.230500	1.460950026	163.500000	0.0	0.0
1.235400	1.474190633	163.138462	0.0	0.0
1.240200	1.484644223	162.800000	0.0	0.0
1.245100	1.496726993	162.484615	0.0	0.0
1.250000	1.505547717	162.184615	0.0	0.0
1.254900	1.512386743	161.876923	0.0	0.0
1.259800	1.521657409	161.615385	0.0	0.0
1.264600	1.531654341	161.353846	0.0	0.0
1.269500	1.542499064	161.030769	0.0	0.0
1.274400	1.549001410	160.623077	0.0	0.0
1.279300	1.558127761	160.323077	0.0	0.0
1.284200	1.568812437	160.100000	0.0	0.0
1.289100	1.582627881	159.800000	0.0	0.0
1.293900	1.591900774	159.561538	0.0	0.0
1.298800	1.600762094	159.269231	0.0	0.0
1.303700	1.610362749	159.000000	0.0	0.0
1.308600	1.621289830	158.676923	0.0	0.0
1.313500	1.630390034	158.369231	0.0	0.0
1.318400	1.637486997	158.123077	0.0	0.0
1.323200	1.646362209	157.823077	0.0	0.0
1.328100	1.655974901	157.584615	0.0	0.0
1.333000	1.664736227	157.315385	0.0	0.0
1.337900	1.672336044	157.123077	0.0	0.0
1.342800	1.669713652	156.815385	0.0	0.0
1.347700	1.679372243	156.553846	0.0	0.0
1.352500	1.689687538	156.184615	0.0	0.0
1.357400	1.711803441	155.923077	0.0	0.0
1.362300	1.720723598	155.623077	0.0	0.0
1.367200	1.730280692	155.384615	0.0	0.0
1.372100	1.737558786	155.238462	0.0	0.0
1.377000	1.753830760	154.753846	0.0	0.0
1.381800	1.763064341	154.515385	0.0	0.0
1.386700	1.771668289	154.230769	0.0	0.0
1.391600	1.773996579	154.246154	0.0	0.0
1.396500	1.784030911	154.015385	0.0	0.0
1.401400	1.794576637	153.661538	0.0	0.0
1.406300	1.803884149	153.346154	0.0	0.0
1.411100	1.811965798	153.061538	0.0	0.0
1.416000	1.820191139	152.907692	0.0	0.0
1.420900	1.823419049	152.715385	0.0	0.0
1.425800	1.832463909	152.415385	0.0	0.0
1.430700	1.841205738	152.023077	0.0	0.0
1.435500	1.854595694	151.800000	0.0	0.0
1.440400	1.864060193	151.576923	0.0	0.0
1.445300	1.873053605	151.523077	0.0	0.0
1.450200	1.881735449	151.261538	0.0	0.0
1.455100	1.891943321	151.015385	0.0	0.0
1.460000	1.898482500	150.715385	0.0	0.0
1.464800	1.907931785	150.500000	0.0	0.0
1.469700	1.916179911	150.338462	0.0	0.0
1.474600	1.928878602	150.084615	0.0	0.0
1.479500	1.939062417	149.815385	0.0	0.0
1.484400	1.947380613	149.546154	0.0	0.0
1.489300	1.955366812	149.300000	0.0	0.0
1.494100	1.962885409	149.123077	0.0	0.0
1.499000	1.970369531	148.976923	0.0	0.0
1.503900	1.976985441	148.800000	0.0	0.0
1.508800	1.983602508	148.546154	0.0	0.0
1.513700	1.994455371	148.238462	0.0	0.0
1.518600	2.003926339	148.000000	0.0	0.0
1.523400	2.014716057	147.846154	0.0	0.0
1.528300	2.022808004	147.715385	0.0	0.0
1.533200	2.034151627	147.453846	0.0	0.0
1.538100	2.041918081	147.223077	0.0	0.0
1.543000	2.047697606	146.923077	0.0	0.0
1.547900	2.055838290	146.830769	0.0	0.0
1.552700	2.066418202	146.607692	0.0	0.0
1.557600	2.076982121	146.438462	0.0	0.0
1.562500	2.082040404	146.115385	0.0	0.0
1.567400	2.063565224	145.976923	0.0	0.0
1.572300	2.072217375	145.776923	0.0	0.0
1.577100	2.084257802	145.684615	0.0	0.0
1.582000	2.117942025	145.415385	0.0	0.0
1.586900	2.126949354	145.176923	0.0	0.0
1.591800	2.134083823	144.961538	0.0	0.0
1.596700	2.144258142	144.753846	0.0	0.0
1.601600	2.152934809	144.576923	0.0	0.0
1.606400	2.160917603	144.361538	0.0	0.0
1.611300	2.167317099	144.138462	0.0	0.0
1.616200	2.176797729	143.930769	0.0	0.0
1.621100	2.184944809	143.746154	0.0	0.0
1.626000	2.194656681	143.615385	0.0	0.0
1.630900	2.202440336	143.430769	0.0	0.0
1.635700	2.211271210	143.200000	0.0	0.0
1.640600	2.220450342	143.007692	0.0	0.0
1.645500	2.227871258	142.838462	0.0	0.0
1.650400	2.242037940	142.553846	0.0	0.0
1.655300	2.249491227	142.346154	0.0	0.0
1.660200	2.255351059	142.184615	0.0	0.0
1.665000	2.257869046	142.138462	0.0	0.0
1.669900	2.266921675	142.023077	0.0	0.0
1.674800	2.279622047	141.869231	0.0	0.0
1.679700	2.288317248	141.638462	0.0	0.0
1.684600	2.296212503	141.415385	0.0	0.0
1.689500	2.303503422	141.223077	0.0	0.0
1.694300	2.313528333	141.130769	0.0	0.0
1.699200	2.321246804	140.907692	0.0	0.0
1.704100	2.332893821	140.846154	0.0	0.0
1.709000	2.339394678	140.576923	0.0	0.0
1.713900	2.347141224	140.461538	0.0	0.0
1.718800	2.351767975	140.115385	0.0	0.0
1.723600	2.360216088	139.976923	0.0	0.0
1.728500	2.360227660	139.761538	0.0	0.0
1.733400	2.369015594	139.638462	0.0	0.0
1.738300	2.378449076	139.500000	0.0	0.0
1.743200	2.394465875	139.384615	0.0	0.0
1.748000	2.401484491	139.223077	0.0	0.0
1.752900	2.409923137	139.053846	0.0	0.0
1.757800	2.420086533	138.907692	0.0	0.0
1.762700	2.433504463	138.607692	0.0	0.0
1.767600	2.441566203	138.376923	0.0	0.0
1.772500	2.447250624	138.153846	0.0	0.0
1.777300	2.448234113	138.184615	0.0	0.0
1.782200	2.456071192	138.030769	0.0	0.0
1.787100	2.466971520	137.915385	0.0	0.0
1.792000	2.478340526	137.715385	0.0	0.0
1.796900	2.487319058	137.569231	0.0	0.0
1.801800	2.492335359	137.361538	0.0	0.0
1.806600	2.502296828	137.238462	0.0	0.0
1.811500	2.509528204	137.046154	0.0	0.0
1.816400	2.518768844	136.953846	0.0	0.0
1.821300	2.522210817	136.776923	0.0	0.0
1.826200	2.529220518	136.615385	0.0	0.0
1.831100	2.537579466	136.453846	0.0	0.0
1.835900	2.546936686	136.361538	0.0	0.0
1.840800	2.556676225	136.184615	0.0	0.0
1.845700	2.565753055	136.015385	0.0	0.0
1.850600	2.575984369	135.853846	0.0	0.0
1.855500	2.581661609	135.746154	0.0	0.0
1.860400	2.587333318	135.592308	0.0	0.0
1.865200	2.593779154	135.423077	0.0	0.0
1.870100	2.604050139	135.292308	0.0	0.0
1.875000	2.615270127	135.407692	0.0	0.0
1.879900	2.624195478	135.246154	0.0	0.0
1.884800	2.630802503	135.146154	0.0	0.0
1.889600	2.636801694	134.776923	0.0	0.0
1.894500	2.644575952	134.653846	0.0	0.0
1.899400	2.652120504	134.469231	0.0	0.0
1.904300	2.655902862	134.384615	0.0	0.0
1.909200	2.665804183	134.253846	0.0	0.0
1.914100	2.676435781	134.069231	0.0	0.0
1.918900	2.688142203	133.869231	0.0	0.0
1.923800	2.692859303	133.746154	0.0	0.0
1.928700	2.699239993	133.646154	0.0	0.0
1.933600	2.706337270	133.446154	0.0	0.0
1.938500	2.717524036	133.330769	0.0	0.0
1.943400	2.726082644	133.207692	0.0	0.0
1.948200	2.733057822	133.107692	0.0	0.0
1.953100	2.739203995	132.969231	0.0	0.0
1.958000	2.747779092	132.800000	0.0	0.0
1.962900	2.756852026	132.661538	0.0	0.0
1.967800	2.764223535	132.523077	0.0	0.0
1.972700	2.769389351	132.430769	0.0	0.0
1.977500	2.777849396	132.323077	0.0	0.0
1.982400	2.784732562	132.207692	0.0	0.0
1.987300	2.793841670	132.153846	0.0	0.0
1.992200	2.800482300	132.030769	0.0	0.0
1.997100	2.808613738	131.915385	0.0	0.0
2.002000	2.818997812	131.692308	0.0	0.0
2.006800	2.827008184	131.507692	0.0	0.0
2.011700	2.835166032	131.315385	0.0	0.0
2.016600	2.841820104	131.238462	0.0	0.0
2.021500	2.850239368	131.146154	0.0	0.0
2.026400	2.855883306	131.023077	0.0	0.0
2.031300	2.865833058	130.938462	0.0	0.0
2.036100	2.875150208	130.776923	0.0	0.0
2.041000	2.888457475	130.638462	0.0	0.0
2.045900	2.893853933	130.500000	0.0	0.0
2.050800	2.898730369	130.369231	0.0	0.0
2.055700	2.903855603	130.269231	0.0	0.0
2.060500	2.915537751	130.130769	0.0	0.0
2.065400	2.922471085	130.046154	0.0	0.0
2.070300	2.931220998	129.930769	0.0	0.0
2.075200	2.936337753	129.853846	0.0	0.0
2.080100	2.944313908	129.700000	0.0	0.0
2.085000	2.952556815	129.592308	0.0	0.0
2.089800	2.964075329	129.500000	0.0	0.0
2.094700	2.972604382	129.369231	0.0	0.0
2.099600	2.978238938	129.238462	0.0	0.0
2.104500	2.984396478	129.115385	0.0	0.0
2.109400	2.988432518	129.030769	0.0	0.0
2.114300	2.998028361	128.946154	0.0	0.0
2.119100	3.003770394	128.846154	0.0	0.0
2.124000	3.014718156	128.715385	0.0	0.0
2.128900	3.021940629	128.584615	0.0	0.0
2.133800	3.029432634	128.492308	0.0	0.0
2.138700	3.036120447	128.338462	0.0	0.0
2.143600	3.043885138	128.238462	0.0	0.0
2.148400	3.052863228	128.069231	0.0	0.0
2.153300	3.061181304	128.015385	0.0	0.0
2.158200	3.068147257	127.892308	0.0	0.0
2.163100	3.074568589	127.815385	0.0	0.0
2.168000	3.082898130	127.676923	0.0	0.0
2.172900	3.091782019	127.592308	0.0	0.0
2.177700	3.099435214	127.515385	0.0	0.0
2.182600	3.111089526	127.423077	0.0	0.0
2.187500	3.121113028	127.338462	0.0	0.0
2.192400	3.129489768	127.169231	0.0	0.0
2.197300	3.133985223	127.069231	0.0	0.0
2.202100	3.137217476	126.969231	0.0	0.0
2.207000	3.142806294	126.884615	0.0	0.0
2.211900	3.150341924	126.815385	0.0	0.0
2.216800	3.159838386	126.676923	0.0	0.0
2.221700	3.167664355	126.592308	0.0	0.0
2.226600	3.175775496	126.461538	0.0	0.0
2.231400	3.182903553	126.369231	0.0	0.0
2.236300	3.194416193	126.269231	0.0	0.0
2.241200	3.202549822	126.146154	0.0	0.0
2.246100	3.207846656	126.092308	0.0	0.0
2.251000	3.209155608	125.892308	0.0	0.0
2.255900	3.216711031	125.800000	0.0	0.0
2.260700	3.224983122	125.661538	0.0	0.0
2.265600	3.237989530	125.592308	0.0	0.0
2.270500	3.244417888	125.500000	0.0	0.0
2.275400	3.249404698	125.369231	0.0	0.0
2.280300	3.256113808	125.330769	0.0	0.0
2.285200	3.264555917	125.246154	0.0	0.0
2.290000	3.276051825	125.107692	0.0	0.0
2.294900	3.280155493	124.961538	0.0	0.0
2.299800	3.286868079	124.853846	0.0	0.0
2.304700	3.292996137	124.815385	0.0	0.0
2.309600	3.301458922	124.769231	0.0	0.0
2.314500	3.312567784	124.669231	0.0	0.0
2.319300	3.321201963	124.576923	0.0	0.0
2.324200	3.328513451	124.507692	0.0	0.0
2.329100	3.332578126	124.407692	0.0	0.0
2.334000	3.340476650	124.323077	0.0	0.0
2.338900	3.351049021	124.200000	0.0	0.0
2.343800	3.357177413	124.138462	0.0	0.0
2.348600	3.364052765	124.030769	0.0	0.0
2.353500	3.371369913	123.907692	0.0	0.0
2.358400	3.377491663	123.815385	0.0	0.0
2.363300	3.385408334	123.707692	0.0	0.0
2.368200	3.392727995	123.615385	0.0	0.0
2.373000	3.401712725	123.530769	0.0	0.0
2.377900	3.410246650	123.438462	0.0	0.0
2.382800	3.416971323	123.369231	0.0	0.0
2.387700	3.423694778	123.261538	0.0	0.0
2.392600	3.430113228	123.176923	0.0	0.0
2.397500	3.436529297	123.046154	0.0	0.0
2.402300	3.444629545	122.946154	0.0	0.0
2.407200	3.451044288	122.869231	0.0	0.0
2.412100	3.458987967	122.815385	0.0	0.0
2.417000	3.466935624	122.723077	0.0	0.0
2.421900	3.478582097	122.630769	0.0	0.0
2.426800	3.483459822	122.576923	0.0	0.0
2.431600	3.490040708	122.515385	0.0	0.0
2.436500	3.495835011	122.415385	0.0	0.0
2.441400	3.506590004	122.323077	0.0	0.0
2.446300	3.512383428	122.269231	0.0	0.0
2.451200	3.520977580	122.146154	0.0	0.0
2.456100	3.527391254	122.053846	0.0	0.0
2.460900	3.536163395	121.907692	0.0	0.0
2.465800	3.541949460	121.861538	0.0	0.0
2.470700	3.547730984	121.800000	0.0	0.0
2.475600	3.551934805	121.746154	0.0	0.0
2.480500	3.559280413	121.684615	0.0	0.0
2.485400	3.565679829	121.615385	0.0	0.0
2.490200	3.570984551	121.569231	0.0	0.0
2.495100	3.581181350	121.507692	0.0	0.0
2.500000	3.590757357	121.423077	0.0	0.0
2.504900	3.601939741	121.269231	0.0	0.0
2.509800	3.608666132	121.153846	0.0	0.0
2.514600	3.616848736	121.061538	0.0	0.0
2.519500	3.623575679	121.007692	0.0	0.0
2.524400	3.630622918	120.946154	0.0	0.0
2.529300	3.636059737	120.838462	0.0	0.0
2.534200	3.649562311	120.538462	0.0	0.0
2.539100	3.655323813	120.476923	0.0	0.0
2.543900	3.663207082	120.430769	0.0	0.0
2.548800	3.665390672	120.576923	0.0	0.0
2.553700	3.674063820	120.484615	0.0	0.0
2.558600	3.680787569	120.376923	0.0	0.0
2.563500	3.688489936	120.276923	0.0	0.0
2.568400	3.698159469	120.169231	0.0	0.0
2.573200	3.705070840	120.084615	0.0	0.0
2.578100	3.711140081	120.023077	0.0	0.0
2.583000	3.717535049	119.953846	0.0	0.0
2.587900	3.718984001	119.861538	0.0	0.0
2.592800	3.725695660	119.784615	0.0	0.0
2.597700	3.731745069	119.738462	0.0	0.0
2.602500	3.744273443	119.707692	0.0	0.0
2.607400	3.750658797	119.515385	0.0	0.0
2.612300	3.755711099	119.430769	0.0	0.0
2.617200	3.758759167	119.623077	0.0	0.0
2.622100	3.767130675	119.769231	0.0	0.0
2.627000	3.775842021	119.692308	0.0	0.0
2.631800	3.783076179	119.353846	0.0	0.0
2.636700	3.789784033	119.161538	0.0	0.0
2.641600	3.796826906	119.046154	0.0	0.0
2.646500	3.807577202	118.976923	0.0	0.0
2.651400	3.816992461	118.907692	0.0	0.0
2.656300	3.826079077	118.861538	0.0	0.0
2.661100	3.836049197	118.807692	0.0	0.0
2.666000	3.842091768	118.707692	0.0	0.0
2.670900	3.852563735	118.707692	0.0	0.0
2.675800	3.861341042	118.700000	0.0	0.0
2.680700	3.869097280	118.646154	0.0	0.0
2.685500	3.873966156	118.507692	0.0	0.0
2.690400	3.875539212	118.384615	0.0	0.0
2.695300	3.875383626	118.353846	0.0	0.0
2.700200	3.878992199	118.300000	0.0	0.0
2.705100	3.889129921	118.215385	0.0	0.0
2.710000	3.901699362	118.138462	0.0	0.0
2.714800	3.909302483	118.061538	0.0	0.0
2.719700	3.916705318	117.953846	0.0	0.0
2.724600	3.925847432	117.884615	0.0	0.0
2.729500	3.932211248	117.807692	0.0	0.0
2.734400	3.939968149	117.715385	0.0	0.0
2.739300	3.944233077	117.615385	0.0	0.0
2.744100	3.951494380	117.600000	0.0	0.0
2.749000	3.957849279	117.630769	0.0	0.0
2.753900	3.967714094	117.546154	0.0	0.0
2.758800	3.976182115	117.453846	0.0	0.0
2.763700	3.988892510	117.315385	0.0	0.0
2.768600	3.999505191	117.284615	0.0	0.0
2.773400	4.005020241	117.215385	0.0	0.0
2.778300	4.007479810	117.200000	0.0	0.0
2.783200	4.012770408	117.146154	0.0	0.0
2.788100	4.020547209	117.176923	0.0	0.0
2.793000	4.029040207	117.123077	0.0	0.0
2.797900	4.032893005	116.976923	0.0	0.0
2.802700	4.040885176	116.823077	0.0	0.0
2.807600	4.045083006	116.784615	0.0	0.0
2.812500	4.053578440	116.738462	0.0	0.0
2.817400	4.060640674	116.661538	0.0	0.0
2.822300	4.070946358	116.584615	0.0	0.0
2.827100	4.079676082	116.523077	0.0	0.0
2.832000	4.085661444	116.430769	0.0	0.0
2.836900	4.090918682	116.423077	0.0	0.0
2.841800	4.097984670	116.400000	0.0	0.0
2.846700	4.106505104	116.330769	0.0	0.0
2.851600	4.114666647	116.238462	0.0	0.0
2.856400	4.123418189	116.130769	0.0	0.0
2.861300	4.130125906	116.123077	0.0	0.0
2.866200	4.136099744	116.053846	0.0	0.0
2.871100	4.139869747	116.015385	0.0	0.0
2.876000	4.144365110	115.907692	0.0	0.0
2.880900	4.149588229	115.876923	0.0	0.0
2.885700	4.159447923	115.838462	0.0	0.0
2.890600	4.169094515	115.753846	0.0	0.0
2.895500	4.182083468	115.669231	0.0	0.0
2.900400	4.190644976	115.630769	0.0	0.0
2.905300	4.201071869	115.623077	0.0	0.0
2.910200	4.205176911	115.553846	0.0	0.0
2.915000	4.208384172	115.484615	0.0	0.0
2.919900	4.210607867	115.400000	0.0	0.0
2.924800	4.212447798	115.353846	0.0	0.0
2.929700	4.220252464	115.230769	0.0	0.0
2.934600	4.228808711	115.153846	0.0	0.0
2.939500	4.240373680	115.084615	0.0	0.0
2.944300	4.255581169	115.053846	0.0	0.0
2.949200	4.263040968	114.992308	0.0	0.0
2.954100	4.271636805	114.915385	0.0	0.0
2.959000	4.271150371	114.823077	0.0	0.0
2.963900	4.276707980	114.776923	0.0	0.0
2.968800	4.286055208	114.784615	0.0	0.0
2.973600	4.292604792	114.776923	0.0	0.0
2.978500	4.297394198	114.723077	0.0	0.0
2.983400	4.302558326	114.623077	0.0	0.0
2.988300	4.310388337	114.538462	0.0	0.0
2.993200	4.318985906	114.507692	0.0	0.0
2.998000	4.326678264	114.453846	0.0	0.0
3.002900	4.335285362	114.407692	0.0	0.0
3.007800	4.343513334	114.315385	0.0	0.0
3.012700	4.349818825	114.192308	0.0	0.0
3.017600	4.356893579	114.084615	0.0	0.0
3.022500	4.363968334	114.084615	0.0	0.0
3.027300	4.366642777	114.092308	0.0	0.0
3.032200	4.372936031	114.053846	0.0	0.0
3.037100	4.379614765	113.992308	0.0	0.0
3.042000	4.391734015	113.961538	0.0	0.0
3.046900	4.398418597	114.007692	0.0	0.0
3.051800	4.405492098	113.915385	0.0	0.0
3.056600	4.412030491	113.846154	0.0	0.0
3.061500	4.419494744	113.692308	0.0	0.0
3.066400	4.425392338	113.669231	0.0	0.0
3.071300	4.435212615	113.661538	0.0	0.0
3.076200	4.439928769	113.646154	0.0	0.0
3.081100	4.450152780	113.561538	0.0	0.0
3.085900	4.458664782	113.438462	0.0	0.0
3.090800	4.471284853	113.307692	0.0	0.0
3.095700	4.479563390	113.246154	0.0	0.0
3.100600	4.481094479	113.146154	0.0	0.0
3.105500	4.484600259	113.115385	0.0	0.0
3.110400	4.490483063	113.092308	0.0	0.0
3.115200	4.503391220	112.984615	0.0	0.0
3.120100	4.512472453	112.976923	0.0	0.0
3.125000	4.517558282	112.923077	0.0	0.0
3.129900	4.520636521	113.053846	0.0	0.0
3.134800	4.529719119	113.000000	0.0	0.0
3.139600	4.537458629	112.915385	0.0	0.0
3.144500	4.545345288	112.776923	0.0	0.0
3.149400	4.552428192	112.715385	0.0	0.0
3.154300	4.561126561	112.730769	0.0	0.0
3.159200	4.574689607	112.607692	0.0	0.0
3.164100	4.578945577	112.530769	0.0	0.0
3.168900	4.582238202	112.476923	0.0	0.0
3.173800	4.579985126	112.484615	0.0	0.0
3.178700	4.587462374	112.461538	0.0	0.0
3.183600	4.599419348	112.407692	0.0	0.0
3.188500	4.607314474	112.307692	0.0	0.0
3.193400	4.615212252	112.207692	0.0	0.0
3.198200	4.614787092	112.169231	0.0	0.0
3.203100	4.621857462	112.169231	0.0	0.0
3.208000	4.629747789	112.153846	0.0	0.0
3.212900	4.641749725	112.107692	0.0	0.0
3.217800	4.648417180	111.984615	0.0	0.0
3.222700	4.653846805	111.961538	0.0	0.0
3.227500	4.660778405	111.884615	0.0	0.0
3.232400	4.667441041	111.823077	0.0	0.0
3.237300	4.679072417	111.792308	0.0	0.0
3.242200	4.688230205	111.730769	0.0	0.0
3.247100	4.691990224	111.661538	0.0	0.0
3.252000	4.699070619	111.638462	0.0	0.0
3.256800	4.702257095	111.561538	0.0	0.0
3.261700	4.715174352	111.615385	0.0	0.0
3.266600	4.722676109	111.569231	0.0	0.0
3.271500	4.728503819	111.646154	0.0	0.0
3.276400	4.732232179	111.576923	0.0	0.0
3.281300	4.735114120	111.469231	0.0	0.0
3.286100	4.744141073	111.346154	0.0	0.0
3.291000	4.758373716	111.338462	0.0	0.0
3.295900	4.763770667	111.276923	0.0	0.0
3.300800	4.770430451	111.253846	0.0	0.0
3.305700	4.778358378	111.169231	0.0	0.0
3.310500	4.785296733	111.100000	0.0	0.0
3.315400	4.789409633	111.038462	0.0	0.0
3.320300	4.792666636	110.976923	0.0	0.0
3.325200	4.799739511	110.984615	0.0	0.0
3.330100	4.806386709	110.938462	0.0	0.0
3.335000	4.812606464	110.907692	0.0	0.0
3.339800	4.819533154	110.861538	0.0	0.0
3.344700	4.829169524	110.807692	0.0	0.0
3.349600	4.836672599	110.761538	0.0	0.0
3.354500	4.847610222	110.715385	0.0	0.0
3.359400	4.855551193	110.638462	0.0	0.0
3.364300	4.872116775	110.530769	0.0	0.0
3.369100	4.876044318	110.492308	0.0	0.0
3.374000	4.881838816	110.500000	0.0	0.0
3.378900	4.875093253	110.438462	0.0	0.0
3.383800	4.880433827	110.407692	0.0	0.0
3.388700	4.884472113	110.338462	0.0	0.0
3.393600	4.892401448	110.392308	0.0	0.0
3.398400	4.902359555	110.346154	0.0	0.0
3.403300	4.911167490	110.369231	0.0	0.0
3.408200	4.922160124	110.261538	0.0	0.0
3.413100	4.930109911	110.207692	0.0	0.0
3.418000	4.938062361	110.146154	0.0	0.0
3.422900	4.942076827	110.146154	0.0	0.0
3.427700	4.944626250	110.107692	0.0	0.0
3.432600	4.953010497	110.069231	0.0	0.0
3.437500	4.960520156	110.038462	0.0	0.0
3.442400	4.971992447	109.984615	0.0	0.0
3.447300	4.979510679	109.892308	0.0	0.0
3.452100	4.984236587	109.753846	0.0	0.0
3.457000	4.993522007	109.584615	0.0	0.0
3.461900	5.001042773	109.576923	0.0	0.0
3.466800	5.007677783	109.561538	0.0	0.0
3.471700	5.009872822	109.669231	0.0	0.0
3.476600	5.016499532	109.638462	0.0	0.0
3.481400	5.023870508	109.546154	0.0	0.0
3.486300	5.025152751	109.538462	0.0	0.0
3.491200	5.032661289	109.530769	0.0	0.0
3.496100	5.039278471	109.538462	0.0	0.0
3.501000	5.054392105	109.423077	0.0	0.0
3.505900	5.053851745	109.330769	0.0	0.0
3.510700	5.059874783	109.246154	0.0	0.0
3.515600	5.064693850	109.192308	0.0	0.0
3.520500	5.076696118	109.207692	0.0	0.0
3.525400	5.084662632	109.192308	0.0	0.0
3.530300	5.090377266	109.130769	0.0	0.0
3.535200	5.097894083	109.100000	0.0	0.0
3.540000	5.102104063	109.030769	0.0	0.0
3.544900	5.113240175	109.007692	0.0	0.0
3.549800	5.120308041	108.969231	0.0	0.0
3.554700	5.128738343	108.961538	0.0	0.0
3.559600	5.137172765	108.915385	0.0	0.0
3.564500	5.144699986	108.884615	0.0	0.0
3.569300	5.156648913	108.861538	0.0	0.0
3.574200	5.161442037	108.807692	0.0	0.0
3.579100	5.166229906	108.746154	0.0	0.0
3.584000	5.167807869	108.707692	0.0	0.0
3.588900	5.178999502	108.638462	0.0	0.0
3.593800	5.186070498	108.607692	0.0	0.0
3.598600	5.194377061	108.592308	0.0	0.0
3.603500	5.206980620	108.507692	0.0	0.0
3.608400	5.213599273	108.376923	0.0	0.0
3.613300	5.218829976	108.207692	0.0	0.0
3.618200	5.217583268	108.253846	0.0	0.0
3.623000	5.224042386	108.284615	0.0	0.0
3.627900	5.235278858	108.269231	0.0	0.0
3.632800	5.238637029	108.238462	0.0	0.0
3.637700	5.246167602	108.153846	0.0	0.0
3.642600	5.252303835	108.246154	0.0	0.0
3.647500	5.260300829	108.269231	0.0	0.0
3.652300	5.267223227	108.223077	0.0	0.0
3.657200	5.270554394	108.115385	0.0	0.0
3.662100	5.278083415	108.015385	0.0	0.0
3.667000	5.284677612	108.007692	0.0	0.0
3.671900	5.295489682	107.984615	0.0	0.0
3.676800	5.304435027	108.007692	0.0	0.0
3.681600	5.313241727	107.946154	0.0	0.0
3.686500	5.313721027	107.884615	0.0	0.0
3.691400	5.324083406	107.869231	0.0	0.0
3.696300	5.329262453	107.823077	0.0	0.0
3.701200	5.338690664	107.823077	0.0	0.0
3.706100	5.339134679	107.746154	0.0	0.0
3.710900	5.343682991	107.669231	0.0	0.0
3.715800	5.361649014	107.646154	0.0	0.0
3.720700	5.372524403	107.623077	0.0	0.0
3.725600	5.389136678	107.607692	0.0	0.0
3.730500	5.389538220	107.584615	0.0	0.0
3.735400	5.399963906	107.530769	0.0	0.0
3.740200	5.399725037	107.438462	0.0	0.0
3.745100	5.408235849	107.400000	0.0	0.0
3.750000	5.410038988	107.392308	0.0	0.0
3.754900	5.411833487	107.353846	0.0	0.0
3.759800	5.417936002	107.284615	0.0	0.0
3.764600	5.425813829	107.230769	0.0	0.0
3.769500	5.436245093	107.230769	0.0	0.0
3.774400	5.444275922	107.230769	0.0	0.0
3.779300	5.450378321	107.223077	0.0	0.0
3.784200	5.457444935	107.176923	0.0	0.0
3.789100	5.462092372	107.115385	0.0	0.0
3.793900	5.468527385	107.084615	0.0	0.0
3.798800	5.475105343	107.053846	0.0	0.0
3.803700	5.484595645	107.007692	0.0	0.0
3.808600	5.498961057	106.923077	0.0	0.0
3.813500	5.511402243	106.861538	0.0	0.0
3.818400	5.516040822	106.830769	0.0	0.0
3.823200	5.513689412	106.792308	0.0	0.0
3.828100	5.516846023	106.761538	0.0	0.0
3.833000	5.522440220	106.800000	0.0	0.0
3.837900	5.533908990	106.784615	0.0	0.0
3.842800	5.546866051	106.807692	0.0	0.0
3.847700	5.558367450	106.692308	0.0	0.0
3.852500	5.557913387	106.638462	0.0	0.0
3.857400	5.557102645	106.561538	0.0	0.0
3.862300	5.565147375	106.576923	0.0	0.0
3.867200	5.580603213	106.530769	0.0	0.0
3.872100	5.592624900	106.500000	0.0	0.0
3.877000	5.596727461	106.430769	0.0	0.0
3.881800	5.601671895	106.407692	0.0	0.0
3.886700	5.608246198	106.384615	0.0	0.0
3.891600	5.613824872	106.330769	0.0	0.0
3.896500	5.612934336	106.269231	0.0	0.0
3.901400	5.620988331	106.207692	0.0	0.0
3.906300	5.630540743	106.223077	0.0	0.0
3.911100	5.648453864	106.207692	0.0	0.0
3.916000	5.663549927	106.176923	0.0	0.0
3.920900	5.672143387	106.107692	0.0	0.0
3.925800	5.673702092	106.053846	0.0	0.0
3.930700	5.672739911	106.061538	0.0	0.0
3.935500	5.677655583	106.030769	0.0	0.0
3.940400	5.681704835	106.000000	0.0	0.0
3.945300	5.689777892	105.938462	0.0	0.0
3.950200	5.694322474	105.892308	0.0	0.0
3.955100	5.704921497	105.915385	0.0	0.0
3.960000	5.710977734	105.892308	0.0	0.0
3.964800	5.720432606	105.800000	0.0	0.0
3.969700	5.724459759	105.715385	0.0	0.0
3.974600	5.731018180	105.692308	0.0	0.0
3.979500	5.704642136	105.723077	0.0	0.0
3.984400	5.714702112	105.723077	0.0	0.0
3.989300	5.718184077	105.684615	0.0	0.0
3.994100	5.757095661	105.638462	0.0	0.0
3.999000	5.765179570	105.592308	0.0	0.0
4.003900	5.776846275	105.576923	0.0	0.0
4.008800	5.786477731	105.523077	0.0	0.0
4.013700	5.796116586	105.492308	0.0	0.0
4.018600	5.800623481	105.430769	0.0	0.0
4.023400	5.792142818	105.369231	0.0	0.0
4.028300	5.793550270	105.300000	0.0	0.0
4.033200	5.803166611	105.338462	0.0	0.0
4.038100	5.823095184	105.369231	0.0	0.0
4.043000	5.831193913	105.361538	0.0	0.0
4.047900	5.836193351	105.276923	0.0	0.0
4.052700	5.844666531	105.230769	0.0	0.0
4.057600	5.851214933	105.200000	0.0	0.0
4.062500	5.857762129	105.200000	0.0	0.0
4.067400	5.863788793	105.169231	0.0	0.0
4.072300	5.869813140	105.130769	0.0	0.0
4.077100	5.873609995	105.038462	0.0	0.0
4.082000	5.876504196	105.007692	0.0	0.0
4.086900	5.884079381	104.907692	0.0	0.0
4.091800	5.888526069	105.000000	0.0	0.0
4.096700	5.903414654	104.976923	0.0	0.0
4.101600	5.913617097	104.976923	0.0	0.0
4.106400	5.924733770	104.876923	0.0	0.0
4.111300	5.931278211	104.838462	0.0	0.0
4.116200	5.935192732	104.815385	0.0	0.0
4.121100	5.941205683	104.815385	0.0	0.0
4.126000	5.945636455	104.792308	0.0	0.0
4.130900	5.951116119	104.792308	0.0	0.0
4.135700	5.945381036	104.753846	0.0	0.0
4.140600	5.958226659	104.684615	0.0	0.0
4.145500	5.973207271	104.630769	0.0	0.0
4.150400	5.992461264	104.600000	0.0	0.0
4.155300	5.994225124	104.607692	0.0	0.0
4.160200	5.998636802	104.600000	0.0	0.0
4.165000	6.002899272	104.538462	0.0	0.0
4.169900	6.010493778	104.476923	0.0	0.0
4.174800	6.017556638	104.423077	0.0	0.0
4.179700	6.023019072	104.369231	0.0	0.0
4.184600	6.026876728	104.353846	0.0	0.0
4.189500	6.032865314	104.346154	0.0	0.0
4.194300	6.041917230	104.315385	0.0	0.0
4.199200	6.050047214	104.276923	0.0	0.0
4.204100	6.055497891	104.223077	0.0	0.0
4.209000	6.063092678	104.192308	0.0	0.0
4.213900	6.079835290	104.192308	0.0	0.0
4.218800	6.086905033	104.261538	0.0	0.0
4.223600	6.097069410	104.276923	0.0	0.0
4.228500	6.093880361	104.200000	0.0	0.0
4.233400	6.099321269	104.084615	0.0	0.0
4.238300	6.102056239	104.046154	0.0	0.0
4.243200	6.108569967	104.061538	0.0	0.0
4.248000	6.111148906	104.023077	0.0	0.0
4.252900	6.114947881	103.953846	0.0	0.0
4.257800	6.123077684	103.876923	0.0	0.0
4.262700	6.130124300	103.869231	0.0	0.0
4.267600	6.136627426	103.838462	0.0	0.0
4.272500	6.143673418	103.830769	0.0	0.0
4.277300	6.155479876	103.823077	0.0	0.0
4.282200	6.170723322	103.761538	0.0	0.0
4.287100	6.176143192	103.753846	0.0	0.0
4.292000	6.182107216	103.746154	0.0	0.0
4.296900	6.185877237	103.730769	0.0	0.0
4.301800	6.194576920	103.692308	0.0	0.0
4.306600	6.198194519	103.592308	0.0	0.0
4.311500	6.203598345	103.561538	0.0	0.0
4.316400	6.207349456	103.553846	0.0	0.0
4.321300	6.216597874	103.538462	0.0	0.0
4.326200	6.228057926	103.569231	0.0	0.0
4.331100	6.234559871	103.530769	0.0	0.0
4.335900	6.241469407	103.484615	0.0	0.0
4.340800	6.243544498	103.415385	0.0	0.0
4.345700	6.245612320	103.361538	0.0	0.0
4.350600	6.249886476	103.307692	0.0	0.0
4.355500	6.260251207	103.276923	0.0	0.0
4.360400	6.268404253	103.276923	0.0	0.0
4.365200	6.273637596	103.315385	0.0	0.0
4.370100	6.277899345	103.307692	0.0	0.0
4.375000	6.288278965	103.230769	0.0	0.0
4.379900	6.298110053	103.223077	0.0	0.0
4.384800	6.305156045	103.169231	0.0	0.0
4.389600	6.312617268	103.115385	0.0	0.0
4.394500	6.323022829	103.061538	0.0	0.0
4.399400	6.329512617	103.030769	0.0	0.0
4.404300	6.334318063	103.015385	0.0	0.0
4.409200	6.332946935	102.992308	0.0	0.0
4.414100	6.337739316	102.976923	0.0	0.0
4.418900	6.347441184	102.953846	0.0	0.0
4.423800	6.357294109	102.907692	0.0	0.0
4.428700	6.361518199	102.884615	0.0	0.0
4.433600	6.365737304	102.900000	0.0	0.0
4.438500	6.372772695	102.907692	0.0	0.0
4.443400	6.375289672	102.930769	0.0	0.0
4.448200	6.383307127	102.930769	0.0	0.0
4.453100	6.392602921	102.884615	0.0	0.0
4.458000	6.407009164	102.776923	0.0	0.0
4.462900	6.416323953	102.676923	0.0	0.0
4.467800	6.425644539	102.653846	0.0	0.0
4.472700	6.433261490	102.669231	0.0	0.0
4.477500	6.436744345	102.615385	0.0	0.0
4.482400	6.442647230	102.615385	0.0	0.0
4.487300	6.447976758	102.569231	0.0	0.0
4.492200	6.459592680	102.600000	0.0	0.0
4.497100	6.464920825	102.584615	0.0	0.0
4.502000	6.473111374	102.515385	0.0	0.0
4.506800	6.478865307	102.500000	0.0	0.0
4.511700	6.485335055	102.407692	0.0	0.0
4.516600	6.492378551	102.415385	0.0	0.0
4.521500	6.497120074	102.392308	0.0	0.0
4.526400	6.503009148	102.407692	0.0	0.0
4.531300	6.505438247	102.353846	0.0	0.0
4.536100	6.510022904	102.330769	0.0	0.0
4.541000	6.519364217	102.292308	0.0	0.0
4.545900	6.532759910	102.284615	0.0	0.0
4.550800	6.535748593	102.276923	0.0	0.0
4.555700	6.543365316	102.269231	0.0	0.0
4.560500	6.545040774	102.238462	0.0	0.0
4.565400	6.553233670	102.176923	0.0	0.0
4.570300	6.559105328	102.153846	0.0	0.0
4.575200	6.569627554	102.069231	0.0	0.0
4.580100	6.575498800	102.061538	0.0	0.0
4.585000	6.579619436	102.061538	0.0	0.0
4.589800	6.588257743	102.069231	0.0	0.0
4.594700	6.597628021	102.007692	0.0	0.0
4.599600	6.607589260	101.961538	0.0	0.0
4.604500	6.613456899	101.892308	0.0	0.0
4.609400	6.617563846	101.869231	0.0	0.0
4.614300	6.626358891	101.838462	0.0	0.0
4.619100	6.633839397	101.830769	0.0	0.0
4.624000	6.643229565	101.823077	0.0	0.0
4.628900	6.649680391	101.784615	0.0	0.0
4.633800	6.655540576	101.753846	0.0	0.0
4.638700	6.661398476	101.746154	0.0	0.0
4.643600	6.666073280	101.723077	0.0	0.0
4.648400	6.668237833	101.661538	0.0	0.0
4.653300	6.677040737	101.638462	0.0	0.0
4.658200	6.678746360	101.638462	0.0	0.0
4.663100	6.690510256	101.638462	0.0	0.0
4.668000	6.696947550	101.615385	0.0	0.0
4.672900	6.708134600	101.553846	0.0	0.0
4.677700	6.714430529	101.561538	0.0	0.0
4.682600	6.729802851	101.553846	0.0	0.0
4.687500	6.733266322	101.530769	0.0	0.0
4.692400	6.737320851	101.523077	0.0	0.0
4.697300	6.733017338	101.438462	0.0	0.0
4.702100	6.739897563	101.400000	0.0	0.0
4.707000	6.746921127	101.346154	0.0	0.0
4.711900	6.758132939	101.338462	0.0	0.0
4.716800	6.765160858	101.307692	0.0	0.0
4.721700	6.773988271	101.323077	0.0	0.0
4.726600	6.778016054	101.338462	0.0	0.0
4.731400	6.784899327	101.307692	0.0	0.0
4.736300	6.790723109	101.284615	0.0	0.0
4.741200	6.800157026	101.276923	0.0	0.0
4.746100	6.810803011	101.253846	0.0	0.0
4.751000	6.819042361	101.230769	0.0	0.0
4.755900	6.824866320	101.176923	0.0	0.0
4.760700	6.831149471	101.176923	0.0	0.0
4.765600	6.842420988	101.169231	0.0	0.0
4.770500	6.851276405	101.092308	0.0	0.0
4.775400	6.852242566	101.030769	0.0	0.0
4.780300	6.850774374	100.984615	0.0	0.0
4.785200	6.852332873	101.007692	0.0	0.0
4.790000	6.864675700	101.000000	0.0	0.0
4.794900	6.875959290	101.038462	0.0	0.0
4.799800	6.884814899	100.976923	0.0	0.0
4.804700	6.888182323	100.923077	0.0	0.0
4.809600	6.894596512	100.892308	0.0	0.0
4.814500	6.902843234	100.861538	0.0	0.0
4.819300	6.907889736	100.807692	0.0	0.0
4.824200	6.912464167	100.792308	0.0	0.0
4.829100	6.918259759	100.792308	0.0	0.0
4.834000	6.925892928	100.800000	0.0	0.0
4.838900	6.930457875	100.776923	0.0	0.0
4.843800	6.936861481	100.769231	0.0	0.0
4.848600	6.948041558	100.707692	0.0	0.0
4.853500	6.956295259	100.661538	0.0	0.0
4.858400	6.962701549	100.669231	0.0	0.0
4.863300	6.967872379	100.692308	0.0	0.0
4.868200	6.974275157	100.684615	0.0	0.0
4.873000	6.975589626	100.646154	0.0	0.0
4.877900	6.981985507	100.623077	0.0	0.0
4.882800	6.987761330	100.600000	0.0	0.0
4.887700	7.002831375	100.515385	0.0	0.0
4.892600	7.011093537	100.507692	0.0	0.0
4.897500	7.017493731	100.553846	0.0	0.0
4.902300	7.024993633	100.484615	0.0	0.0
4.907200	7.032015331	100.430769	0.0	0.0
4.912100	7.044649720	100.338462	0.0	0.0
4.917000	7.050428121	100.361538	0.0	0.0
4.921900	7.056204253	100.369231	0.0	0.0
4.926800	7.061352731	100.346154	0.0	0.0
4.931600	7.066354688	100.338462	0.0	0.0
4.936500	7.066488445	100.300000	0.0	0.0
4.941400	7.071623625	100.284615	0.0	0.0
4.946300	7.083652905	100.238462	0.0	0.0
4.951200	7.104498763	100.223077	0.0	0.0
4.956100	7.112159627	100.200000	0.0	0.0
4.960900	7.115896127	100.161538	0.0	0.0
4.965800	7.111579078	100.138462	0.0	0.0
4.970700	7.116075152	100.107692	0.0	0.0
4.975600	7.124351780	100.084615	0.0	0.0
4.980500	7.129473453	100.084615	0.0	0.0
4.985400	7.136487692	100.100000	0.0	0.0
4.990200	7.145256904	100.076923	0.0	0.0
4.995100	7.156708268	100.046154	0.0	0.0
5.000000	7.165632255	99.992308	0.0	0.0
5.004900	7.171384253	99.992308	0.0	0.0
5.009800	7.173956622	99.953846	0.0	0.0
5.014600	7.178922578	99.938462	0.0	0.0
5.019500	7.181484064	99.892308	0.0	0.0
5.024400	7.194226442	99.861538	0.0	0.0
5.029300	7.201242545	99.861538	0.0	0.0
5.034200	7.210174014	99.830769	0.0	0.0
5.039100	7.214635788	99.815385	0.0	0.0
5.043900	7.224066725	99.815385	0.0	0.0
5.048800	7.229163773	99.800000	0.0	0.0
5.053700	7.236179876	99.769231	0.0	0.0
5.058600	7.240630576	99.746154	0.0	0.0
5.063500	7.250854197	99.730769	0.0	0.0
5.068400	7.258513714	99.707692	0.0	0.0
5.073200	7.263457816	99.700000	0.0	0.0
5.078100	7.267898234	99.653846	0.0	0.0
5.083000	7.272334595	99.607692	0.0	0.0
5.087900	7.276766902	99.592308	0.0	0.0
5.092800	7.290228371	99.638462	0.0	0.0
5.097700	7.298535226	99.592308	0.0	0.0
5.102500	7.305407535	99.553846	0.0	0.0
5.107400	7.305949931	99.515385	0.0	0.0
5.112300	7.318790311	99.476923	0.0	0.0
5.117200	7.326453981	99.453846	0.0	0.0
5.122100	7.335418099	99.423077	0.0	0.0
5.127000	7.332038762	99.438462	0.0	0.0
5.131800	7.327862491	99.461538	0.0	0.0
5.136700	7.334859359	99.446154	0.0	0.0
5.141600	7.348361125	99.469231	0.0	0.0
5.146500	7.362533063	99.446154	0.0	0.0
5.151400	7.370195639	99.446154	0.0	0.0
5.156300	7.372634242	99.376923	0.0	0.0
5.161100	7.370353601	99.323077	0.0	0.0
5.166000	7.375391313	99.261538	0.0	0.0
5.170900	7.383694640	99.207692	0.0	0.0
5.175800	7.402482385	99.146154	0.0	0.0
5.180700	7.412115647	99.130769	0.0	0.0
5.185500	7.420954448	99.130769	0.0	0.0
5.190400	7.424678413	99.092308	0.0	0.0
5.195300	7.427082010	99.107692	0.0	0.0
5.200200	7.428163969	99.107692	0.0	0.0
5.205100	7.433846502	99.123077	0.0	0.0
5.210000	7.446777689	99.076923	0.0	0.0
5.214800	7.450998506	99.084615	0.0	0.0
5.219700	7.464607515	99.023077	0.0	0.0
5.224600	7.467645819	99.023077	0.0	0.0
5.229500	7.481272060	98.976923	0.0	0.0
5.234400	7.481653193	98.961538	0.0	0.0
5.239300	7.487330593	98.923077	0.0	0.0
5.244100	7.492199319	98.907692	0.0	0.0
5.249000	7.501192579	98.907692	0.0	0.0
5.253900	7.509525010	98.915385	0.0	0.0
5.258800	7.514531949	98.907692	0.0	0.0
5.263700	7.518869791	98.830769	0.0	0.0
5.268600	7.527868898	98.800000	0.0	0.0
5.273400	7.530057691	98.800000	0.0	0.0
5.278300	7.540392742	98.815385	0.0	0.0
5.283200	7.542715328	98.800000	0.0	0.0
5.288100	7.550379596	98.738462	0.0	0.0
5.293000	7.556706586	98.700000	0.0	0.0
5.297900	7.559014726	98.684615	0.0	0.0
5.302700	7.569214282	98.669231	0.0	0.0
5.307600	7.576879658	98.684615	0.0	0.0
5.312500	7.586561684	98.669231	0.0	0.0
5.317400	7.594231694	98.630769	0.0	0.0
5.322300	7.602576265	98.584615	0.0	0.0
5.327100	7.610780685	98.546154	0.0	0.0
5.332000	7.613734519	98.530769	0.0	0.0
5.336900	7.619381707	98.523077	0.0	0.0
5.341800	7.624351407	98.507692	0.0	0.0
5.346700	7.632696976	98.469231	0.0	0.0
5.351600	7.637662519	98.438462	0.0	0.0
5.356400	7.644512952	98.400000	0.0	0.0
5.361300	7.655572932	98.384615	0.0	0.0
5.366200	7.666642509	98.346154	0.0	0.0
5.371100	7.671604611	98.300000	0.0	0.0
5.376000	7.675203968	98.292308	0.0	0.0
5.380900	7.684240897	98.284615	0.0	0.0
5.385700	7.693139243	98.300000	0.0	0.0
5.390600	7.702866800	98.307692	0.0	0.0
5.395500	7.707137936	98.307692	0.0	0.0
5.400400	7.714137283	98.276923	0.0	0.0
5.405300	7.718401949	98.261538	0.0	0.0
5.410200	7.725398817	98.238462	0.0	0.0
5.415000	7.730883461	98.176923	0.0	0.0
5.419900	7.733768538	98.153846	0.0	0.0
5.424800	7.736648368	98.138462	0.0	0.0
5.429700	7.749124781	98.153846	0.0	0.0
5.434600	7.765052635	98.146154	0.0	0.0
5.439500	7.774119018	98.115385	0.0	0.0
5.444300	7.778912167	98.084615	0.0	0.0
5.449200	7.781777304	98.069231	0.0	0.0
5.454100	7.788085041	98.084615	0.0	0.0
5.459000	7.794391599	98.100000	0.0	0.0
5.463900	7.798624743	98.100000	0.0	0.0
5.468800	7.807692608	97.969231	0.0	0.0
5.473600	7.817314214	97.907692	0.0	0.0
5.478500	7.829857715	97.861538	0.0	0.0
5.483400	7.833391350	97.938462	0.0	0.0
5.488300	7.839696995	97.953846	0.0	0.0
5.493200	7.841833472	97.915385	0.0	0.0
5.498000	7.846600742	97.892308	0.0	0.0
5.502900	7.848031688	97.869231	0.0	0.0
5.507800	7.859194884	97.846154	0.0	0.0
5.512700	7.869670753	97.792308	0.0	0.0
5.517600	7.878758736	97.738462	0.0	0.0
5.522500	7.883660772	97.707692	0.0	0.0
5.527300	7.891211848	97.707692	0.0	0.0
5.532200	7.896808655	97.707692	0.0	0.0
5.537100	7.904503044	97.723077	0.0	0.0
5.542000	7.912899477	97.723077	0.0	0.0
5.546900	7.925508862	97.692308	0.0	0.0
5.551800	7.933212610	97.676923	0.0	0.0
5.556600	7.935150805	97.630769	0.0	0.0
5.561500	7.936523371	97.638462	0.0	0.0
5.566400	7.944219419	97.623077	0.0	0.0
5.571300	7.954734185	97.600000	0.0	0.0
5.576200	7.961730433	97.546154	0.0	0.0
5.581100	7.967315370	97.530769	0.0	0.0
5.585900	7.965697726	97.507692	0.0	0.0
5.590800	7.971979268	97.500000	0.0	0.0
5.595700	7.983914136	97.476923	0.0	0.0
5.600600	7.994444624	97.423077	0.0	0.0
5.605500	7.999313451	97.369231	0.0	0.0
5.610400	7.996385487	97.400000	0.0	0.0
5.615200	8.008189779	97.392308	0.0	0.0
5.620100	8.016597767	97.438462	0.0	0.0
5.625000	8.027851795	97.384615	0.0	0.0
5.629900	8.031999156	97.369231	0.0	0.0
5.634800	8.036854292	97.346154	0.0	0.0
5.639600	8.041563690	97.300000	0.0	0.0
5.644500	8.044987502	97.276923	0.0	0.0
5.649400	8.046268667	97.261538	0.0	0.0
5.654300	8.056814395	97.253846	0.0	0.0
5.659200	8.065224808	97.253846	0.0	0.0
5.664100	8.071493206	97.215385	0.0	0.0
5.668900	8.074757001	97.207692	0.0	0.0
5.673800	8.085315964	97.223077	0.0	0.0
5.678700	8.098751122	97.192308	0.0	0.0
5.683600	8.105739320	97.161538	0.0	0.0
5.688500	8.105545989	97.100000	0.0	0.0
5.693400	8.112528001	97.076923	0.0	0.0
5.698200	8.119367523	97.069231	0.0	0.0
5.703100	8.130668746	97.084615	0.0	0.0
5.708000	8.140537694	97.123077	0.0	0.0
5.712900	8.148247477	97.076923	0.0	0.0
5.717800	8.158848271	97.015385	0.0	0.0
5.722700	8.167286661	96.961538	0.0	0.0
5.727500	8.174861036	97.007692	0.0	0.0
5.732400	8.176784228	97.007692	0.0	0.0
5.737300	8.180150651	96.984615	0.0	0.0
5.742200	8.191488514	96.946154	0.0	0.0
5.747100	8.197026567	96.900000	0.0	0.0
5.752000	8.201836007	96.892308	0.0	0.0
5.756800	8.206499760	96.869231	0.0	0.0
5.761700	8.215667337	96.907692	0.0	0.0
5.766600	8.224110839	96.930769	0.0	0.0
5.771500	8.228912465	96.900000	0.0	0.0
5.776400	8.237357694	96.823077	0.0	0.0
5.781300	8.244345273	96.792308	0.0	0.0
5.786100	8.247537391	96.815385	0.0	0.0
5.791000	8.251598281	96.815385	0.0	0.0
5.795900	8.255655260	96.738462	0.0	0.0
5.800800	8.261903084	96.669231	0.0	0.0
5.805700	8.271811725	96.646154	0.0	0.0
5.810500	8.222388961	96.546154	0.0	0.0
5.815400	8.234426069	96.523077	0.0	0.0
5.820300	8.239904720	96.484615	0.0	0.0
5.825200	8.308419752	96.600000	0.0	0.0
5.830100	8.311727281	96.592308	0.0	0.0
5.835000	8.323871596	96.592308	0.0	0.0
5.839800	8.319659696	96.676923	0.0	0.0
5.844700	8.325165772	96.623077	0.0	0.0
5.849600	8.321821073	96.630769	0.0	0.0
5.854500	8.335433063	96.446154	0.0	0.0
5.859400	8.343148356	96.484615	0.0	0.0
5.864300	8.352344204	96.423077	0.0	0.0
5.869100	8.358440433	96.438462	0.0	0.0
5.874000	8.366159619	96.400000	0.0	0.0
5.878900	8.375363435	96.400000	0.0	0.0
5.883800	8.385314130	96.353846	0.0	0.0
5.888700	8.391554182	96.323077	0.0	0.0
5.893600	8.397049379	96.307692	0.0	0.0
5.898400	8.401655823	96.315385	0.0	0.0
5.903300	8.404912802	96.353846	0.0	0.0
5.908200	8.408165250	96.346154	0.0	0.0
5.913100	8.407689382	96.323077	0.0	0.0
5.918000	8.415401813	96.300000	0.0	0.0
5.922900	8.426846166	96.284615	0.0	0.0
5.927700	8.432181742	96.269231	0.0	0.0
5.932600	8.435415946	96.361538	0.0	0.0
5.937500	8.437898332	96.353846	0.0	0.0
5.942400	8.449350321	96.407692	0.0	0.0
5.947300	8.464559419	96.292308	0.0	0.0
5.952100	8.474392541	96.269231	0.0	0.0
5.957000	8.476863478	96.223077	0.0	0.0
5.961900	8.483836221	96.215385	0.0	0.0
5.966800	8.493065127	96.207692	0.0	0.0
5.971700	8.509077785	96.146154	0.0	0.0
5.976600	8.514551550	96.107692	0.0	0.0
5.981400	8.521389860	96.115385	0.0	0.0
5.986300	8.520821172	96.107692	0.0	0.0
5.991200	8.529306361	96.100000	0.0	0.0
5.996100	8.530991963	96.046154	0.0	0.0
6.001000	8.531916571	96.038462	0.0	0.0
6.005900	8.547962506	96.007692	0.0	0.0
6.010700	8.556309534	95.992308	0.0	0.0
6.015600	8.554946710	95.984615	0.0	0.0
6.020500	8.555093587	95.900000	0.0	0.0
6.025400	8.562056457	95.923077	0.0	0.0
6.030300	8.574333139	95.815385	0.0	0.0
6.035200	8.578260992	95.915385	0.0	0.0
6.040000	8.639235178	96.030769	0.0	0.0
6.044900	8.652371757	96.046154	0.0	0.0
6.049800	8.660919278	96.015385	0.0	0.0
6.054700	8.610551872	95.846154	0.0	0.0
6.059600	8.615994078	95.838462	0.0	0.0
6.064500	8.619143822	95.884615	0.0	0.0
6.069300	8.625201911	95.815385	0.0	0.0
6.074200	8.633694478	95.776923	0.0	0.0
6.079100	8.644486171	95.707692	0.0	0.0
6.084000	8.646858111	95.715385	0.0	0.0
6.088900	8.652289568	95.715385	0.0	0.0
6.093800	8.654652430	95.661538	0.0	0.0
6.098600	8.662236679	95.653846	0.0	0.0
6.103500	8.669196466	95.600000	0.0	0.0
6.108400	8.682305382	95.607692	0.0	0.0
6.113300	8.688500606	95.600000	0.0	0.0
6.118200	8.695464709	95.592308	0.0	0.0
6.123000	8.693043406	95.600000	0.0	0.0
6.127900	8.700770627	95.600000	0.0	0.0
6.132800	8.704643836	95.584615	0.0	0.0
6.137700	8.713913525	95.553846	0.0	0.0
6.142600	8.719325710	95.523077	0.0	0.0
6.147500	8.727054027	95.500000	0.0	0.0
6.152300	8.744703589	95.523077	0.0	0.0
6.157200	8.748568633	95.492308	0.0	0.0
6.162100	8.757081820	95.469231	0.0	0.0
6.167000	8.751635664	95.430769	0.0	0.0
6.171900	8.764796842	95.453846	0.0	0.0
6.176800	8.770201865	95.469231	0.0	0.0
6.181600	8.778571941	95.430769	0.0	0.0
6.186500	8.783974523	95.407692	0.0	0.0
6.191400	8.792489050	95.369231	0.0	0.0
6.196300	8.801006318	95.346154	0.0	0.0
6.201200	8.804066759	95.307692	0.0	0.0
6.206100	8.810243188	95.292308	0.0	0.0
6.210900	8.818619149	95.292308	0.0	0.0
6.215800	8.829485345	95.276923	0.0	0.0
6.220700	8.830187453	95.269231	0.0	0.0
6.225600	8.832448419	95.261538	0.0	0.0
6.230500	8.837834685	95.269231	0.0	0.0
6.235400	8.851053875	95.207692	0.0	0.0
6.240200	8.860221098	95.184615	0.0	0.0
6.245100	8.874248810	95.169231	0.0	0.0
6.250000	8.881211680	95.192308	0.0	0.0
6.254900	8.884239695	95.169231	0.0	0.0
6.259800	8.879396126	95.138462	0.0	0.0
6.264600	8.881484255	95.130769	0.0	0.0
6.269500	8.886069920	95.161538	0.0	0.0
6.274400	8.900105922	95.223077	0.0	0.0
6.279300	8.907056470	95.207692	0.0	0.0
6.284200	8.917955058	95.138462	0.0	0.0
6.289100	8.921747650	95.061538	0.0	0.0
6.293900	8.927766267	95.069231	0.0	0.0
6.298800	8.930761355	95.007692	0.0	0.0
6.303700	8.935334545	95.007692	0.0	0.0
6.308600	8.935946919	95.000000	0.0	0.0
6.313500	8.943679651	95.000000	0.0	0.0
6.318400	8.951413682	94.992308	0.0	0.0
6.323200	8.961387901	94.976923	0.0	0.0
6.328100	8.971509835	94.976923	0.0	0.0
6.333000	8.980842430	94.953846	0.0	0.0
6.337900	8.992568206	94.915385	0.0	0.0
6.342800	8.999520601	94.892308	0.0	0.0
6.347700	9.004080448	94.861538	0.0	0.0
6.352500	9.008495427	94.876923	0.0	0.0
6.357400	9.016242580	94.869231	0.0	0.0
6.362300	9.019996053	94.876923	0.0	0.0
6.367200	9.030141215	94.830769	0.0	0.0
6.372100	9.034689850	94.815385	0.0	0.0
6.377000	9.040836621	94.784615	0.0	0.0
6.381800	9.056459945	94.776923	0.0	0.0
6.386700	9.061808385	94.707692	0.0	0.0
6.391600	9.067154645	94.661538	0.0	0.0
6.396500	9.062862219	94.646154	0.0	0.0
6.401400	9.071411373	94.646154	0.0	0.0
6.406300	9.074336104	94.646154	0.0	0.0
6.411100	9.077918796	94.646154	0.0	0.0
6.416000	9.071189752	94.676923	0.0	0.0
6.420900	9.130526107	94.500000	0.0	0.0
6.425800	9.143970008	94.438462	0.0	0.0
6.430700	9.162295616	94.400000	0.0	0.0
6.435500	9.122157695	94.576923	0.0	0.0
6.440400	9.125869965	94.638462	0.0	0.0
6.445300	9.134430895	94.615385	0.0	0.0
6.450200	9.140565757	94.584615	0.0	0.0
6.455100	9.149129906	94.569231	0.0	0.0
6.460000	9.156074916	94.553846	0.0	0.0
6.464800	9.165312935	94.492308	0.0	0.0
6.469700	9.172259791	94.446154	0.0	0.0
6.474600	9.180832629	94.469231	0.0	0.0
6.479500	9.193478233	94.492308	0.0	0.0
6.484400	9.193100358	94.492308	0.0	0.0
6.489300	9.198417828	94.461538	0.0	0.0
6.494100	9.195444223	94.415385	0.0	0.0
6.499000	9.208904556	94.423077	0.0	0.0
6.503900	9.224829904	94.392308	0.0	0.0
6.508800	9.234232888	94.353846	0.0	0.0
6.513700	9.239547996	94.323077	0.0	0.0
6.518600	9.233405761	94.307692	0.0	0.0
6.523400	9.238568322	94.330769	0.0	0.0
6.528300	9.243051752	94.300000	0.0	0.0
6.533200	9.252447276	94.307692	0.0	0.0
6.538100	9.261847141	94.315385	0.0	0.0
6.543000	9.268788462	94.307692	0.0	0.0
6.547900	9.271623354	94.284615	0.0	0.0
6.552700	9.271848687	94.223077	0.0	0.0
6.557600	9.277138691	94.223077	0.0	0.0
6.562500	9.287360205	94.253846	0.0	0.0
6.567400	9.292648689	94.253846	0.0	0.0
6.572300	9.303700835	94.238462	0.0	0.0
6.577100	9.308022370	94.192308	0.0	0.0
6.582000	9.311657750	94.130769	0.0	0.0
6.586900	9.320240529	94.123077	0.0	0.0
6.591800	9.326347876	94.100000	0.0	0.0
6.596700	9.335760619	94.123077	0.0	0.0
6.601600	9.336905189	94.161538	0.0	0.0
6.606400	9.340384660	94.123077	0.0	0.0
6.611300	9.350624285	94.084615	0.0	0.0
6.616200	9.363357347	94.007692	0.0	0.0
6.621100	9.374442038	93.992308	0.0	0.0
6.626000	9.384703557	94.046154	0.0	0.0
6.630900	9.389980329	94.046154	0.0	0.0
6.635700	9.391785783	94.007692	0.0	0.0
6.640600	9.394560081	93.976923	0.0	0.0
6.645500	9.406489147	93.969231	0.0	0.0
6.650400	9.415092409	93.938462	0.0	0.0
6.655300	9.413688882	93.907692	0.0	0.0
6.660200	9.417283154	93.853846	0.0	0.0
6.665000	9.427409192	93.907692	0.0	0.0
6.669900	9.437682720	93.915385	0.0	0.0
6.674800	9.447962344	93.961538	0.0	0.0
6.679700	9.445691935	93.915385	0.0	0.0
6.684600	9.454295387	93.892308	0.0	0.0
6.689500	9.449502387	93.823077	0.0	0.0
6.694300	9.461308887	93.807692	0.0	0.0
6.699200	9.467395764	93.807692	0.0	0.0
6.704100	9.484394519	93.807692	0.0	0.0
6.709000	9.485444521	93.830769	0.0	0.0
6.713900	9.496576530	93.846154	0.0	0.0
6.718800	9.495094737	93.769231	0.0	0.0
6.723600	9.501036700	93.707692	0.0	0.0
6.728500	9.500385542	93.700000	0.0	0.0
6.733400	9.519942188	93.753846	0.0	0.0
6.738300	9.536155317	93.753846	0.0	0.0
6.743200	9.551545075	93.692308	0.0	0.0
6.748000	9.544809787	93.623077	0.0	0.0
6.752900	9.534837412	93.592308	0.0	0.0
6.757800	9.533309495	93.638462	0.0	0.0
6.762700	9.549520316	93.607692	0.0	0.0
6.767600	9.567448135	93.607692	0.0	0.0
6.772500	9.582009617	93.569231	0.0	0.0
6.777300	9.587102617	93.584615	0.0	0.0
6.782200	9.596583418	93.546154	0.0	0.0
6.787100	9.599265210	93.561538	0.0	0.0
6.792000	9.603643612	93.523077	0.0	0.0
6.796900	9.609720952	93.507692	0.0	0.0
6.801800	9.602181440	93.507692	0.0	0.0
6.806600	9.607255851	93.484615	0.0	0.0
6.811500	9.616726674	93.492308	0.0	0.0
6.816400	9.629612479	93.469231	0.0	0.0
6.821300	9.628857042	93.438462	0.0	0.0
6.826200	9.631507995	93.430769	0.0	0.0
6.831100	9.640982812	93.423077	0.0	0.0
6.835900	9.647757229	93.438462	0.0	0.0
6.840800	9.660659825	93.430769	0.0	0.0
6.845700	9.672718050	93.446154	0.0	0.0
6.850600	9.684786364	93.438462	0.0	0.0
6.855500	9.692571906	93.369231	0.0	0.0
6.860400	9.697781874	93.330769	0.0	0.0
6.865200	9.706286142	93.300000	0.0	0.0
6.870100	9.699460313	93.300000	0.0	0.0
6.875000	9.705518746	93.361538	0.0	0.0
6.879900	9.712436133	93.315385	0.0	0.0
6.884800	9.724519426	93.323077	0.0	0.0
6.889600	9.730437469	93.253846	0.0	0.0
6.894500	9.732185196	93.261538	0.0	0.0
6.899400	9.739101971	93.207692	0.0	0.0
6.904300	9.747745133	93.153846	0.0	0.0
6.909200	9.759847805	93.153846	0.0	0.0
6.914100	9.768499545	93.138462	0.0	0.0
6.918900	9.783075646	93.161538	0.0	0.0
6.923800	9.792605452	93.184615	0.0	0.0
6.928700	9.790860995	93.161538	0.0	0.0
6.933600	9.758816268	93.138462	0.0	0.0
6.938500	9.757932211	93.092308	0.0	0.0
6.943400	9.771744015	93.107692	0.0	0.0
6.948200	9.804513603	93.138462	0.0	0.0
6.953100	9.815773438	93.130769	0.0	0.0
6.958000	9.823560772	93.084615	0.0	0.0
6.962900	9.828737733	93.053846	0.0	0.0
6.967800	9.831300197	93.053846	0.0	0.0
6.972700	9.826023525	93.015385	0.0	0.0
6.977500	9.839756628	93.038462	0.0	0.0
6.982400	9.851027786	93.007692	0.0	0.0
6.987300	9.867548882	92.984615	0.0	0.0
6.992200	9.872719891	92.976923	0.0	0.0
6.997100	9.883138925	93.007692	0.0	0.0
7.002000	9.886557117	93.000000	0.0	0.0
7.006800	9.889830502	92.969231	0.0	0.0
7.011700	9.895870238	92.900000	0.0	0.0
7.016600	9.904539944	92.907692	0.0	0.0
7.021500	9.914090374	92.907692	0.0	0.0
7.026400	9.918373495	92.915385	0.0	0.0
7.031300	9.923532439	92.853846	0.0	0.0
7.036100	9.934705018	92.846154	0.0	0.0
7.041000	9.938982662	92.853846	0.0	0.0
7.045900	9.935335231	92.846154	0.0	0.0
7.050800	9.938723304	92.815385	0.0	0.0
7.055700	9.944749530	92.761538	0.0	0.0
7.060500	9.962978656	92.784615	0.0	0.0
7.065400	9.969010077	92.823077	0.0	0.0
7.070300	9.973273710	92.807692	0.0	0.0
7.075200	9.980185587	92.769231	0.0	0.0
7.080100	9.988866554	92.753846	0.0	0.0
7.085000	9.997550283	92.738462	0.0	0.0
7.089800	9.999894518	92.730769	0.0	0.0
7.094700	10.005919610	92.738462	0.0	0.0
7.099600	10.011943555	92.700000	0.0	0.0
7.104500	10.018853596	92.669231	0.0	0.0
7.109400	10.025763636	92.653846	0.0	0.0
7.114300	10.032673677	92.669231	0.0	0.0
7.119100	10.040331838	92.646154	0.0	0.0
7.124000	10.047242491	92.600000	0.0	0.0
7.128900	10.053262777	92.592308	0.0	0.0
7.133800	10.060172818	92.607692	0.0	0.0
7.138700	10.066191347	92.646154	0.0	0.0
7.143600	10.073100775	92.561538	0.0	0.0
7.148400	10.085226716	92.469231	0.0	0.0
7.153300	10.093033626	92.438462	0.0	0.0
7.158200	10.101736420	92.461538	0.0	0.0
7.163100	10.104176189	92.523077	0.0	0.0
7.168000	10.129012890	92.523077	0.0	0.0
7.172900	10.136834708	92.500000	0.0	0.0
7.177700	10.142719841	92.492308	0.0	0.0
7.182600	10.139761301	92.484615	0.0	0.0
7.187500	10.140390440	92.492308	0.0	0.0
7.192400	10.143709558	92.469231	0.0	0.0
7.197300	10.145227951	92.461538	0.0	0.0
7.202100	10.147499616	92.407692	0.0	0.0
7.207000	10.153504296	92.415385	0.0	0.0
7.211900	10.157708520	92.369231	0.0	0.0
7.216800	10.170913266	92.400000	0.0	0.0
7.221700	10.182326809	92.361538	0.0	0.0
7.226600	10.195554164	92.346154	0.0	0.0
7.231400	10.198712710	92.353846	0.0	0.0
7.236300	10.208335182	92.307692	0.0	0.0
7.241200	10.220677147	92.307692	0.0	0.0
7.246100	10.241188821	92.292308	0.0	0.0
7.251000	10.246299172	92.284615	0.0	0.0
7.255900	10.256856087	92.261538	0.0	0.0
7.260700	10.241849487	92.238462	0.0	0.0
7.265600	10.248761363	92.246154	0.0	0.0
7.270500	10.247502226	92.269231	0.0	0.0
7.275400	10.261676292	92.238462	0.0	0.0
7.280300	10.263132630	92.230769	0.0	0.0
7.285200	10.270040223	92.192308	0.0	0.0
7.290000	10.281358472	92.192308	0.0	0.0
7.294900	10.287358026	92.184615	0.0	0.0
7.299800	10.296091569	92.169231	0.0	0.0
7.304700	10.301178107	92.130769	0.0	0.0
7.309600	10.308088148	92.115385	0.0	0.0
7.314500	10.308605626	92.115385	0.0	0.0
7.319300	10.315370451	92.084615	0.0	0.0
7.324200	10.324104672	92.069231	0.0	0.0
7.329100	10.334671999	92.069231	0.0	0.0
7.334000	10.341581428	92.061538	0.0	0.0
7.338900	10.348490856	92.069231	0.0	0.0
7.343800	10.352649398	92.053846	0.0	0.0
7.348600	10.358498620	92.023077	0.0	0.0
7.353500	10.368159878	92.038462	0.0	0.0
7.358400	10.373231206	92.046154	0.0	0.0
7.363300	10.386575719	92.023077	0.0	0.0
7.368200	10.387046392	91.984615	0.0	0.0
7.373000	10.389211602	91.946154	0.0	0.0
7.377900	10.386913312	92.023077	0.0	0.0
7.382800	10.397494331	91.969231	0.0	0.0
7.387700	10.402552515	91.930769	0.0	0.0
7.392600	10.411296065	91.876923	0.0	0.0
7.397500	10.418196932	91.946154	0.0	0.0
7.402300	10.424033762	91.915385	0.0	0.0
7.407200	10.434629767	91.876923	0.0	0.0
7.412100	10.430441816	91.892308	0.0	0.0
7.417000	10.434564531	91.884615	0.0	0.0
7.421900	10.440533404	91.892308	0.0	0.0
7.426800	10.461314066	91.815385	0.0	0.0
7.431600	10.468075296	91.815385	0.0	0.0
7.436500	10.483329781	91.807692	0.0	0.0
7.441400	10.490237374	91.615385	0.0	0.0
7.446300	10.497144967	91.600000	0.0	0.0
7.451200	10.501262184	91.553846	0.0	0.0
7.456100	10.513753107	91.753846	0.0	0.0
7.460900	10.523317020	91.753846	0.0	0.0
7.465800	10.527430955	91.715385	0.0	0.0
7.470700	10.522219255	91.707692	0.0	0.0
7.475600	10.521663622	91.723077	0.0	0.0
7.480500	10.530425217	91.692308	0.0	0.0
7.485400	10.546659117	91.661538	0.0	0.0
7.490200	10.550618653	91.661538	0.0	0.0
7.495100	10.549109237	91.684615	0.0	0.0
7.500000	10.545727484	91.615385	0.0	0.0
7.504900	10.558226150	91.604385	0.0	0.0
7.509800	10.566991167	91.593385	0.0	0.0
7.514600	10.580302196	91.582385	0.0	0.0
7.519500	10.581577048	91.571385	0.0	0.0
7.524400	10.590348034	91.560385	0.0	0.0
7.529300	10.590677144	91.549385	0.0	0.0
7.534200	10.590063872	91.538385	0.0	0.0
7.539100	10.594136252	91.527385	0.0	0.0
7.543900	10.597126703	91.516385	0.0	0.0
7.548800	10.604949013	91.505385	0.0	0.0
7.553700	10.610893036	91.494385	0.0	0.0
7.558600	10.620597539	91.483385	0.0	0.0
7.563500	10.636898505	91.472385	0.0	0.0
7.568400	10.642847018	91.461385	0.0	0.0
7.573200	10.652426673	91.450385	0.0	0.0
7.578100	10.658375032	91.439385	0.0	0.0
7.583000	10.667155958	91.428385	0.0	0.0
7.587900	10.674994231	91.417385	0.0	0.0
7.592800	10.679995939	91.406385	0.0	0.0
7.597700	10.694462467	91.395385	0.0	0.0
7.602500	10.691746002	91.384385	0.0	0.0
7.607400	10.695795030	91.373385	0.0	0.0
7.612300	10.697946144	91.362385	0.0	0.0
7.617200	10.707676828	91.351385	0.0	0.0
7.622100	10.720259739	91.340385	0.0	0.0
7.627000	10.723352091	91.329385	0.0	0.0
7.631800	10.733902504	91.318385	0.0	0.0
7.636700	10.738891949	91.307385	0.0	0.0
7.641600	10.743879289	91.296385	0.0	0.0
7.646500	10.750768554	91.285385	0.0	0.0
7.651400	10.751943086	91.274385	0.0	0.0
7.656300	10.760734485	91.263385	0.0	0.0
7.661100	10.754138936	91.252385	0.0	0.0
7.666000	10.763876626	91.241385	0.0	0.0
7.670900	10.765035054	91.230385	0.0	0.0
7.675800	10.775728078	91.219385	0.0	0.0
7.680700	10.782606979	91.208385	0.0	0.0
7.685500	10.796992322	91.197385	0.0	0.0
7.690400	10.815363821	91.186385	0.0	0.0
7.695300	10.828966002	91.175385	0.0	0.0
7.700200	10.830105095	91.164385	0.0	0.0
7.705100	10.826444858	91.153385	0.0	0.0
7.710000	10.829492892	91.142385	0.0	0.0
7.714800	10.840074339	91.131385	0.0	0.0
7.719700	10.847919994	91.120385	0.0	0.0
7.724600	10.854805600	91.109385	0.0	0.0
7.729500	10.857844199	91.098385	0.0	0.0
7.734400	10.862803155	91.087385	0.0	0.0
7.739300	10.854293932	91.076385	0.0	0.0
7.744100	10.860064066	91.065385	0.0	0.0
7.749000	10.878490435	91.054385	0.0	0.0
7.753900	10.899839227	91.043385	0.0	0.0
7.758800	10.912524273	91.032385	0.0	0.0
7.763700	10.910716141	91.021385	0.0	0.0
7.768600	10.921470535	91.010385	0.0	0.0
7.773400	10.927250834	90.999385	0.0	0.0
7.778300	10.946734521	90.988385	0.0	0.0
7.783200	10.947811662	90.977385	0.0	0.0
7.788100	10.944037425	90.966385	0.0	0.0
7.793000	10.939291320	90.955385	0.0	0.0
7.797900	10.938417132	90.944385	0.0	0.0
7.802700	10.952907530	90.933385	0.0	0.0
7.807600	10.954933850	90.922385	0.0	0.0
7.812500	10.967635375	90.911385	0.0	0.0
7.817400	10.966741721	90.900385	0.0	0.0
7.822300	10.974587627	90.889385	0.0	0.0
7.827100	10.976460460	90.878385	0.0	0.0
7.832000	10.981386838	90.867385	0.0	0.0
7.836900	10.997018882	90.856385	0.0	0.0
7.841800	11.034146227	90.845385	0.0	0.0
7.846700	11.045931094	90.834385	0.0	0.0
7.851600	11.047935744	90.823385	0.0	0.0
7.856400	11.025358354	90.812385	0.0	0.0
7.861300	11.033211887	90.801385	0.0	0.0
7.866200	11.041066725	90.790385	0.0	0.0
7.871100	11.050880048	90.779385	0.0	0.0
7.876000	11.054822090	90.768385	0.0	0.0
7.880900	11.062679451	90.757385	0.0	0.0
7.885700	11.062557268	90.746385	0.0	0.0
7.890600	11.070411660	90.735385	0.0	0.0
7.895500	11.064540439	90.724385	0.0	0.0
7.900400	11.082197862	90.713385	0.0	0.0
7.905300	11.083180494	90.702385	0.0	0.0
7.910200	11.094962078	90.691385	0.0	0.0
7.915000	11.090884950	90.680385	0.0	0.0
7.919900	11.100699944	90.669385	0.0	0.0
7.924800	11.116424689	90.658385	0.0	0.0
7.929700	11.121328104	90.647385	0.0	0.0
7.934600	11.127214826	90.636385	0.0	0.0
7.939500	11.133100419	90.625385	0.0	0.0
7.944300	11.143778096	90.614385	0.0	0.0
7.949200	11.155590172	90.603385	0.0	0.0
7.954100	11.160489694	90.592385	0.0	0.0
7.959000	11.162421073	90.581385	0.0	0.0
7.963900	11.166326180	90.570385	0.0	0.0
7.968800	11.170228424	90.559385	0.0	0.0
7.973600	11.172998135	90.548385	0.0	0.0
7.978500	11.181844629	90.537385	0.0	0.0
7.983400	11.181777932	90.526385	0.0	0.0
7.988300	11.185668776	90.515385	0.0	0.0
7.993200	11.194512651	90.504385	0.0	0.0
7.998000	11.209173822	90.493385	0.0	0.0
8.002900	11.218027941	90.482385	0.0	0.0
8.007800	11.216946608	90.471385	0.0	0.0
8.012700	11.220828718	90.460385	0.0	0.0
8.017600	11.226696291	90.449385	0.0	0.0
8.022500	11.234552446	90.438385	0.0	0.0
8.027300	11.241274273	90.427385	0.0	0.0
8.032200	11.241165277	90.416385	0.0	0.0
8.037100	11.241052100	90.405385	0.0	0.0
8.042000	11.247905462	90.394385	0.0	0.0
8.046900	11.252765536	90.383385	0.0	0.0
8.051800	11.254632975	90.372385	0.0	0.0
8.056600	11.246392513	90.361385	0.0	0.0
8.061500	11.248250653	90.350385	0.0	0.0
8.066400	11.252097760	90.339385	0.0	0.0
8.071300	11.263919552	90.328385	0.0	0.0
8.076200	11.280743670	90.317385	0.0	0.0
8.081100	11.294587581	90.306385	0.0	0.0
8.085900	11.306301700	90.295385	0.0	0.0
8.090800	11.307143416	90.284385	0.0	0.0
8.095700	11.298971626	90.273385	0.0	0.0
8.100600	11.300805278	90.262385	0.0	0.0
8.105500	11.296630853	90.251385	0.0	0.0
8.110400	11.298455862	90.240385	0.0	0.0
8.115200	11.290134713	90.229385	0.0	0.0
8.120100	11.291950518	90.218385	0.0	0.0
8.125000	11.291762306	90.207385	0.0	0.0
8.129900	11.295570669	90.196385	0.0	0.0
8.134800	11.295374185	90.185385	0.0	0.0
8.139600	11.295034841	90.174385	0.0	0.0
8.144500	11.290829843	90.163385	0.0	0.0
8.149400	11.298623352	90.152385	0.0	0.0
8.154300	11.302413633	90.141385	0.0	0.0
8.159200	11.301195770	90.130385	0.0	0.0
8.164100	11.295971726	90.119385	0.0	0.0
8.168900	11.299610566	90.108385	0.0	0.0
8.173800	11.302383969	90.097385	0.0	0.0
8.178700	11.298147795	90.086385	0.0	0.0
8.183600	11.295909731	90.075385	0.0	0.0
8.188500	11.288668277	90.064385	0.0	0.0
8.193400	11.289423011	90.053385	0.0	0.0
8.198200	11.288036509	90.042385	0.0	0.0
8.203100	11.275793999	90.031385	0.0	0.0
8.208000	11.272541933	90.020385	0.0	0.0
8.212900	11.266293131	90.009385	0.0	0.0
8.217800	11.275011728	89.998385	0.0	0.0
8.222700	11.265760021	89.987385	0.0	0.0
8.227500	11.264352924	89.976385	0.0	0.0
8.232400	11.251115710	89.965385	0.0	0.0
8.237300	11.244858900	89.954385	0.0	0.0
8.242200	11.239596938	89.943385	0.0	0.0
8.247100	11.237318635	89.932385	0.0	0.0
8.252000	11.243995268	89.921385	0.0	0.0
8.256800	11.244559081	89.910385	0.0	0.0
8.261700	11.237290932	89.899385	0.0	0.0
8.266600	11.217101928	89.888385	0.0	0.0
8.271500	11.196945262	89.877385	0.0	0.0
8.276400	11.189696094	89.866385	0.0	0.0
8.281300	11.197312497	89.855385	0.0	0.0
8.286100	11.189920208	89.844385	0.0	0.0
8.291000	11.178703235	89.833385	0.0	0.0
8.295900	11.169471788	89.822385	0.0	0.0
8.300800	11.152339976	89.811385	0.0	0.0
8.305700	11.136216751	89.800385	0.0	0.0
8.310500	11.112103581	89.789385	0.0	0.0
8.315400	11.092100881	89.778385	0.0	0.0
8.320300	11.085866677	89.767385	0.0	0.0
8.325200	11.075707937	89.756385	0.0	0.0
8.330100	11.075358776	89.745385	0.0	0.0
8.335000	11.058344515	89.734385	0.0	0.0
8.339800	11.044154036	89.723385	0.0	0.0
8.344700	11.030110295	89.712385	0.0	0.0
8.349600	11.017056251	89.701385	0.0	0.0
8.354500	11.004013866	89.690385	0.0	0.0
8.359400	10.982226283	89.679385	0.0	0.0
8.364300	10.963390470	89.668385	0.0	0.0
8.369100	10.951239298	89.657385	0.0	0.0
8.374000	10.943104469	89.646385	0.0	0.0
8.378900	10.926259706	89.635385	0.0	0.0
8.383800	10.900745253	89.624385	0.0	0.0
8.388700	10.879139851	89.613385	0.0	0.0
8.393600	10.855650623	89.602385	0.0	0.0
8.398400	10.837836767	89.591385	0.0	0.0
8.403300	10.822094031	89.580385	0.0	0.0
8.408200	10.796804498	89.569385	0.0	0.0
8.413100	10.778250059	89.558385	0.0	0.0
8.418000	10.750199159	89.547385	0.0	0.0
8.422900	10.740274647	89.536385	0.0	0.0
8.427700	10.731178666	89.525385	0.0	0.0
8.432600	10.695659051	89.514385	0.0	0.0
8.437500	10.660253404	89.503385	0.0	0.0
8.442400	10.619317135	89.492385	0.0	0.0
8.447300	10.596349545	89.481385	0.0	0.0
8.452100	10.575175904	89.470385	0.0	0.0
8.457000	10.549493566	89.459385	0.0	0.0
8.461900	10.529463576	89.448385	0.0	0.0
8.466800	10.495516432	89.437385	0.0	0.0
8.471700	10.469089825	89.426385	0.0	0.0
8.476600	10.440876791	89.415385	0.0	0.0
8.481400	10.422762144	89.404385	0.0	0.0
8.486300	10.386385331	89.393385	0.0	0.0
8.491200	10.349215451	89.382385	0.0	0.0
8.496100	10.331371381	89.371385	0.0	0.0
8.501000	10.310814877	89.360385	0.0	0.0
8.505900	10.278455532	89.349385	0.0	0.0
8.510700	10.223413991	89.338385	0.0	0.0
8.515600	10.187712678	89.327385	0.0	0.0
8.520500	10.157528606	89.316385	0.0	0.0
8.525400	10.117569573	89.305385	0.0	0.0
8.530300	10.074195053	89.294385	0.0	0.0
8.535200	10.043447860	89.283385	0.0	0.0
8.540000	10.015334514	89.272385	0.0	0.0
8.544900	9.976805287	89.261385	0.0	0.0
8.549800	9.928744011	89.250385	0.0	0.0
8.554700	9.891417354	89.239385	0.0	0.0
8.559600	9.852482546	89.228385	0.0	0.0
8.564500	9.825002721	89.217385	0.0	0.0
8.569300	9.790543064	89.206385	0.0	0.0
8.574200	9.747678534	89.195385	0.0	0.0
8.579100	9.696407465	89.184385	0.0	0.0
8.584000	9.658224534	89.173385	0.0	0.0
8.588900	9.636389945	89.162385	0.0	0.0
8.593800	9.610345138	89.151385	0.0	0.0
8.598600	9.567295351	89.140385	0.0	0.0
8.603500	9.505165320	89.129385	0.0	0.0
8.608400	9.455151437	89.118385	0.0	0.0
8.613300	9.416232268	89.107385	0.0	0.0
8.618200	9.350104502	89.096385	0.0	0.0
8.623000	9.297495456	89.085385	0.0	0.0
8.627900	9.246924399	89.074385	0.0	0.0
8.632800	9.235802830	89.063385	0.0	0.0
8.637700	9.195328385	89.052385	0.0	0.0
8.642600	9.135590356	89.041385	0.0	0.0
8.647500	9.072219389	89.030385	0.0	0.0
8.652300	9.029149632	89.019385	0.0	0.0
8.657200	8.984793838	89.008385	0.0	0.0
8.662100	8.938278015	88.997385	0.0	0.0
8.667000	8.881768764	88.986385	0.0	0.0
8.671900	8.844392420	88.975385	0.0	0.0
8.676800	8.793921012	88.964385	0.0	0.0
8.681600	8.744408499	88.953385	0.0	0.0
8.686500	8.689113889	88.942385	0.0	0.0
8.691400	8.647940861	88.931385	0.0	0.0
8.696300	8.598579628	88.920385	0.0	0.0
8.701200	8.551769186	88.911385	0.0	0.0
8.706100	8.491663547	88.902385	0.0	0.0
8.710900	8.428894476	88.893385	0.0	0.0
8.715800	8.367423834	88.884385	0.0	0.0
8.720700	8.299045891	88.875385	0.0	0.0
8.725600	8.253122160	88.866385	0.0	0.0
8.730500	8.194376913	88.857385	0.0	0.0
8.735400	8.154080610	88.848385	0.0	0.0
8.740200	8.105268775	88.839385	0.0	0.0
8.745100	8.059693427	88.830385	0.0	0.0
8.750000	8.007277368	88.821385	0.0	0.0
8.754900	7.941825073	88.812385	0.0	0.0
8.759800	7.884582512	88.803385	0.0	0.0
8.764600	7.823502536	88.794385	0.0	0.0
8.769500	7.776744053	88.785385	0.0	0.0
8.774400	7.692701195	88.776385	0.0	0.0
8.779300	7.644011373	88.767385	0.0	0.0
8.784200	7.593609599	88.758385	0.0	0.0
8.789100	7.552227629	88.749385	0.0	0.0
8.793900	7.494372324	88.740385	0.0	0.0
8.798800	7.422566749	88.731385	0.0	0.0
8.803700	7.361219140	88.722385	0.0	0.0
8.808600	7.299083365	88.713385	0.0	0.0
8.813500	7.238751865	88.704385	0.0	0.0
8.818400	7.213330724	88.695385	0.0	0.0
8.823200	7.145391353	88.686385	0.0	0.0
8.828100	7.082559265	88.677385	0.0	0.0
8.833000	6.988022275	88.668385	0.0	0.0
8.837900	6.927183177	88.659385	0.0	0.0
8.842800	6.875390841	88.650385	0.0	0.0
8.847700	6.812510866	88.641385	0.0	0.0
8.852500	6.744749612	88.632385	0.0	0.0
8.857400	6.673597355	88.623385	0.0	0.0
8.862300	6.629561523	88.614385	0.0	0.0
8.867200	6.592816922	88.605385	0.0	0.0
8.872100	6.520373572	88.596385	0.0	0.0
8.877000	6.455009496	88.587385	0.0	0.0
8.881800	6.390792724	88.578385	0.0	0.0
8.886700	6.351987672	88.569385	0.0	0.0
8.891600	6.284408812	88.560385	0.0	0.0
8.896500	6.210392940	88.551385	0.0	0.0
8.901400	6.136159999	88.542385	0.0	0.0
8.906300	6.080557085	88.533385	0.0	0.0
8.911100	6.013127942	88.524385	0.0	0.0
8.916000	5.952834416	88.515385	0.0	0.0
8.920900	5.889491486	88.506385	0.0	0.0
8.925800	5.845427502	88.497385	0.0	0.0
8.930700	5.782199735	88.488385	0.0	0.0
8.935500	5.709468466	88.479385	0.0	0.0
8.940400	5.638712128	88.470385	0.0	0.0
8.945300	5.600484193	88.461385	0.0	0.0
8.950200	5.544807620	88.452385	0.0	0.0
8.955100	5.478512337	88.443385	0.0	0.0
8.960000	5.396733632	88.434385	0.0	0.0
8.964800	5.340652832	88.425385	0.0	0.0
8.969700	5.288958045	88.416385	0.0	0.0
8.974600	5.222939527	88.407385	0.0	0.0
8.979500	5.168260062	88.398385	0.0	0.0
8.984400	5.110529489	88.389385	0.0	0.0
8.989300	5.057023846	88.380385	0.0	0.0
8.994100	4.989418305	88.371385	0.0	0.0
8.999000	4.921026307	88.362385	0.0	0.0
9.003900	4.860883077	88.353385	0.0	0.0
9.008800	4.804450961	88.344385	0.0	0.0
9.013700	4.742788576	88.335385	0.0	0.0
9.018600	4.676529055	88.326385	0.0	0.0
9.023400	4.613593610	88.317385	0.0	0.0
9.028300	4.558411950	88.308385	0.0	0.0
9.033200	4.503091307	88.299385	0.0	0.0
9.038100	4.449228709	88.290385	0.0	0.0
9.043000	4.382404161	88.281385	0.0	0.0
9.047900	4.324617370	88.272385	0.0	0.0
9.052700	4.259614851	88.263385	0.0	0.0
9.057600	4.203072488	88.254385	0.0	0.0
9.062500	4.149851264	88.245385	0.0	0.0
9.067400	4.100569806	88.236385	0.0	0.0
9.072300	4.055821544	88.227385	0.0	0.0
9.077100	4.004417255	88.218385	0.0	0.0
9.082000	3.934844260	88.209385	0.0	0.0
9.086900	3.877108482	88.200385	0.0	0.0
9.091800	3.813796030	88.191385	0.0	0.0
9.096700	3.761163651	88.182385	0.0	0.0
9.101600	3.698432029	88.173385	0.0	0.0
9.106400	3.639605491	88.164385	0.0	0.0
9.111300	3.598604254	88.155385	0.0	0.0
9.116200	3.536074719	88.146385	0.0	0.0
9.121100	3.490978013	88.137385	0.0	0.0
9.126000	3.448592658	88.128385	0.0	0.0
9.130900	3.404308173	88.119385	0.0	0.0
9.135700	3.341857136	88.110385	0.0	0.0
9.140600	3.272172114	88.101385	0.0	0.0
9.145500	3.212747403	88.092385	0.0	0.0
9.150400	3.169241690	88.083385	0.0	0.0
9.155300	3.122450434	88.074385	0.0	0.0
9.160200	3.084806514	88.065385	0.0	0.0
9.165000	3.021514435	88.056385	0.0	0.0
9.169900	2.966900334	88.047385	0.0	0.0
9.174800	2.914046666	88.038385	0.0	0.0
9.179700	2.877892309	88.029385	0.0	0.0
9.184600	2.828375499	88.020385	0.0	0.0
9.189500	2.772334469	88.011385	0.0	0.0
9.194300	2.724602696	88.002385	0.0	0.0
9.199200	2.685320400	87.993385	0.0	0.0
9.204100	2.652704763	87.984385	0.0	0.0
9.209000	2.605443142	87.975385	0.0	0.0
9.213900	2.557889931	87.966385	0.0	0.0
9.218800	2.471709157	87.957385	0.0	0.0
9.223600	2.427643844	87.948385	0.0	0.0
9.228500	2.377220542	87.939385	0.0	0.0
9.233400	2.356467999	87.930385	0.0	0.0
9.238300	2.314275376	87.921385	0.0	0.0
9.243200	2.271831373	87.912385	0.0	0.0
9.248000	2.243810516	87.903385	0.0	0.0
9.252900	2.205390286	87.894385	0.0	0.0
9.257800	2.147944598	87.885385	0.0	0.0
9.262700	2.112660938	87.876385	0.0	0.0
9.267600	2.061642370	87.867385	0.0	0.0
9.272500	2.038578819	87.858385	0.0	0.0
9.277300	1.981414529	87.849385	0.0	0.0
9.282200	1.947483985	87.840385	0.0	0.0
9.287100	1.906858556	87.831385	0.0	0.0
9.292000	1.871052703	87.822385	0.0	0.0
9.296900	1.832182899	87.813385	0.0	0.0
9.301800	1.789835211	87.804385	0.0	0.0
9.306600	1.750926306	87.795385	0.0	0.0
9.311500	1.716373702	87.786385	0.0	0.0
9.316400	1.679525046	87.777385	0.0	0.0
9.321300	1.649591393	87.768385	0.0	0.0
9.326200	1.615462677	87.759385	0.0	0.0
9.331100	1.580499194	87.750385	0.0	0.0
9.335900	1.543129030	87.741385	0.0	0.0
9.340800	1.510265148	87.732385	0.0	0.0
9.345700	1.480458875	87.723385	0.0	0.0
9.350600	1.451111935	87.714385	0.0	0.0
9.355500	1.411179582	87.705385	0.0	0.0
9.360400	1.382960223	87.696385	0.0	0.0
9.365200	1.352891931	87.687385	0.0	0.0
9.370100	1.325602618	87.678385	0.0	0.0
9.375000	1.291408024	87.669385	0.0	0.0
9.379900	1.255201615	87.660385	0.0	0.0
9.384800	1.231953027	87.651385	0.0	0.0
9.389600	1.201755778	87.642385	0.0	0.0
9.394500	1.175950258	87.633385	0.0	0.0
9.399400	1.137627360	87.624385	0.0	0.0
9.404300	1.108967143	87.615385	0.0	0.0
9.409200	1.081507460	87.606385	0.0	0.0
9.414100	1.063827007	87.597385	0.0	0.0
9.418900	1.038024908	87.588385	0.0	0.0
9.423800	1.012769403	87.579385	0.0	0.0
9.428700	0.982195337	87.570385	0.0	0.0
9.433600	0.956178320	87.561385	0.0	0.0
9.438500	0.932500408	87.552385	0.0	0.0
9.443400	0.908442645	87.543385	0.0	0.0
9.448200	0.885623178	87.534385	0.0	0.0
9.453100	0.864380414	87.525385	0.0	0.0
9.458000	0.853945148	87.516385	0.0	0.0
9.462900	0.829558894	87.507385	0.0	0.0
9.467800	0.799966957	87.498385	0.0	0.0
9.472700	0.766866619	87.489385	0.0	0.0
9.477500	0.747337485	87.480385	0.0	0.0
9.482400	0.730962489	87.471385	0.0	0.0
9.487300	0.688171014	87.462385	0.0	0.0
9.492200	0.670771295	87.453385	0.0	0.0
9.497100	0.648161476	87.444385	0.0	0.0
9.502000	0.649645540	87.435385	0.0	0.0
9.506800	0.634391464	87.426385	0.0	0.0
9.511700	0.617639359	87.417385	0.0	0.0
9.516600	0.603463410	87.408385	0.0	0.0
9.521500	0.580853762	87.399385	0.0	0.0
9.526400	0.566517493	87.390385	0.0	0.0
9.531300	0.545919942	87.381385	0.0	0.0
9.536100	0.528587449	87.372385	0.0	0.0
9.541000	0.510678576	87.363385	0.0	0.0
9.545900	0.499708546	87.354385	0.0	0.0
9.550800	0.482991677	87.345385	0.0	0.0
9.555700	0.466007785	87.336385	0.0	0.0
9.560500	0.447550494	87.327385	0.0	0.0
9.565400	0.433613737	87.318385	0.0	0.0
9.570300	0.419627469	87.309385	0.0	0.0
9.575200	0.409378164	87.300385	0.0	0.0
9.580100	0.397438503	87.291385	0.0	0.0
9.585000	0.375098960	87.282385	0.0	0.0
9.589800	0.357065514	87.273385	0.0	0.0
9.594700	0.343473183	87.264385	0.0	0.0
9.599600	0.344044462	87.255385	0.0	0.0
9.604500	0.332946656	87.246385	0.0	0.0
9.609400	0.323092545	87.237385	0.0	0.0
9.614300	0.309392565	87.228385	0.0	0.0
9.619100	0.297637866	87.219385	0.0	0.0
9.624000	0.285395958	87.210385	0.0	0.0
9.628900	0.274458429	87.201385	0.0	0.0
9.633800	0.266783558	87.192385	0.0	0.0
9.638700	0.257652134	87.183385	0.0	0.0
9.643600	0.250336226	87.174385	0.0	0.0
9.648400	0.239188234	87.165385	0.0	0.0
9.653300	0.229980537	87.156385	0.0	0.0
9.658200	0.218944758	87.147385	0.0	0.0
9.663100	0.212577047	87.138385	0.0	0.0
9.668000	0.203724955	87.129385	0.0	0.0
9.672900	0.196612190	87.120385	0.0	0.0
9.677700	0.187839722	87.111385	0.0	0.0
9.682600	0.181828149	87.102385	0.0	0.0
9.687500	0.174132904	87.093385	0.0	0.0
9.692400	0.166896262	87.084385	0.0	0.0
9.697300	0.159183072	87.075385	0.0	0.0
9.702100	0.152836534	87.066385	0.0	0.0
9.707000	0.146445906	87.057385	0.0	0.0
9.711900	0.140521430	87.048385	0.0	0.0
9.716800	0.133860958	87.039385	0.0	0.0
9.721700	0.127798786	87.030385	0.0	0.0
9.726600	0.120732027	87.021385	0.0	0.0
9.731400	0.116062148	87.012385	0.0	0.0
9.736300	0.111346984	87.003385	0.0	0.0
9.741200	0.107098056	86.994385	0.0	0.0
9.746100	0.100479372	86.985385	0.0	0.0
9.751000	0.096277760	86.976385	0.0	0.0
9.755900	0.092374447	86.967385	0.0	0.0
9.760700	0.088502958	86.958385	0.0	0.0
9.765600	0.083070148	86.949385	0.0	0.0
9.770500	0.079293897	86.940385	0.0	0.0
9.775400	0.075763061	86.931385	0.0	0.0
9.780300	0.072659187	86.922385	0.0	0.0
9.785200	0.067753407	86.913385	0.0	0.0
9.790000	0.064233193	86.904385	0.0	0.0
9.794900	0.060767187	86.895385	0.0	0.0
9.799800	0.059334791	86.886385	0.0	0.0
9.804700	0.056162909	86.877385	0.0	0.0
9.809600	0.052347669	86.868385	0.0	0.0
9.814500	0.048778632	86.859385	0.0	0.0
9.819300	0.046949857	86.850385	0.0	0.0
9.824200	0.044601651	86.841385	0.0	0.0
9.829100	0.041782130	86.832385	0.0	0.0
9.834000	0.038521840	86.823385	0.0	0.0
9.838900	0.036676248	86.814385	0.0	0.0
9.843800	0.034620386	86.805385	0.0	0.0
9.848600	0.032792490	86.796385	0.0	0.0
9.853500	0.030551243	86.787385	0.0	0.0
9.858400	0.028703648	86.778385	0.0	0.0
9.863300	0.026765538	86.769385	0.0	0.0
9.868200	0.025354842	86.760385	0.0	0.0
9.873000	0.023494403	86.751385	0.0	0.0
9.877900	0.021737939	86.742385	0.0	0.0
9.882800	0.020361903	86.733385	0.0	0.0
9.887700	0.019137262	86.724385	0.0	0.0
9.892600	0.017951261	86.715385	0.0	0.0
9.897500	0.016496315	86.706385	0.0	0.0
9.902300	0.015132309	86.697385	0.0	0.0
9.907200	0.014053157	86.688385	0.0	0.0
9.912100	0.013007114	86.679385	0.0	0.0
9.917000	0.012013369	86.670385	0.0	0.0
9.921900	0.011186315	86.661385	0.0	0.0
9.926800	0.010255101	86.652385	0.0	0.0
9.931600	0.009505961	86.643385	0.0	0.0
9.936500	0.008544964	86.634385	0.0	0.0
9.941400	0.007693371	86.625385	0.0	0.0
9.946300	0.006847357	86.616385	0.0	0.0
9.951200	0.006342156	86.607385	0.0	0.0
9.956100	0.005807499	86.598385	0.0	0.0
9.960900	0.005083017	86.589385	0.0	0.0
9.965800	0.004216111	86.580385	0.0	0.0
9.970700	0.003509465	86.571385	0.0	0.0
9.975600	0.002919188	86.562385	0.0	0.0
9.980500	0.002316852	86.553385	0.0	0.0
9.985400	0.001767900	86.544385	0.0	0.0
9.990200	0.001122548	86.535385	0.0	0.0
9.995100	0.001045726	86.526385	0.0	0.0
