# Response info for PLCA broadband channels.
#
# Effective: 12 Jan 2005
# Source:  James Neely (CTI)
# System equipment:  KS54000 IRIS seismometer and AIM24S-3 digitizer.
# 
# This nominal response file is the average amplitude and phase of the RB
# calibrations.
#
# Displacement response relative to 1.0 at 1.0 Hz. The nominal calib value for
# this configuration is 0.0215 nm/count at 1.0 Hz.
#
# Freq(Hz)  Ampl(counts/nm)  Phase(deg)  Error(amp)  Error(phase)
#
 theoretical  0       system    fap   J.Neely
70                              
0.0100  0.006697000     147.50000       0.0     0.0
0.0120  0.008571600     142.35000       0.0     0.0
0.0130  0.009715200     137.50000       0.0     0.0
0.0150  0.011714500     134.50000       0.0     0.0
0.0160  0.012885800     131.80000       0.0     0.0
0.0180  0.014884100     129.50000       0.0     0.0
0.0210  0.018014600     123.00000       0.0     0.0
0.0230  0.020387400     122.00000       0.0     0.0
0.0260  0.023719600     118.00000       0.0     0.0
0.0290  0.026742738     117.25000       0.0     0.0
0.0330  0.030431391     113.00000       0.0     0.0
0.0370  0.034120045     110.34600       0.0     0.0
0.0410  0.039545013     108.00000       0.0     0.0
0.0460  0.044367576     105.90000       0.0     0.0
0.0520  0.050154651     104.20000       0.0     0.0
0.0590  0.056906238     103.40000       0.0     0.0
0.0660  0.063976204     100.90000       0.0     0.0
0.0740  0.071730896     99.46667        0.0     0.0
0.0830  0.081417787     97.00000        0.0     0.0
0.0930  0.090494000     97.00000        0.0     0.0
0.1050  0.103189000     95.50000        0.0     0.0
0.1180  0.112810000     93.10000        0.0     0.0
0.1320  0.128211000     92.85000        0.0     0.0
0.1490  0.143734000     90.60000        0.0     0.0
0.1670  0.161330000     89.40000        0.0     0.0
0.1870  0.181296000     88.20000        0.0     0.0
0.2110  0.204984000     87.01000        0.0     0.0
0.2360  0.227178000     85.80000        0.0     0.0
0.2660  0.260589000     84.60000        0.0     0.0
0.2980  0.289857000     84.40000        0.0     0.0
0.3350  0.336134000     84.90000        0.0     0.0
0.3770  0.375961000     85.50000        0.0     0.0
0.4230  0.416052594     84.16667        0.0     0.0
0.4750  0.471159707     82.66667        0.0     0.0
0.5340  0.531923434     81.06667        0.0     0.0
0.5990  0.598046137     80.10000        0.0     0.0
0.6730  0.669868564     78.33333        0.0     0.0
0.7560  0.754796126     76.93333        0.0     0.0
0.8500  0.849624041     74.80000        0.0     0.0
0.9550  0.955310545     73.03333        0.0     0.0
1.0720  1.071114714     70.60000        0.0     0.0
1.2050  1.201696825     67.96667        0.0     0.0
1.3530  1.347738589     64.93333        0.0     0.0
1.5200  1.513508234     61.70000        0.0     0.0
1.7070  1.695149690     57.86667        0.0     0.0
1.9180  1.899575106     53.53333        0.0     0.0
2.1540  2.124321441     48.76667        0.0     0.0
2.4200  2.370226773     43.50000        0.0     0.0
2.7190  2.637649439     36.93333        0.0     0.0
3.0540  2.917495755     29.66667        0.0     0.0
3.4300  3.199646405     21.46667        0.0     0.0
3.8540  3.463800818     11.80000        0.0     0.0
4.3290  3.685774711     1.36667         0.0     0.0
4.8630  3.811057222     -10.30000       0.0     0.0
5.4620  3.817914771     -23.00000       0.0     0.0
6.1360  3.681514803     -36.06667       0.0     0.0
6.8930  3.438609130     -48.60000       0.0     0.0
7.7430  3.095402479     -60.70000       0.0     0.0
8.6980  2.711610270     -71.86667       0.0     0.0
9.7700  2.327389642     -82.00000       0.0     0.0
10.000  2.262774105     -83.63333       0.0     0.0
11.000  1.960501679     -91.03333       0.0     0.0
12.000  1.716547318     -97.06667       0.0     0.0
13.000  1.512114063     -102.16667      0.0     0.0
14.000  1.339993122     -106.44667      0.0     0.0
15.000  1.192794952     -110.23333      0.0     0.0
16.000  0.943904050     -113.40000      0.0     0.0
17.000  0.426177111     -116.23333      0.0     0.0
18.000  0.070862049     -118.76667      0.0     0.0
19.000  0.002258022     -122.90000      0.0     0.0
