# UNCLASSIFIED
#
# Response info for PLCA broadband site.
#
# Effective: 28 Mar 2010
# Created:   30 Mar 2010
# File name: plca_088_bb_rsp.txt
# File name: PLCA.BB.1269790020
# Inid:  
# Source:  James Neely (TTD)
# System equipment:  KS54000-0102 velocity seismometer and AIM24S-3 digitizer.
# 
# This nominal response file is the average amplitude and phase of the RB
# calibrations.
#
# Displacement response relative to 1.0 at 1.0 Hz. The nominal calib values for
# this configuration are as follows:
#
# PLCAB  BHZ is 0.020100 nm/count at 1.0 Hz.
# PLCAB  BHN is 0.020500 nm/count at 1.0 Hz.
# PLCAB  BHE is 0.020200 nm/count at 1.0 Hz.
# 
# Freq(Hz)    Ampl(counts/nm)   Phase(deg)  Error(amp)  Error(phase)
#
 theoretical  0       system    fap   J.Neely
2047
0.009800	0.006459904	162.066667	0.0	0.0
0.019500	0.015306220	131.366667	0.0	0.0
0.029300	0.025676409	118.466667	0.0	0.0
0.039100	0.036672745	111.800000	0.0	0.0
0.048800	0.046908674	106.900000	0.0	0.0
0.058600	0.057024867	103.200000	0.0	0.0
0.068400	0.067048557	101.166667	0.0	0.0
0.078100	0.076615687	99.266667	0.0	0.0
0.087900	0.086660703	98.033333	0.0	0.0
0.097700	0.096137885	96.733333	0.0	0.0
0.107400	0.105682793	95.900000	0.0	0.0
0.117200	0.116170077	95.000000	0.0	0.0
0.127000	0.126410429	94.100000	0.0	0.0
0.136700	0.136650781	93.200000	0.0	0.0
0.146500	0.146891133	92.509090	0.0	0.0
0.156300	0.157131485	91.818180	0.0	0.0
0.166000	0.167371837	91.127270	0.0	0.0
0.175800	0.177612189	90.436360	0.0	0.0
0.185500	0.187852541	89.745450	0.0	0.0
0.195300	0.198092900	89.054540	0.0	0.0
0.205100	0.207547995	89.133333	0.0	0.0
0.214800	0.217003090	88.876667	0.0	0.0
0.224600	0.226458185	88.620001	0.0	0.0
0.234400	0.235913280	88.363334	0.0	0.0
0.244100	0.245368375	88.106668	0.0	0.0
0.253900	0.254823470	87.850002	0.0	0.0
0.263700	0.264278565	87.593336	0.0	0.0
0.273400	0.273733660	87.336669	0.0	0.0
0.283200	0.283188755	87.080003	0.0	0.0
0.293000	0.292643850	86.823337	0.0	0.0
0.302700	0.302098945	86.566667	0.0	0.0
0.312500	0.311554040	86.360607	0.0	0.0
0.322300	0.321009135	86.154547	0.0	0.0
0.332000	0.330464230	85.948487	0.0	0.0
0.341800	0.339919325	85.742427	0.0	0.0
0.351600	0.349374420	85.536367	0.0	0.0
0.361300	0.358829515	85.330307	0.0	0.0
0.371100	0.368284610	85.124247	0.0	0.0
0.380900	0.377739705	84.918187	0.0	0.0
0.390600	0.387194800	84.712127	0.0	0.0
0.400400	0.400000000	84.300000	0.0	0.0
0.410200	0.411303422	84.200000	0.0	0.0
0.419900	0.420383706	84.133333	0.0	0.0
0.429700	0.429700000	84.000000	0.0	0.0
0.439500	0.439331368	83.633333	0.0	0.0
0.449200	0.449544906	83.366667	0.0	0.0
0.459000	0.458471861	83.066667	0.0	0.0
0.468800	0.468440321	82.866667	0.0	0.0
0.478500	0.477949424	82.733333	0.0	0.0
0.488300	0.487176941	82.600000	0.0	0.0
0.498000	0.498000000	82.233333	0.0	0.0
0.507800	0.508189901	81.866667	0.0	0.0
0.517600	0.519390818	81.533333	0.0	0.0
0.527300	0.527502398	81.600000	0.0	0.0
0.537100	0.536893920	81.533333	0.0	0.0
0.546900	0.546480400	81.366667	0.0	0.0
0.556600	0.556813644	80.966667	0.0	0.0
0.566400	0.567705687	80.700000	0.0	0.0
0.576200	0.577528278	80.566667	0.0	0.0
0.585900	0.586574931	80.400000	0.0	0.0
0.595700	0.595928652	80.166667	0.0	0.0
0.605500	0.603875598	79.900000	0.0	0.0
0.615200	0.613314163	79.833333	0.0	0.0
0.625000	0.624280856	79.766667	0.0	0.0
0.634800	0.635775202	79.633333	0.0	0.0
0.644500	0.646481729	79.133333	0.0	0.0
0.654300	0.655808317	78.800000	0.0	0.0
0.664100	0.665630909	78.533333	0.0	0.0
0.673800	0.675612496	78.466667	0.0	0.0
0.683600	0.685175861	78.366667	0.0	0.0
0.693400	0.694465226	78.266667	0.0	0.0
0.703100	0.703639856	78.033333	0.0	0.0
0.712900	0.713447381	77.733333	0.0	0.0
0.722700	0.723254906	77.566667	0.0	0.0
0.732400	0.732681123	77.333333	0.0	0.0
0.742200	0.741915225	77.133333	0.0	0.0
0.752000	0.753155249	76.900000	0.0	0.0
0.761700	0.763455900	76.633333	0.0	0.0
0.771500	0.769430263	76.433333	0.0	0.0
0.781300	0.778904999	76.266667	0.0	0.0
0.791000	0.788272695	76.200000	0.0	0.0
0.800800	0.802646035	76.000000	0.0	0.0
0.810500	0.811745119	75.766667	0.0	0.0
0.820300	0.821244949	75.566667	0.0	0.0
0.830100	0.830418624	75.400000	0.0	0.0
0.839800	0.840122347	75.200000	0.0	0.0
0.849600	0.849274017	74.966667	0.0	0.0
0.859400	0.859070256	74.766667	0.0	0.0
0.869100	0.868766535	74.566667	0.0	0.0
0.878900	0.878562774	74.366667	0.0	0.0
0.888700	0.887677435	74.166667	0.0	0.0
0.898400	0.897710717	74.000000	0.0	0.0
0.908200	0.907154998	73.800000	0.0	0.0
0.918000	0.917295679	73.666667	0.0	0.0
0.927700	0.926988237	73.466667	0.0	0.0
0.937500	0.937140290	73.266667	0.0	0.0
0.947300	0.947300000	73.066667	0.0	0.0
0.957000	0.957000000	72.866667	0.0	0.0
0.966800	0.966429048	72.700000	0.0	0.0
0.976600	0.976600000	72.500000	0.0	0.0
0.986300	0.985921566	72.300000	0.0	0.0
0.996100	0.996100000	72.066667	0.0	0.0
1.005900	1.005900000	71.933333	0.0	0.0
1.015600	1.015989826	71.700000	0.0	0.0
1.025400	1.025400000	71.533333	0.0	0.0
1.035200	1.035597349	71.300000	0.0	0.0
1.044900	1.044900000	71.100000	0.0	0.0
1.054700	1.054700000	70.900000	0.0	0.0
1.064500	1.064500000	70.700000	0.0	0.0
1.074200	1.073375837	70.533333	0.0	0.0
1.084000	1.083168318	70.300000	0.0	0.0
1.093800	1.092541441	70.133333	0.0	0.0
1.103500	1.101807364	69.966667	0.0	0.0
1.113300	1.112445839	69.800000	0.0	0.0
1.123000	1.122569116	69.700000	0.0	0.0
1.132800	1.131930877	69.466667	0.0	0.0
1.142600	1.141285290	69.266667	0.0	0.0
1.152300	1.150974129	69.000000	0.0	0.0
1.162100	1.162100000	68.800000	0.0	0.0
1.171900	1.171900000	68.633333	0.0	0.0
1.181600	1.181600000	68.466667	0.0	0.0
1.191400	1.190029139	68.266667	0.0	0.0
1.201200	1.198897322	68.033333	0.0	0.0
1.210900	1.208115007	67.800000	0.0	0.0
1.220700	1.217892468	67.600000	0.0	0.0
1.230500	1.228612562	67.400000	0.0	0.0
1.240200	1.238297683	67.200000	0.0	0.0
1.250000	1.248082651	67.000000	0.0	0.0
1.259800	1.258350436	66.833333	0.0	0.0
1.269500	1.267066392	66.666667	0.0	0.0
1.279300	1.276847606	66.500000	0.0	0.0
1.289100	1.286628820	66.300000	0.0	0.0
1.298800	1.295812843	66.066667	0.0	0.0
1.308600	1.305590304	65.866667	0.0	0.0
1.318400	1.315367764	65.700000	0.0	0.0
1.328100	1.325045455	65.500000	0.0	0.0
1.337900	1.335335271	65.300000	0.0	0.0
1.347700	1.345632791	65.100000	0.0	0.0
1.357400	1.354278067	64.900000	0.0	0.0
1.367200	1.363532152	64.700000	0.0	0.0
1.377000	1.373832988	64.500000	0.0	0.0
1.386700	1.383510679	64.333333	0.0	0.0
1.396500	1.394357938	64.200000	0.0	0.0
1.406300	1.403604149	63.966667	0.0	0.0
1.416000	1.412743290	63.766667	0.0	0.0
1.425800	1.421974943	63.533333	0.0	0.0
1.435500	1.431648921	63.333333	0.0	0.0
1.445300	1.440869569	63.166667	0.0	0.0
1.455100	1.451196339	62.933333	0.0	0.0
1.464800	1.461431053	62.766667	0.0	0.0
1.474600	1.471773220	62.566667	0.0	0.0
1.484400	1.480417734	62.366667	0.0	0.0
1.494100	1.488948463	62.166667	0.0	0.0
1.503900	1.498139631	62.000000	0.0	0.0
1.513700	1.508480884	61.766667	0.0	0.0
1.523400	1.518147439	61.600000	0.0	0.0
1.533200	1.528500120	61.400000	0.0	0.0
1.543000	1.537679860	61.233333	0.0	0.0
1.552700	1.547346415	61.000000	0.0	0.0
1.562500	1.555917956	60.833333	0.0	0.0
1.572300	1.565676673	60.600000	0.0	0.0
1.582000	1.574731370	60.400000	0.0	0.0
1.591800	1.584486343	60.200000	0.0	0.0
1.601600	1.594241316	60.000000	0.0	0.0
1.611300	1.603896749	59.833333	0.0	0.0
1.621100	1.614271103	59.633333	0.0	0.0
1.630900	1.623406695	59.433333	0.0	0.0
1.640600	1.633062128	59.233333	0.0	0.0
1.650400	1.642186767	59.033333	0.0	0.0
1.660200	1.651304165	58.866667	0.0	0.0
1.669900	1.660952189	58.666667	0.0	0.0
1.679700	1.670699678	58.433333	0.0	0.0
1.689500	1.679802395	58.233333	0.0	0.0
1.699200	1.688798493	58.100000	0.0	0.0
1.709000	1.697886790	57.900000	0.0	0.0
1.718800	1.707623063	57.700000	0.0	0.0
1.728500	1.716601090	57.500000	0.0	0.0
1.738300	1.726996259	57.266667	0.0	0.0
1.748000	1.737299768	57.066667	0.0	0.0
1.757800	1.747039778	56.866667	0.0	0.0
1.767600	1.756779788	56.666667	0.0	0.0
1.777300	1.766420410	56.466667	0.0	0.0
1.787100	1.776160421	56.300000	0.0	0.0
1.796900	1.785900431	56.100000	0.0	0.0
1.806600	1.795541053	55.900000	0.0	0.0
1.816400	1.804588394	55.700000	0.0	0.0
1.826200	1.813628528	55.500000	0.0	0.0
1.835900	1.822562185	55.300000	0.0	0.0
1.845700	1.832290988	55.100000	0.0	0.0
1.855500	1.842019791	54.900000	0.0	0.0
1.865200	1.851649320	54.700000	0.0	0.0
1.875000	1.861378123	54.433333	0.0	0.0
1.884800	1.871106926	54.266667	0.0	0.0
1.894500	1.880736456	54.100000	0.0	0.0
1.904300	1.889014830	53.833333	0.0	0.0
1.914100	1.898007642	53.633333	0.0	0.0
1.923800	1.907626091	53.466667	0.0	0.0
1.933600	1.917343700	53.300000	0.0	0.0
1.943400	1.927061308	53.100000	0.0	0.0
1.953100	1.935193872	52.866667	0.0	0.0
1.962900	1.946397367	52.666667	0.0	0.0
1.972700	1.956114975	52.466667	0.0	0.0
1.982400	1.965733425	52.266667	0.0	0.0
1.992200	1.973935401	52.033333	0.0	0.0
2.002000	1.984406952	51.866667	0.0	0.0
2.011700	1.992491830	51.666667	0.0	0.0
2.021500	2.001430033	51.533333	0.0	0.0
2.031300	2.009589727	51.333333	0.0	0.0
2.041000	2.020736432	51.133333	0.0	0.0
2.050800	2.029660074	50.866667	0.0	0.0
2.060500	2.039260086	50.666667	0.0	0.0
2.070300	2.047387035	50.433333	0.0	0.0
2.080100	2.057078574	50.233333	0.0	0.0
2.089800	2.066671219	50.033333	0.0	0.0
2.099600	2.077957037	49.866667	0.0	0.0
2.109400	2.087656018	49.666667	0.0	0.0
2.119100	2.097256029	49.433333	0.0	0.0
2.128900	2.104530683	49.233333	0.0	0.0
2.138700	2.113407298	49.033333	0.0	0.0
2.148400	2.121363752	48.833333	0.0	0.0
2.158200	2.131858399	48.600000	0.0	0.0
2.168000	2.141538787	48.433333	0.0	0.0
2.177700	2.151120395	48.233333	0.0	0.0
2.187500	2.159971703	48.033333	0.0	0.0
2.197300	2.168815903	47.833333	0.0	0.0
2.207000	2.178390160	47.566667	0.0	0.0
2.216800	2.186384364	47.366667	0.0	0.0
2.226600	2.196049903	47.133333	0.0	0.0
2.236300	2.205616814	47.000000	0.0	0.0
2.246100	2.215282353	46.800000	0.0	0.0
2.255900	2.223240836	46.600000	0.0	0.0
2.265600	2.231943703	46.400000	0.0	0.0
2.275400	2.241598120	46.200000	0.0	0.0
2.285200	2.251252538	46.000000	0.0	0.0
2.294900	2.261676225	45.766667	0.0	0.0
2.304700	2.272206172	45.566667	0.0	0.0
2.314500	2.280992471	45.400000	0.0	0.0
2.324200	2.290552042	45.200000	0.0	0.0
2.334000	2.297563474	45.000000	0.0	0.0
2.343800	2.307210485	44.800000	0.0	0.0
2.353500	2.316759056	44.566667	0.0	0.0
2.363300	2.326406066	44.366667	0.0	0.0
2.373000	2.333266818	44.166667	0.0	0.0
2.382800	2.341105174	43.900000	0.0	0.0
2.392600	2.349831737	43.700000	0.0	0.0
2.402300	2.360263958	43.500000	0.0	0.0
2.412100	2.369892475	43.300000	0.0	0.0
2.421900	2.379520992	43.100000	0.0	0.0
2.431600	2.389051259	42.900000	0.0	0.0
2.441400	2.396839428	42.733333	0.0	0.0
2.451200	2.404614240	42.500000	0.0	0.0
2.460900	2.413203610	42.333333	0.0	0.0
2.470700	2.421884058	42.100000	0.0	0.0
2.480500	2.431490431	41.833333	0.0	0.0
2.490200	2.440998779	41.633333	0.0	0.0
2.500000	2.448724964	41.433333	0.0	0.0
2.509800	2.458323965	41.233333	0.0	0.0
2.519500	2.466878137	41.000000	0.0	0.0
2.529300	2.473623951	40.766667	0.0	0.0
2.539100	2.483208229	40.533333	0.0	0.0
2.548800	2.492694709	40.433333	0.0	0.0
2.558600	2.502278987	40.233333	0.0	0.0
2.568400	2.510899487	40.033333	0.0	0.0
2.578100	2.518448604	39.800000	0.0	0.0
2.587900	2.528021854	39.533333	0.0	0.0
2.597700	2.536621453	39.333333	0.0	0.0
2.607400	2.549026367	39.133333	0.0	0.0
2.617200	2.555662958	38.933333	0.0	0.0
2.627000	2.565232535	38.733333	0.0	0.0
2.636700	2.569768803	38.533333	0.0	0.0
2.646500	2.578330375	38.233333	0.0	0.0
2.656300	2.586884998	38.033333	0.0	0.0
2.666000	2.596331516	37.833333	0.0	0.0
2.675800	2.603876104	37.700000	0.0	0.0
2.685500	2.613315374	37.433333	0.0	0.0
2.695300	2.620839615	37.233333	0.0	0.0
2.705100	2.629359632	37.033333	0.0	0.0
2.714800	2.638788041	36.833333	0.0	0.0
2.724600	2.647297517	36.600000	0.0	0.0
2.734400	2.655800074	36.400000	0.0	0.0
2.744100	2.664198629	36.200000	0.0	0.0
2.753900	2.673713277	35.966667	0.0	0.0
2.763700	2.681169262	35.733333	0.0	0.0
2.773400	2.689547247	35.533333	0.0	0.0
2.783200	2.696980144	35.333333	0.0	0.0
2.793000	2.705438104	35.133333	0.0	0.0
2.802700	2.712751091	34.933333	0.0	0.0
2.812500	2.718060991	34.700000	0.0	0.0
2.822300	2.725439269	34.466667	0.0	0.0
2.832000	2.736906214	34.233333	0.0	0.0
2.841800	2.747431310	34.066667	0.0	0.0
2.851600	2.755848079	33.866667	0.0	0.0
2.861300	2.759921491	33.666667	0.0	0.0
2.871100	2.769374268	33.466667	0.0	0.0
2.880900	2.778827044	33.266667	0.0	0.0
2.890600	2.789253575	33.033333	0.0	0.0
2.900400	2.797636141	32.800000	0.0	0.0
2.910200	2.803858997	32.600000	0.0	0.0
2.919900	2.809967594	32.400000	0.0	0.0
2.929700	2.819398630	32.200000	0.0	0.0
2.939500	2.826659292	32.000000	0.0	0.0
2.949200	2.833811066	31.700000	0.0	0.0
2.959000	2.839956133	31.466667	0.0	0.0
2.968800	2.849361868	31.266667	0.0	0.0
2.978500	2.858671626	31.066667	0.0	0.0
2.988300	2.864777265	30.866667	0.0	0.0
2.998000	2.871871223	30.666667	0.0	0.0
3.007800	2.877943664	30.466667	0.0	0.0
3.017600	2.886212729	30.200000	0.0	0.0
3.027300	2.893268870	30.000000	0.0	0.0
3.037100	2.902634983	29.800000	0.0	0.0
3.046900	2.910883789	29.566667	0.0	0.0
3.056600	2.920150773	29.366667	0.0	0.0
3.066400	2.929513292	29.133333	0.0	0.0
3.076200	2.935494253	28.933333	0.0	0.0
3.085900	2.941362255	28.700000	0.0	0.0
3.095700	2.947308074	28.500000	0.0	0.0
3.105500	2.954369879	28.300000	0.0	0.0
3.115200	2.965873344	28.100000	0.0	0.0
3.125000	2.972920906	27.866667	0.0	0.0
3.134800	2.986825415	27.600000	0.0	0.0
3.144500	2.996067538	27.333333	0.0	0.0
3.154300	3.004251795	27.133333	0.0	0.0
3.164100	3.003195013	26.933333	0.0	0.0
3.173800	3.012401736	26.733333	0.0	0.0
3.183600	3.018226510	26.533333	0.0	0.0
3.193400	3.024033892	26.333333	0.0	0.0
3.203100	3.033219440	26.133333	0.0	0.0
3.212900	3.038998893	25.866667	0.0	0.0
3.222700	3.044761030	25.633333	0.0	0.0
3.232400	3.052753689	25.433333	0.0	0.0
3.242200	3.062009037	25.233333	0.0	0.0
3.252000	3.068908007	25.033333	0.0	0.0
3.261700	3.075700290	24.833333	0.0	0.0
3.271500	3.083757779	24.566667	0.0	0.0
3.281300	3.091808631	24.333333	0.0	0.0
3.291000	3.098569314	24.166667	0.0	0.0
3.300800	3.106603858	23.933333	0.0	0.0
3.310500	3.112148121	23.633333	0.0	0.0
3.320300	3.118966131	23.433333	0.0	0.0
3.330100	3.124572517	23.233333	0.0	0.0
3.339800	3.133673852	23.033333	0.0	0.0
3.349600	3.138048233	22.800000	0.0	0.0
3.359400	3.144814630	22.533333	0.0	0.0
3.369100	3.150266065	22.333333	0.0	0.0
3.378900	3.158217281	22.166667	0.0	0.0
3.388700	3.166161930	21.966667	0.0	0.0
3.398400	3.172788785	21.733333	0.0	0.0
3.408200	3.178276954	21.533333	0.0	0.0
3.418000	3.183748292	21.333333	0.0	0.0
3.427700	3.192783506	21.066667	0.0	0.0
3.437500	3.199455250	20.900000	0.0	0.0
3.447300	3.206114877	20.633333	0.0	0.0
3.457000	3.210204601	20.533333	0.0	0.0
3.466800	3.218069762	20.233333	0.0	0.0
3.476600	3.223453373	20.033333	0.0	0.0
3.486300	3.233687808	19.733333	0.0	0.0
3.496100	3.240289746	19.533333	0.0	0.0
3.505900	3.248125924	19.333333	0.0	0.0
3.515600	3.253364992	19.133333	0.0	0.0
3.525400	3.261182227	18.833333	0.0	0.0
3.535200	3.265231583	18.566667	0.0	0.0
3.544900	3.272934558	18.366667	0.0	0.0
3.554700	3.275691201	18.233333	0.0	0.0
3.564500	3.283461682	18.033333	0.0	0.0
3.574200	3.289870859	17.766667	0.0	0.0
3.584000	3.296360244	17.533333	0.0	0.0
3.593800	3.302837734	17.333333	0.0	0.0
3.603500	3.309211511	17.133333	0.0	0.0
3.613300	3.316938005	16.933333	0.0	0.0
3.623000	3.322015599	16.666667	0.0	0.0
3.632800	3.329723380	16.500000	0.0	0.0
3.642600	3.334864172	16.266667	0.0	0.0
3.652300	3.339897279	16.033333	0.0	0.0
3.662100	3.343722282	15.800000	0.0	0.0
3.671900	3.350098002	15.566667	0.0	0.0
3.681600	3.355082996	15.366667	0.0	0.0
3.691400	3.364013845	15.133333	0.0	0.0
3.701200	3.369063683	14.900000	0.0	0.0
3.710900	3.375301595	14.666667	0.0	0.0
3.720700	3.379024346	14.466667	0.0	0.0
3.730500	3.384026155	14.233333	0.0	0.0
3.740200	3.388921371	13.966667	0.0	0.0
3.750000	3.401715073	13.800000	0.0	0.0
3.759800	3.404066823	13.566667	0.0	0.0
3.769500	3.410230605	13.366667	0.0	0.0
3.779300	3.413852090	13.133333	0.0	0.0
3.789100	3.418766191	12.866667	0.0	0.0
3.798800	3.424888438	12.666667	0.0	0.0
3.808600	3.429772889	12.466667	0.0	0.0
3.818400	3.435959911	12.266667	0.0	0.0
3.828100	3.442045505	12.066667	0.0	0.0
3.837900	3.456158528	11.800000	0.0	0.0
3.847700	3.462325306	11.566667	0.0	0.0
3.857400	3.467059883	11.366667	0.0	0.0
3.867200	3.463883681	11.133333	0.0	0.0
3.877000	3.468665875	10.900000	0.0	0.0
3.886700	3.472010424	10.766667	0.0	0.0
3.896500	3.475425745	10.533333	0.0	0.0
3.906300	3.480157723	10.266667	0.0	0.0
3.916000	3.487460921	10.066667	0.0	0.0
3.925800	3.492165659	9.800000	0.0	0.0
3.935500	3.496766102	9.566667	0.0	0.0
3.945300	3.501440084	9.366667	0.0	0.0
3.955100	3.506098680	9.166667	0.0	0.0
3.964800	3.514697491	8.966667	0.0	0.0
3.974600	3.519330837	8.766667	0.0	0.0
3.984400	3.521245174	8.566667	0.0	0.0
3.994100	3.524403312	8.266667	0.0	0.0
4.003900	3.530340179	8.066667	0.0	0.0
4.013700	3.533552719	7.833333	0.0	0.0
4.023400	3.538016698	7.566667	0.0	0.0
4.033200	3.543913327	7.366667	0.0	0.0
4.043000	3.548436801	7.166667	0.0	0.0
4.052700	3.552857507	6.966667	0.0	0.0
4.062500	3.555985985	6.733333	0.0	0.0
4.072300	3.561829263	6.466667	0.0	0.0
4.082000	3.566205239	6.266667	0.0	0.0
4.091800	3.570653693	6.066667	0.0	0.0
4.101600	3.575087189	5.833333	0.0	0.0
4.111300	3.579418691	5.566667	0.0	0.0
4.121100	3.582447376	5.366667	0.0	0.0
4.130900	3.585458349	5.166667	0.0	0.0
4.140600	3.591120222	4.966667	0.0	0.0
4.150400	3.598238569	4.766667	0.0	0.0
4.160200	3.599820753	4.466667	0.0	0.0
4.169900	3.602679598	4.266667	0.0	0.0
4.179700	3.604224030	4.066667	0.0	0.0
4.189500	3.612674731	3.833333	0.0	0.0
4.199200	3.614097737	3.566667	0.0	0.0
4.209000	3.619752909	3.366667	0.0	0.0
4.218800	3.621225784	3.166667	0.0	0.0
4.228500	3.623984529	2.933333	0.0	0.0
4.238300	3.625420289	2.666667	0.0	0.0
4.248000	3.629536555	2.466667	0.0	0.0
4.257800	3.635118652	2.266667	0.0	0.0
4.267600	3.637896786	2.066667	0.0	0.0
4.277300	3.641970120	1.866667	0.0	0.0
4.287100	3.648913884	1.666667	0.0	0.0
4.296900	3.653046889	1.466667	0.0	0.0
4.306600	3.655677446	1.200000	0.0	0.0
4.316400	3.656972410	0.966667	0.0	0.0
4.326200	3.658248976	0.766667	0.0	0.0
4.335900	3.662232598	0.533333	0.0	0.0
4.345700	3.663473677	0.266667	0.0	0.0
4.355500	3.667510378	0.066667	0.0	0.0
4.365200	3.671448831	-0.133333	0.0	0.0
4.375000	3.674047138	-0.333333	0.0	0.0
4.384800	3.679451836	-0.533333	0.0	0.0
4.394500	3.681935154	-0.733333	0.0	0.0
4.404300	3.685900098	-0.933333	0.0	0.0
4.414100	3.688435283	-1.233333	0.0	0.0
4.423800	3.692287281	-1.433333	0.0	0.0
4.433600	3.693373043	-1.633333	0.0	0.0
4.443400	3.695859141	-1.833333	0.0	0.0
4.453100	3.696826890	-2.033333	0.0	0.0
4.462900	3.699279585	-2.233333	0.0	0.0
4.472700	3.701716057	-2.533333	0.0	0.0
4.482400	3.704053716	-2.733333	0.0	0.0
4.492200	3.706458002	-3.000000	0.0	0.0
4.502000	3.711693936	-3.133333	0.0	0.0
4.511700	3.715411155	-3.433333	0.0	0.0
4.521500	3.717770142	-3.633333	0.0	0.0
4.531300	3.718685777	-3.833333	0.0	0.0
4.541000	3.722358251	-4.000000	0.0	0.0
4.550800	3.723240437	-4.233333	0.0	0.0
4.560500	3.726883296	-4.466667	0.0	0.0
4.570300	3.729163075	-4.700000	0.0	0.0
4.580100	3.731427091	-4.933333	0.0	0.0
4.589800	3.730729503	-5.133333	0.0	0.0
4.599600	3.732960536	-5.366667	0.0	0.0
4.609400	3.733742794	-5.533333	0.0	0.0
4.619100	3.735860903	-5.733333	0.0	0.0
4.628900	3.738044484	-6.000000	0.0	0.0
4.638700	3.741648211	-6.233333	0.0	0.0
4.648400	3.743721146	-6.366667	0.0	0.0
4.658200	3.747297135	-6.633333	0.0	0.0
4.668000	3.747982152	-6.833333	0.0	0.0
4.677700	3.752888821	-7.033333	0.0	0.0
4.687500	3.752101810	-7.233333	0.0	0.0
4.697300	3.752738458	-7.433333	0.0	0.0
4.707000	3.753279139	-7.700000	0.0	0.0
4.716800	3.755324424	-7.900000	0.0	0.0
4.726600	3.755912943	-8.100000	0.0	0.0
4.736300	3.757847944	-8.333333	0.0	0.0
4.746100	3.756962711	-8.600000	0.0	0.0
4.755900	3.760388487	-8.800000	0.0	0.0
4.765600	3.760834773	-9.000000	0.0	0.0
4.775400	3.762788041	-9.200000	0.0	0.0
4.785200	3.764726468	-9.400000	0.0	0.0
4.794900	3.765126344	-9.600000	0.0	0.0
4.804700	3.771374058	-9.800000	0.0	0.0
4.814500	3.771822015	-10.033333	0.0	0.0
4.824200	3.772176203	-10.233333	0.0	0.0
4.834000	3.775489899	-10.466667	0.0	0.0
4.843800	3.778790976	-10.700000	0.0	0.0
4.853500	3.777649849	-10.900000	0.0	0.0
4.863300	3.775122602	-11.100000	0.0	0.0
4.873000	3.772504311	-11.300000	0.0	0.0
4.882800	3.775741638	-11.533333	0.0	0.0
4.892600	3.776067169	-11.700000	0.0	0.0
4.902300	3.779200076	-11.933333	0.0	0.0
4.912100	3.779495793	-12.133333	0.0	0.0
4.921900	3.781227308	-12.366667	0.0	0.0
4.931600	3.781416462	-12.533333	0.0	0.0
4.941400	3.781667526	-12.733333	0.0	0.0
4.951200	3.780452651	-13.000000	0.0	0.0
4.960900	3.780597761	-13.200000	0.0	0.0
4.970700	3.782255700	-13.433333	0.0	0.0
4.980500	3.785352061	-13.633333	0.0	0.0
4.990200	3.786906815	-13.833333	0.0	0.0
5.000000	3.788523664	-14.033333	0.0	0.0
5.009800	3.787218730	-14.233333	0.0	0.0
5.019500	3.788731178	-14.400000	0.0	0.0
5.029300	3.788851137	-14.600000	0.0	0.0
5.039100	3.790411057	-14.866667	0.0	0.0
5.048800	3.788972913	-15.100000	0.0	0.0
5.058600	3.789050030	-15.300000	0.0	0.0
5.068400	3.789112928	-15.500000	0.0	0.0
5.078100	3.787633208	-15.700000	0.0	0.0
5.087900	3.787667960	-15.900000	0.0	0.0
5.097700	3.789142517	-16.100000	0.0	0.0
5.107400	3.789075033	-16.300000	0.0	0.0
5.117200	3.790522317	-16.533333	0.0	0.0
5.127000	3.789046928	-16.700000	0.0	0.0
5.136700	3.790392659	-16.900000	0.0	0.0
5.146500	3.790344147	-17.100000	0.0	0.0
5.156300	3.787373858	-17.333333	0.0	0.0
5.166000	3.787224661	-17.600000	0.0	0.0
5.175800	3.785682199	-17.800000	0.0	0.0
5.185500	3.788412887	-18.000000	0.0	0.0
5.195300	3.785390002	-18.166667	0.0	0.0
5.205100	3.785260251	-18.300000	0.0	0.0
5.214800	3.786497347	-18.566667	0.0	0.0
5.224600	3.789248140	-18.766667	0.0	0.0
5.234400	3.790532640	-18.933333	0.0	0.0
5.244100	3.790277127	-19.100000	0.0	0.0
5.253900	3.790080803	-19.300000	0.0	0.0
5.263700	3.788417165	-19.600000	0.0	0.0
5.273400	3.786669325	-19.800000	0.0	0.0
5.283200	3.784981126	-20.000000	0.0	0.0
5.293000	3.784732829	-20.200000	0.0	0.0
5.302700	3.784400208	-20.400000	0.0	0.0
5.312500	3.785578674	-20.600000	0.0	0.0
5.322300	3.785291684	-20.800000	0.0	0.0
5.332000	3.783468659	-21.000000	0.0	0.0
5.341800	3.781704791	-21.200000	0.0	0.0
5.351600	3.782831340	-21.366667	0.0	0.0
5.361300	3.782423120	-21.566667	0.0	0.0
5.371100	3.782072980	-21.766667	0.0	0.0
5.380900	3.781710283	-21.966667	0.0	0.0
5.390600	3.781264932	-22.166667	0.0	0.0
5.400400	3.776527011	-22.333333	0.0	0.0
5.410200	3.779026929	-22.533333	0.0	0.0
5.419900	3.777095280	-22.766667	0.0	0.0
5.429700	3.776671127	-22.966667	0.0	0.0
5.439500	3.776234721	-23.200000	0.0	0.0
5.449200	3.775716820	-23.333333	0.0	0.0
5.459000	3.770912261	-23.500000	0.0	0.0
5.468800	3.771887297	-23.700000	0.0	0.0
5.478500	3.768440530	-23.900000	0.0	0.0
5.488300	3.767944605	-24.100000	0.0	0.0
5.498000	3.765922707	-24.333333	0.0	0.0
5.507800	3.768294430	-24.533333	0.0	0.0
5.517600	3.766317079	-24.733333	0.0	0.0
5.527300	3.761372719	-24.933333	0.0	0.0
5.537100	3.762261979	-25.133333	0.0	0.0
5.546900	3.764584096	-25.366667	0.0	0.0
5.556600	3.763938059	-25.533333	0.0	0.0
5.566400	3.763348274	-25.666667	0.0	0.0
5.576200	3.759860012	-25.866667	0.0	0.0
5.585900	3.757737942	-26.066667	0.0	0.0
5.595700	3.757114432	-26.300000	0.0	0.0
5.605500	3.755038178	-26.466667	0.0	0.0
5.615200	3.752884766	-26.666667	0.0	0.0
5.625000	3.750788077	-26.833333	0.0	0.0
5.634800	3.748681181	-27.066667	0.0	0.0
5.644500	3.749374408	-27.200000	0.0	0.0
5.654300	3.747245791	-27.466667	0.0	0.0
5.664100	3.745107132	-27.633333	0.0	0.0
5.673800	3.742892521	-27.833333	0.0	0.0
5.683600	3.740734102	-27.966667	0.0	0.0
5.693400	3.740000817	-28.166667	0.0	0.0
5.703100	3.739191031	-28.333333	0.0	0.0
5.712900	3.738436046	-28.533333	0.0	0.0
5.722700	3.736236105	-28.700000	0.0	0.0
5.732400	3.733961370	-28.900000	0.0	0.0
5.742200	3.731742324	-29.066667	0.0	0.0
5.752000	3.729513733	-29.266667	0.0	0.0
5.761700	3.727210965	-29.466667	0.0	0.0
5.771500	3.723534368	-29.700000	0.0	0.0
5.781300	3.721278492	-29.866667	0.0	0.0
5.791000	3.718949076	-30.066667	0.0	0.0
5.800800	3.720956208	-30.233333	0.0	0.0
5.810500	3.718606056	-30.433333	0.0	0.0
5.820300	3.716310882	-30.600000	0.0	0.0
5.830100	3.714006596	-30.766667	0.0	0.0
5.839800	3.711629693	-30.966667	0.0	0.0
5.849600	3.707884263	-31.166667	0.0	0.0
5.859400	3.702710975	-31.300000	0.0	0.0
5.869100	3.703151750	-31.500000	0.0	0.0
5.878900	3.702224407	-31.700000	0.0	0.0
5.888700	3.702707704	-31.933333	0.0	0.0
5.898400	3.697437891	-32.100000	0.0	0.0
5.908200	3.696481369	-32.300000	0.0	0.0
5.918000	3.692679603	-32.466667	0.0	0.0
5.927700	3.693058745	-32.600000	0.0	0.0
5.937500	3.690656471	-32.800000	0.0	0.0
5.947300	3.686830567	-32.966667	0.0	0.0
5.957000	3.682936804	-33.166667	0.0	0.0
5.966800	3.679099057	-33.333333	0.0	0.0
5.976600	3.676666097	-33.533333	0.0	0.0
5.986300	3.675573774	-33.700000	0.0	0.0
5.996100	3.670305382	-33.766667	0.0	0.0
6.005900	3.666441529	-33.966667	0.0	0.0
6.015600	3.663916919	-34.166667	0.0	0.0
6.025400	3.662850696	-34.400000	0.0	0.0
6.035200	3.660370108	-34.600000	0.0	0.0
6.044900	3.657821044	-34.733333	0.0	0.0
6.054700	3.655324714	-34.900000	0.0	0.0
6.064500	3.654222610	-35.100000	0.0	0.0
6.074200	3.653051157	-35.300000	0.0	0.0
6.084000	3.650529582	-35.500000	0.0	0.0
6.093800	3.645201412	-35.666667	0.0	0.0
6.103500	3.642606701	-35.800000	0.0	0.0
6.113300	3.640064188	-36.000000	0.0	0.0
6.123000	3.637454694	-36.166667	0.0	0.0
6.132800	3.634897220	-36.400000	0.0	0.0
6.142600	3.632332268	-36.500000	0.0	0.0
6.152300	3.629700889	-36.700000	0.0	0.0
6.162100	3.624338412	-36.833333	0.0	0.0
6.171900	3.624534302	-37.066667	0.0	0.0
6.181600	3.621881463	-37.233333	0.0	0.0
6.191400	3.617891427	-37.433333	0.0	0.0
6.201200	3.613896732	-37.600000	0.0	0.0
6.210900	3.611224905	-37.733333	0.0	0.0
6.220700	3.608604260	-37.933333	0.0	0.0
6.230500	3.605976568	-38.066667	0.0	0.0
6.240200	3.601901586	-38.266667	0.0	0.0
6.250000	3.599261083	-38.433333	0.0	0.0
6.259800	3.596613674	-38.600000	0.0	0.0
6.269500	3.593902080	-38.766667	0.0	0.0
6.279300	3.591241125	-38.966667	0.0	0.0
6.289100	3.588573400	-39.066667	0.0	0.0
6.298800	3.585842020	-39.266667	0.0	0.0
6.308600	3.583161020	-39.466667	0.0	0.0
6.318400	3.581847706	-39.600000	0.0	0.0
6.328100	3.579095886	-39.766667	0.0	0.0
6.337900	3.573650275	-39.966667	0.0	0.0
6.347700	3.566835332	-40.133333	0.0	0.0
6.357400	3.562702328	-40.266667	0.0	0.0
6.367200	3.561354111	-40.466667	0.0	0.0
6.377000	3.558632032	-40.566667	0.0	0.0
6.386700	3.555847961	-40.766667	0.0	0.0
6.396500	3.551750123	-40.966667	0.0	0.0
6.406300	3.546287482	-41.066667	0.0	0.0
6.416000	3.543488453	-41.266667	0.0	0.0
6.425800	3.540738644	-41.400000	0.0	0.0
6.435500	3.537927763	-41.600000	0.0	0.0
6.445300	3.535165932	-41.766667	0.0	0.0
6.455100	3.532398090	-41.933333	0.0	0.0
6.464800	3.529569683	-42.066667	0.0	0.0
6.474600	3.526790072	-42.266667	0.0	0.0
6.484400	3.524004577	-42.466667	0.0	0.0
6.494100	3.519807982	-42.600000	0.0	0.0
6.503900	3.515662597	-42.766667	0.0	0.0
6.513700	3.512861973	-42.933333	0.0	0.0
6.523400	3.516743359	-43.166667	0.0	0.0
6.533200	3.511230067	-43.266667	0.0	0.0
6.543000	3.509755961	-43.433333	0.0	0.0
6.552700	3.498809405	-43.533333	0.0	0.0
6.562500	3.495983035	-43.700000	0.0	0.0
6.572300	3.490471094	-43.866667	0.0	0.0
6.582000	3.486244788	-44.000000	0.0	0.0
6.591800	3.484742473	-44.200000	0.0	0.0
6.601600	3.483233108	-44.400000	0.0	0.0
6.611300	3.477657953	-44.600000	0.0	0.0
6.621100	3.473469426	-44.733333	0.0	0.0
6.630900	3.469278343	-44.833333	0.0	0.0
6.640600	3.466362580	-45.000000	0.0	0.0
6.650400	3.464823376	-45.133333	0.0	0.0
6.660200	3.460620192	-45.333333	0.0	0.0
6.669900	3.456362803	-45.500000	0.0	0.0
6.679700	3.452155032	-45.633333	0.0	0.0
6.689500	3.450592373	-45.733333	0.0	0.0
6.699200	3.446325368	-45.933333	0.0	0.0
6.709000	3.444750659	-46.066667	0.0	0.0
6.718800	3.440527606	-46.233333	0.0	0.0
6.728500	3.438889782	-46.466667	0.0	0.0
6.738300	3.433341549	-46.633333	0.0	0.0
6.748000	3.430376121	-46.733333	0.0	0.0
6.757800	3.427456891	-46.866667	0.0	0.0
6.767600	3.424532944	-47.033333	0.0	0.0
6.777300	3.421553830	-47.166667	0.0	0.0
6.787100	3.418620674	-47.333333	0.0	0.0
6.796900	3.415682912	-47.466667	0.0	0.0
6.806600	3.406148378	-47.600000	0.0	0.0
6.816400	3.404513556	-47.800000	0.0	0.0
6.826200	3.398957037	-47.933333	0.0	0.0
6.835900	3.397261945	-48.100000	0.0	0.0
6.845700	3.394307599	-48.233333	0.0	0.0
6.855500	3.391348872	-48.400000	0.0	0.0
6.865200	3.385736799	-48.500000	0.0	0.0
6.875000	3.378879489	-48.700000	0.0	0.0
6.884800	3.374618337	-48.833333	0.0	0.0
6.894500	3.370306846	-49.033333	0.0	0.0
6.904300	3.368627479	-49.166667	0.0	0.0
6.914100	3.365650302	-49.366667	0.0	0.0
6.923800	3.361330228	-49.366667	0.0	0.0
6.933600	3.357057528	-49.533333	0.0	0.0
6.943400	3.355357905	-49.633333	0.0	0.0
6.953100	3.352317484	-49.866667	0.0	0.0
6.962900	3.346751689	-50.066667	0.0	0.0
6.972700	3.343753958	-50.166667	0.0	0.0
6.982400	3.340704468	-50.333333	0.0	0.0
6.992200	3.337699052	-50.433333	0.0	0.0
7.002000	3.332131303	-50.566667	0.0	0.0
7.011700	3.327795726	-50.766667	0.0	0.0
7.021500	3.322231565	-50.866667	0.0	0.0
7.031300	3.320490903	-51.066667	0.0	0.0
7.041000	3.319971414	-51.166667	0.0	0.0
7.050800	3.315673278	-51.366667	0.0	0.0
7.060500	3.312598422	-51.533333	0.0	0.0
7.070300	3.307027769	-51.666667	0.0	0.0
7.080100	3.305263277	-51.833333	0.0	0.0
7.089800	3.300912286	-51.966667	0.0	0.0
7.099600	3.296607285	-52.133333	0.0	0.0
7.109400	3.293565336	-52.266667	0.0	0.0
7.119100	3.290473721	-52.366667	0.0	0.0
7.128900	3.283642409	-52.500000	0.0	0.0
7.138700	3.280593837	-52.566667	0.0	0.0
7.148400	3.276238525	-52.766667	0.0	0.0
7.158200	3.274440941	-52.866667	0.0	0.0
7.168000	3.271382529	-53.033333	0.0	0.0
7.177700	3.268275331	-53.200000	0.0	0.0
7.187500	3.263957719	-53.366667	0.0	0.0
7.197300	3.259639752	-53.466667	0.0	0.0
7.207000	3.256525791	-53.666667	0.0	0.0
7.216800	3.252205674	-53.766667	0.0	0.0
7.226600	3.245393411	-53.966667	0.0	0.0
7.236300	3.242275367	-54.066667	0.0	0.0
7.246100	3.237956350	-54.233333	0.0	0.0
7.255900	3.232396457	-54.333333	0.0	0.0
7.265600	3.229273420	-54.466667	0.0	0.0
7.275400	3.227430328	-54.633333	0.0	0.0
7.285200	3.223107660	-54.733333	0.0	0.0
7.294900	3.217505833	-54.833333	0.0	0.0
7.304700	3.214418245	-55.000000	0.0	0.0
7.314500	3.211327839	-55.100000	0.0	0.0
7.324200	3.206959891	-55.266667	0.0	0.0
7.334000	3.203865228	-55.433333	0.0	0.0
7.343800	3.200767836	-55.600000	0.0	0.0
7.353500	3.196397361	-55.733333	0.0	0.0
7.363300	3.192070651	-55.833333	0.0	0.0
7.373000	3.187700916	-55.933333	0.0	0.0
7.382800	3.183374772	-56.033333	0.0	0.0
7.392600	3.181489845	-56.133333	0.0	0.0
7.402300	3.175898997	-56.266667	0.0	0.0
7.412100	3.172789576	-56.433333	0.0	0.0
7.421900	3.169677657	-56.433333	0.0	0.0
7.431600	3.167736091	-56.533333	0.0	0.0
7.441400	3.163403931	-56.733333	0.0	0.0
7.451200	3.156648469	-57.033333	0.0	0.0
7.460900	3.152278301	-57.166667	0.0	0.0
7.470700	3.151577299	-57.333333	0.0	0.0
7.480500	3.146037975	-57.433333	0.0	0.0
7.490200	3.144078742	-57.533333	0.0	0.0
7.500000	3.140951738	-57.666667	0.0	0.0
7.509800	3.135415044	-57.800000	0.0	0.0
7.519500	3.129841156	-57.900000	0.0	0.0
7.529300	3.126712393	-58.033333	0.0	0.0
7.539100	3.123581466	-58.133333	0.0	0.0
7.548800	3.118012983	-58.333333	0.0	0.0
7.558600	3.112490466	-58.500000	0.0	0.0
7.568400	3.108165081	-58.666667	0.0	0.0
7.578100	3.104990901	-58.700000	0.0	0.0
7.587900	3.100665607	-58.833333	0.0	0.0
7.597700	3.097529666	-58.900000	0.0	0.0
7.607400	3.094351073	-59.066667	0.0	0.0
7.617200	3.091211298	-59.200000	0.0	0.0
7.627000	3.088069598	-59.333333	0.0	0.0
7.636700	3.082518772	-59.433333	0.0	0.0
7.646500	3.078194276	-59.566667	0.0	0.0
7.656300	3.075050664	-59.666667	0.0	0.0
7.666000	3.070686514	-59.833333	0.0	0.0
7.675800	3.068718020	-59.966667	0.0	0.0
7.685500	3.062001931	-60.100000	0.0	0.0
7.695300	3.058854988	-60.233333	0.0	0.0
7.705100	3.055706323	-60.266667	0.0	0.0
7.714800	3.051345173	-60.466667	0.0	0.0
7.724600	3.047024876	-60.566667	0.0	0.0
7.734400	3.040371331	-60.700000	0.0	0.0
7.744100	3.037182945	-60.866667	0.0	0.0
7.753900	3.035196847	-60.966667	0.0	0.0
7.763700	3.029717104	-61.133333	0.0	0.0
7.773400	3.026525583	-61.233333	0.0	0.0
7.783200	3.024532046	-61.333333	0.0	0.0
7.793000	3.021375312	-61.433333	0.0	0.0
7.802700	3.014705612	-61.600000	0.0	0.0
7.812500	3.011549669	-61.666667	0.0	0.0
7.822300	3.007238005	-61.866667	0.0	0.0
7.832000	3.001737279	-61.933333	0.0	0.0
7.841800	2.997430313	-62.066667	0.0	0.0
7.851600	2.993124853	-62.133333	0.0	0.0
7.861300	2.988782901	-62.266667	0.0	0.0
7.871100	2.984480622	-62.433333	0.0	0.0
7.880900	2.981323821	-62.566667	0.0	0.0
7.890600	2.978128012	-62.666667	0.0	0.0
7.900400	2.974968788	-62.800000	0.0	0.0
7.910200	2.971808343	-62.933333	0.0	0.0
7.919900	2.968609216	-63.066667	0.0	0.0
7.929700	2.965446481	-63.166667	0.0	0.0
7.939500	2.960009828	-63.300000	0.0	0.0
7.949200	2.954541473	-63.400000	0.0	0.0
7.959000	2.954780140	-63.566667	0.0	0.0
7.968800	2.950481712	-63.733333	0.0	0.0
7.978500	2.948410275	-63.833333	0.0	0.0
7.988300	2.941853442	-63.900000	0.0	0.0
7.998000	2.937523839	-63.966667	0.0	0.0
8.007800	2.933232925	-64.066667	0.0	0.0
8.017600	2.927820083	-64.133333	0.0	0.0
8.027300	2.923498176	-64.300000	0.0	0.0
8.037100	2.920335214	-64.433333	0.0	0.0
8.046900	2.917171337	-64.566667	0.0	0.0
8.056600	2.913970396	-64.700000	0.0	0.0
8.066400	2.910804834	-64.866667	0.0	0.0
8.076200	2.907638419	-64.900000	0.0	0.0
8.085900	2.899980200	-65.033333	0.0	0.0
8.095700	2.895705602	-65.100000	0.0	0.0
8.105500	2.891433067	-65.233333	0.0	0.0
8.115200	2.888235228	-65.333333	0.0	0.0
8.125000	2.885072313	-65.500000	0.0	0.0
8.134800	2.879697570	-65.600000	0.0	0.0
8.144500	2.876500326	-65.733333	0.0	0.0
8.154300	2.872235321	-65.833333	0.0	0.0
8.164100	2.870174593	-65.966667	0.0	0.0
8.173800	2.865875636	-66.066667	0.0	0.0
8.183600	2.863811269	-66.166667	0.0	0.0
8.193400	2.859548658	-66.300000	0.0	0.0
8.203100	2.857445829	-66.466667	0.0	0.0
8.212900	2.849901620	-66.566667	0.0	0.0
8.222700	2.846739837	-66.633333	0.0	0.0
8.232400	2.841361320	-66.733333	0.0	0.0
8.242200	2.838200999	-66.833333	0.0	0.0
8.252000	2.833952408	-66.900000	0.0	0.0
8.261700	2.832931591	-67.000000	0.0	0.0
8.271500	2.827597620	-67.133333	0.0	0.0
8.281300	2.823353024	-67.266667	0.0	0.0
8.291000	2.817995196	-67.400000	0.0	0.0
8.300800	2.816998507	-67.533333	0.0	0.0
8.310500	2.813803856	-67.633333	0.0	0.0
8.320300	2.810642781	-67.733333	0.0	0.0
8.330100	2.805327366	-67.833333	0.0	0.0
8.339800	2.799984555	-67.933333	0.0	0.0
8.349600	2.795754315	-68.033333	0.0	0.0
8.359400	2.791526619	-68.133333	0.0	0.0
8.369100	2.785129695	-68.233333	0.0	0.0
8.378900	2.781977889	-68.333333	0.0	0.0
8.388700	2.780959494	-68.466667	0.0	0.0
8.398400	2.778837955	-68.533333	0.0	0.0
8.408200	2.775681943	-68.633333	0.0	0.0
8.418000	2.769335597	-68.833333	0.0	0.0
8.427700	2.766150047	-68.900000	0.0	0.0
8.437500	2.760877384	-68.966667	0.0	0.0
8.447300	2.758785395	-69.066667	0.0	0.0
8.457000	2.753486790	-69.200000	0.0	0.0
8.466800	2.751393041	-69.300000	0.0	0.0
8.476600	2.746133776	-69.433333	0.0	0.0
8.486300	2.742953091	-69.533333	0.0	0.0
8.496100	2.739804757	-69.633333	0.0	0.0
8.505900	2.735606367	-69.766667	0.0	0.0
8.515600	2.732427117	-69.866667	0.0	0.0
8.525400	2.729280033	-69.933333	0.0	0.0
8.535200	2.726132972	-70.033333	0.0	0.0
8.544900	2.720864940	-70.133333	0.0	0.0
8.554700	2.716677698	-70.266667	0.0	0.0
8.564500	2.716660368	-70.366667	0.0	0.0
8.574200	2.712440849	-70.466667	0.0	0.0
8.584000	2.711375759	-70.466667	0.0	0.0
8.593800	2.701999363	-70.633333	0.0	0.0
8.603500	2.698827725	-70.766667	0.0	0.0
8.613300	2.694653371	-70.900000	0.0	0.0
8.623000	2.691483486	-71.000000	0.0	0.0
8.632800	2.688345069	-71.066667	0.0	0.0
8.642600	2.684176563	-71.133333	0.0	0.0
8.652300	2.679980100	-71.233333	0.0	0.0
8.662100	2.674791041	-71.333333	0.0	0.0
8.671900	2.671658398	-71.500000	0.0	0.0
8.681600	2.670544211	-71.633333	0.0	0.0
8.691400	2.666386311	-71.700000	0.0	0.0
8.701200	2.663253366	-71.766667	0.0	0.0
8.710900	2.660090189	-71.866667	0.0	0.0
8.720700	2.656957943	-72.000000	0.0	0.0
8.730500	2.652807785	-72.133333	0.0	0.0
8.740200	2.648630468	-72.233333	0.0	0.0
8.750000	2.645501749	-72.266667	0.0	0.0
8.759800	2.642373411	-72.366667	0.0	0.0
8.769500	2.638202732	-72.500000	0.0	0.0
8.779300	2.634065416	-72.566667	0.0	0.0
8.789100	2.630940779	-72.733333	0.0	0.0
8.798800	2.627786716	-72.866667	0.0	0.0
8.808600	2.623655982	-72.966667	0.0	0.0
8.818400	2.619528499	-72.966667	0.0	0.0
8.828100	2.615374654	-73.066667	0.0	0.0
8.837900	2.613258770	-73.200000	0.0	0.0
8.847700	2.610139517	-73.300000	0.0	0.0
8.857400	2.605991078	-73.466667	0.0	0.0
8.867200	2.600877140	-73.466667	0.0	0.0
8.877000	2.598760278	-73.566667	0.0	0.0
8.886700	2.598606494	-73.633333	0.0	0.0
8.896500	2.594493078	-73.700000	0.0	0.0
8.906300	2.590383031	-73.833333	0.0	0.0
8.916000	2.582280366	-73.966667	0.0	0.0
8.925800	2.580163049	-74.066667	0.0	0.0
8.935500	2.577026350	-74.166667	0.0	0.0
8.945300	2.572931615	-74.266667	0.0	0.0
8.955100	2.568840304	-74.366667	0.0	0.0
8.964800	2.562756076	-74.433333	0.0	0.0
8.974600	2.559656971	-74.500000	0.0	0.0
8.984400	2.556558565	-74.600000	0.0	0.0
8.994100	2.553432481	-74.700000	0.0	0.0
9.003900	2.550335579	-74.866667	0.0	0.0
9.013700	2.546262063	-74.933333	0.0	0.0
9.023400	2.543139654	-75.033333	0.0	0.0
9.033200	2.540046258	-75.066667	0.0	0.0
9.043000	2.537927418	-75.166667	0.0	0.0
9.052700	2.534806400	-75.266667	0.0	0.0
9.062500	2.532686019	-75.366667	0.0	0.0
9.072300	2.525713407	-75.466667	0.0	0.0
9.082000	2.523566949	-75.600000	0.0	0.0
9.091800	2.521447173	-75.666667	0.0	0.0
9.101600	2.519326250	-75.766667	0.0	0.0
9.111300	2.514280226	-75.833333	0.0	0.0
9.121100	2.510232129	-75.933333	0.0	0.0
9.130900	2.506187656	-76.033333	0.0	0.0
9.140600	2.502119443	-76.133333	0.0	0.0
9.150400	2.499041179	-76.166667	0.0	0.0
9.160200	2.495963840	-76.266667	0.0	0.0
9.169900	2.491903765	-76.366667	0.0	0.0
9.179700	2.488829553	-76.500000	0.0	0.0
9.189500	2.485756300	-76.600000	0.0	0.0
9.199200	2.482657031	-76.633333	0.0	0.0
9.209000	2.478634401	-76.733333	0.0	0.0
9.218800	2.474615487	-76.833333	0.0	0.0
9.228500	2.471521825	-76.933333	0.0	0.0
9.238300	2.468456024	-77.000000	0.0	0.0
9.248000	2.465364593	-77.100000	0.0	0.0
9.257800	2.461356160	-77.233333	0.0	0.0
9.267600	2.458294715	-77.300000	0.0	0.0
9.277300	2.455207869	-77.366667	0.0	0.0
9.287100	2.451207755	-77.433333	0.0	0.0
9.296900	2.447211433	-77.566667	0.0	0.0
9.306600	2.442255230	-77.666667	0.0	0.0
9.316400	2.438268118	-77.733333	0.0	0.0
9.326200	2.435219193	-77.833333	0.0	0.0
9.335900	2.432145343	-77.933333	0.0	0.0
9.345700	2.431896957	-78.033333	0.0	0.0
9.355500	2.429780280	-78.066667	0.0	0.0
9.365200	2.426705399	-78.133333	0.0	0.0
9.375000	2.422727728	-78.233333	0.0	0.0
9.384800	2.418753932	-78.333333	0.0	0.0
9.394500	2.416612425	-78.400000	0.0	0.0
9.404300	2.412643431	-78.500000	0.0	0.0
9.414100	2.406830320	-78.566667	0.0	0.0
9.423800	2.401924731	-78.700000	0.0	0.0
9.433600	2.399813309	-78.766667	0.0	0.0
9.443400	2.396781179	-78.900000	0.0	0.0
9.453100	2.393724981	-78.933333	0.0	0.0
9.462900	2.390695426	-79.066667	0.0	0.0
9.472700	2.387667145	-79.166667	0.0	0.0
9.482400	2.385530305	-79.233333	0.0	0.0
9.492200	2.381589353	-79.333333	0.0	0.0
9.502000	2.375828163	-79.400000	0.0	0.0
9.511700	2.372783666	-79.466667	0.0	0.0
9.521500	2.368856239	-79.566667	0.0	0.0
9.531300	2.365840558	-79.600000	0.0	0.0
9.541000	2.363708385	-79.700000	0.0	0.0
9.550800	2.361600420	-79.766667	0.0	0.0
9.560500	2.357656908	-79.866667	0.0	0.0
9.570300	2.353742153	-79.966667	0.0	0.0
9.580100	2.351635688	-80.066667	0.0	0.0
9.589800	2.348602668	-80.133333	0.0	0.0
9.599600	2.344695610	-80.233333	0.0	0.0
9.609400	2.339894473	-80.300000	0.0	0.0
9.619100	2.338663691	-80.400000	0.0	0.0
9.628900	2.334765908	-80.500000	0.0	0.0
9.638700	2.331766883	-80.533333	0.0	0.0
9.648400	2.327851650	-80.666667	0.0	0.0
9.658200	2.325749098	-80.733333	0.0	0.0
9.668000	2.321863272	-80.800000	0.0	0.0
9.677700	2.318847325	-80.900000	0.0	0.0
9.687500	2.314968302	-80.966667	0.0	0.0
9.697300	2.311980489	-81.066667	0.0	0.0
9.707000	2.307198866	-81.133333	0.0	0.0
9.716800	2.304216402	-81.200000	0.0	0.0
9.726600	2.302118754	-81.300000	0.0	0.0
9.736300	2.299997058	-81.366667	0.0	0.0
9.746100	2.297016932	-81.500000	0.0	0.0
9.755900	2.293158147	-81.533333	0.0	0.0
9.765600	2.290158804	-81.600000	0.0	0.0
9.775400	2.284552822	-81.633333	0.0	0.0
9.785200	2.282459289	-81.733333	0.0	0.0
9.794900	2.280342106	-81.833333	0.0	0.0
9.804700	2.276499940	-81.900000	0.0	0.0
9.814500	2.272661977	-81.966667	0.0	0.0
9.824200	2.268805129	-82.066667	0.0	0.0
9.834000	2.266714750	-82.166667	0.0	0.0
9.843800	2.265493296	-82.233333	0.0	0.0
9.853500	2.262510070	-82.333333	0.0	0.0
9.863300	2.258684523	-82.433333	0.0	0.0
9.873000	2.255705873	-82.500000	0.0	0.0
9.882800	2.252751772	-82.566667	0.0	0.0
9.892600	2.249799326	-82.633333	0.0	0.0
9.902300	2.244240590	-82.733333	0.0	0.0
9.912100	2.242155221	-82.766667	0.0	0.0
9.921900	2.238350943	-82.866667	0.0	0.0
9.931600	2.235386136	-82.933333	0.0	0.0
9.941400	2.232445584	-83.033333	0.0	0.0
9.951200	2.229506733	-83.133333	0.0	0.0
9.960900	2.227401871	-83.166667	0.0	0.0
9.970700	2.222758686	-83.266667	0.0	0.0
9.980500	2.220678216	-83.333333	0.0	0.0
9.990200	2.217724100	-83.466667	0.0	0.0
10.000000	2.216494544	-83.500000	0.0	0.0
10.009800	2.214413567	-83.600000	0.0	0.0
10.019500	2.210612983	-83.700000	0.0	0.0
10.029300	2.207685926	-83.733333	0.0	0.0
10.039100	2.203914693	-83.800000	0.0	0.0
10.048800	2.200970403	-83.933333	0.0	0.0
10.058600	2.196363433	-84.000000	0.0	0.0
10.068400	2.193446912	-84.100000	0.0	0.0
10.078100	2.190510453	-84.100000	0.0	0.0
10.087900	2.188437267	-84.200000	0.0	0.0
10.097700	2.185525093	-84.266667	0.0	0.0
10.107400	2.182593144	-84.333333	0.0	0.0
10.117200	2.179684665	-84.366667	0.0	0.0
10.127000	2.177613549	-84.466667	0.0	0.0
10.136700	2.173851768	-84.566667	0.0	0.0
10.146500	2.170115887	-84.633333	0.0	0.0
10.156300	2.165553184	-84.733333	0.0	0.0
10.166000	2.163466154	-84.800000	0.0	0.0
10.175800	2.162230036	-84.866667	0.0	0.0
10.185500	2.159313433	-84.966667	0.0	0.0
10.195300	2.155592561	-85.066667	0.0	0.0
10.205100	2.152702085	-85.066667	0.0	0.0
10.214800	2.150617627	-85.133333	0.0	0.0
10.224600	2.147729885	-85.233333	0.0	0.0
10.234400	2.144021092	-85.333333	0.0	0.0
10.244100	2.141117376	-85.400000	0.0	0.0
10.253900	2.137416107	-85.466667	0.0	0.0
10.263700	2.133719287	-85.500000	0.0	0.0
10.273400	2.130823762	-85.566667	0.0	0.0
10.283200	2.130402269	-85.633333	0.0	0.0
10.293000	2.127528106	-85.733333	0.0	0.0
10.302700	2.124635273	-85.833333	0.0	0.0
10.312500	2.121765067	-85.900000	0.0	0.0
10.322300	2.118896825	-85.966667	0.0	0.0
10.332000	2.113575328	-86.066667	0.0	0.0
10.341800	2.111524548	-86.133333	0.0	0.0
10.351600	2.109473862	-86.200000	0.0	0.0
10.361300	2.108211842	-86.266667	0.0	0.0
10.371100	2.105352507	-86.333333	0.0	0.0
10.380900	2.101688466	-86.400000	0.0	0.0
10.390600	2.098008740	-86.466667	0.0	0.0
10.400400	2.094353769	-86.533333	0.0	0.0
10.410200	2.092308599	-86.600000	0.0	0.0
10.419900	2.089441507	-86.666667	0.0	0.0
10.429700	2.085795934	-86.766667	0.0	0.0
10.439500	2.083753610	-86.833333	0.0	0.0
10.449200	2.080892804	-86.866667	0.0	0.0
10.459000	2.077256674	-86.966667	0.0	0.0
10.468800	2.076013801	-87.000000	0.0	0.0
10.478500	2.073953991	-87.100000	0.0	0.0
10.488300	2.071119230	-87.166667	0.0	0.0
10.498000	2.067473262	-87.266667	0.0	0.0
10.507800	2.063851592	-87.366667	0.0	0.0
10.517600	2.061816369	-87.366667	0.0	0.0
10.527300	2.061343332	-87.466667	0.0	0.0
10.537100	2.058516891	-87.500000	0.0	0.0
10.546900	2.054115351	-87.566667	0.0	0.0
10.556600	2.052063202	-87.666667	0.0	0.0
10.566400	2.048457921	-87.733333	0.0	0.0
10.576200	2.047998598	-87.833333	0.0	0.0
10.585900	2.044377631	-87.866667	0.0	0.0
10.595700	2.042347572	-87.966667	0.0	0.0
10.605500	2.038752383	-87.966667	0.0	0.0
10.615200	2.035142612	-88.066667	0.0	0.0
10.625000	2.032336446	-88.166667	0.0	0.0
10.634800	2.030311433	-88.233333	0.0	0.0
10.644500	2.023602775	-88.200000	0.0	0.0
10.654300	2.020807390	-88.233333	0.0	0.0
10.664100	2.018788749	-88.300000	0.0	0.0
10.673800	2.019849732	-88.433333	0.0	0.0
10.683600	2.017054438	-88.566667	0.0	0.0
10.693400	2.014261317	-88.633333	0.0	0.0
10.703100	2.009908328	-88.733333	0.0	0.0
10.712900	2.007121752	-88.766667	0.0	0.0
10.722700	2.004337362	-88.800000	0.0	0.0
10.732400	2.001536514	-88.866667	0.0	0.0
10.742200	1.998756553	-88.933333	0.0	0.0
10.752000	1.997511350	-88.966667	0.0	0.0
10.761700	1.993949774	-89.033333	0.0	0.0
10.771500	1.991939693	-89.133333	0.0	0.0
10.781300	1.989166474	-89.233333	0.0	0.0
10.791000	1.987139513	-89.266667	0.0	0.0
10.800800	1.984369718	-89.366667	0.0	0.0
10.810500	1.981583821	-89.366667	0.0	0.0
10.820300	1.978818531	-89.433333	0.0	0.0
10.830100	1.976055478	-89.533333	0.0	0.0
10.839800	1.973276464	-89.600000	0.0	0.0
10.849600	1.970517943	-89.666667	0.0	0.0
10.859400	1.967006660	-89.733333	0.0	0.0
10.869100	1.964989577	-89.833333	0.0	0.0
10.878900	1.962991043	-89.900000	0.0	0.0
10.888700	1.959488411	-89.900000	0.0	0.0
10.898400	1.956723272	-90.000000	0.0	0.0
10.908200	1.954728412	-90.066667	0.0	0.0
10.918000	1.951984763	-90.100000	0.0	0.0
10.927700	1.948477658	-90.166667	0.0	0.0
10.937500	1.946486515	-90.200000	0.0	0.0
10.947300	1.943749761	-90.300000	0.0	0.0
10.957000	1.940252842	-90.333333	0.0	0.0
10.966800	1.939009440	-90.400000	0.0	0.0
10.976600	1.936278567	-90.433333	0.0	0.0
10.986300	1.935017011	-90.533333	0.0	0.0
10.996100	1.931547299	-90.600000	0.0	0.0
11.005900	1.928822347	-90.666667	0.0	0.0
11.015600	1.926821531	-90.733333	0.0	0.0
11.025400	1.924100214	-90.833333	0.0	0.0
11.035200	1.921381222	-90.933333	0.0	0.0
11.044900	1.918647188	-90.966667	0.0	0.0
11.054700	1.915197773	-91.033333	0.0	0.0
11.064500	1.912486859	-91.066667	0.0	0.0
11.074200	1.909761040	-91.166667	0.0	0.0
11.084000	1.907054848	-91.200000	0.0	0.0
11.093800	1.905813207	-91.266667	0.0	0.0
11.103500	1.903822975	-91.366667	0.0	0.0
11.113300	1.901120762	-91.400000	0.0	0.0
11.123000	1.899132520	-91.466667	0.0	0.0
11.132800	1.897161956	-91.466667	0.0	0.0
11.142600	1.894464800	-91.566667	0.0	0.0
11.152300	1.891753053	-91.666667	0.0	0.0
11.162100	1.888335868	-91.733333	0.0	0.0
11.171900	1.885646907	-91.766667	0.0	0.0
11.181600	1.882943486	-91.866667	0.0	0.0
11.191400	1.881703034	-91.866667	0.0	0.0
11.201200	1.878298241	-91.933333	0.0	0.0
11.210900	1.868417008	-92.200000	0.0	0.0
11.220700	1.865749287	-92.266667	0.0	0.0
11.230500	1.863799076	-92.300000	0.0	0.0
11.240200	1.868274583	-92.200000	0.0	0.0
11.250000	1.865602818	-92.266667	0.0	0.0
11.259800	1.862933460	-92.333333	0.0	0.0
11.269500	1.860964040	-92.333333	0.0	0.0
11.279300	1.859011806	-92.433333	0.0	0.0
11.289100	1.856347682	-92.466667	0.0	0.0
11.298800	1.853669573	-92.500000	0.0	0.0
11.308600	1.851010331	-92.566667	0.0	0.0
11.318400	1.847644321	-92.700000	0.0	0.0
11.328100	1.845682839	-92.733333	0.0	0.0
11.337900	1.842323770	-92.833333	0.0	0.0
11.347700	1.841087852	-92.800000	0.0	0.0
11.357400	1.838423608	-92.866667	0.0	0.0
11.367200	1.836482670	-92.933333	0.0	0.0
11.377000	1.833838522	-92.966667	0.0	0.0
11.386700	1.831180740	-93.100000	0.0	0.0
11.396500	1.829945525	-93.133333	0.0	0.0
11.406300	1.826605622	-93.266667	0.0	0.0
11.416000	1.823254497	-93.266667	0.0	0.0
11.425800	1.820622691	-93.333333	0.0	0.0
11.435500	1.817977448	-93.300000	0.0	0.0
11.445300	1.816047404	-93.366667	0.0	0.0
11.455100	1.814814406	-93.366667	0.0	0.0
11.464800	1.813565100	-93.533333	0.0	0.0
11.474600	1.810940668	-93.600000	0.0	0.0
11.484400	1.806931312	-93.700000	0.0	0.0
11.494100	1.804298153	-93.766667	0.0	0.0
11.503900	1.802374764	-93.800000	0.0	0.0
11.513700	1.799761301	-93.833333	0.0	0.0
11.523400	1.797134731	-93.833333	0.0	0.0
11.533200	1.795215089	-93.933333	0.0	0.0
11.543000	1.793296203	-94.000000	0.0	0.0
11.552700	1.792050164	-94.066667	0.0	0.0
11.562500	1.789445238	-94.133333	0.0	0.0
11.572300	1.787528674	-94.200000	0.0	0.0
11.582000	1.784912348	-94.233333	0.0	0.0
11.591800	1.782313976	-94.333333	0.0	0.0
11.601600	1.781084624	-94.366667	0.0	0.0
11.611300	1.778473968	-94.433333	0.0	0.0
11.621100	1.780658231	-94.533333	0.0	0.0
11.630900	1.777378770	-94.633333	0.0	0.0
11.640600	1.774769811	-94.633333	0.0	0.0
11.650400	1.767424360	-94.666667	0.0	0.0
11.660200	1.766197774	-94.733333	0.0	0.0
11.669900	1.762924857	-94.766667	0.0	0.0
11.679700	1.761022972	-94.833333	0.0	0.0
11.689500	1.758446941	-94.866667	0.0	0.0
11.699200	1.755858437	-94.900000	0.0	0.0
11.709000	1.753287511	-95.000000	0.0	0.0
11.718800	1.751391116	-95.033333	0.0	0.0
11.728500	1.749480632	-95.133333	0.0	0.0
11.738300	1.746915392	-95.133333	0.0	0.0
11.748000	1.745677193	-95.233333	0.0	0.0
11.757800	1.743115114	-95.233333	0.0	0.0
11.767600	1.740555587	-95.300000	0.0	0.0
11.777300	1.738650959	-95.333333	0.0	0.0
11.787100	1.736095593	-95.433333	0.0	0.0
11.796900	1.733542784	-95.500000	0.0	0.0
11.806600	1.731642289	-95.533333	0.0	0.0
11.816400	1.729757347	-95.633333	0.0	0.0
11.826200	1.727210301	-95.633333	0.0	0.0
11.835900	1.724651249	-95.733333	0.0	0.0
11.845700	1.724754935	-95.766667	0.0	0.0
11.855500	1.722211725	-95.766667	0.0	0.0
11.865200	1.722298393	-95.833333	0.0	0.0
11.875000	1.718437013	-95.900000	0.0	0.0
11.884800	1.715899619	-96.000000	0.0	0.0
11.894500	1.712035861	-96.033333	0.0	0.0
11.904300	1.710161780	-96.100000	0.0	0.0
11.914100	1.708288593	-96.133333	0.0	0.0
11.923800	1.705747262	-96.233333	0.0	0.0
11.933600	1.703876619	-96.266667	0.0	0.0
11.943400	1.701353835	-96.366667	0.0	0.0
11.953100	1.700123823	-96.400000	0.0	0.0
11.962900	1.698907782	-96.500000	0.0	0.0
11.972700	1.696388946	-96.500000	0.0	0.0
11.982400	1.693858573	-96.533333	0.0	0.0
11.992200	1.691994172	-96.566667	0.0	0.0
12.002000	1.689482207	-96.633333	0.0	0.0
12.011700	1.686958803	-96.666667	0.0	0.0
12.021500	1.685745442	-96.733333	0.0	0.0
12.031300	1.683239404	-96.800000	0.0	0.0
12.041000	1.681367144	-96.833333	0.0	0.0
12.050800	1.678865400	-96.900000	0.0	0.0
12.060500	1.676995818	-97.000000	0.0	0.0
12.070300	1.673855888	-97.033333	0.0	0.0
12.080100	1.672003553	-97.066667	0.0	0.0
12.089800	1.670138355	-97.133333	0.0	0.0
12.099600	1.668287951	-97.166667	0.0	0.0
12.109400	1.665159956	-97.200000	0.0	0.0
12.119100	1.663299163	-97.266667	0.0	0.0
12.128900	1.660815600	-97.300000	0.0	0.0
12.138700	1.659607969	-97.366667	0.0	0.0
12.148400	1.656478296	-97.466667	0.0	0.0
12.158200	1.654636562	-97.466667	0.0	0.0
12.168000	1.652795802	-97.566667	0.0	0.0
12.177700	1.650942462	-97.600000	0.0	0.0
12.187500	1.649103685	-97.700000	0.0	0.0
12.197300	1.647898173	-97.733333	0.0	0.0
12.207000	1.645415603	-97.733333	0.0	0.0
12.216800	1.643579809	-97.833333	0.0	0.0
12.226600	1.640485405	-97.833333	0.0	0.0
12.236300	1.638639613	-97.866667	0.0	0.0
12.246100	1.636808236	-97.933333	0.0	0.0
12.255900	1.634350532	-98.000000	0.0	0.0
12.265600	1.632508549	-98.066667	0.0	0.0
12.275400	1.630680906	-98.100000	0.0	0.0
12.285200	1.628229296	-98.133333	0.0	0.0
12.294900	1.626391144	-98.233333	0.0	0.0
12.304700	1.623943928	-98.300000	0.0	0.0
12.314500	1.622744390	-98.300000	0.0	0.0
12.324200	1.620287460	-98.333333	0.0	0.0
12.334000	1.619710052	-98.400000	0.0	0.0
12.343800	1.617268806	-98.433333	0.0	0.0
12.353500	1.614197559	-98.500000	0.0	0.0
12.363300	1.611762601	-98.500000	0.0	0.0
12.373000	1.609317299	-98.600000	0.0	0.0
12.382800	1.608121501	-98.633333	0.0	0.0
12.392600	1.605692697	-98.700000	0.0	0.0
12.402300	1.603253632	-98.700000	0.0	0.0
12.412100	1.600830189	-98.766667	0.0	0.0
12.421900	1.600250711	-98.800000	0.0	0.0
12.431600	1.599657578	-98.866667	0.0	0.0
12.441400	1.596623755	-98.933333	0.0	0.0
12.451200	1.594818295	-98.933333	0.0	0.0
12.460900	1.591778902	-99.000000	0.0	0.0
12.470700	1.590587256	-99.033333	0.0	0.0
12.480500	1.589395520	-99.166667	0.0	0.0
12.490200	1.586363563	-99.166667	0.0	0.0
12.500000	1.583956850	-99.233333	0.0	0.0
12.509800	1.581552816	-99.266667	0.0	0.0
12.519500	1.579744982	-99.366667	0.0	0.0
12.529300	1.577345416	-99.433333	0.0	0.0
12.539100	1.575553057	-99.433333	0.0	0.0
12.548800	1.574353296	-99.500000	0.0	0.0
12.558600	1.573769876	-99.633333	0.0	0.0
12.568400	1.571375560	-99.633333	0.0	0.0
12.578100	1.568971458	-99.700000	0.0	0.0
12.587900	1.566582548	-99.666667	0.0	0.0
12.597700	1.564796725	-99.733333	0.0	0.0
12.607400	1.562399887	-99.800000	0.0	0.0
12.617200	1.561215978	-99.866667	0.0	0.0
12.627000	1.558835115	-99.866667	0.0	0.0
12.636700	1.557639704	-99.933333	0.0	0.0
12.646500	1.556456599	-100.000000	0.0	0.0
12.656300	1.554080200	-100.066667	0.0	0.0
12.666000	1.552289847	-100.100000	0.0	0.0
12.675800	1.549917963	-100.133333	0.0	0.0
12.685500	1.547536578	-100.166667	0.0	0.0
12.695300	1.545170120	-100.200000	0.0	0.0
12.705100	1.542806362	-100.266667	0.0	0.0
12.714800	1.541615967	-100.266667	0.0	0.0
12.724600	1.539846650	-100.266667	0.0	0.0
12.734400	1.536898384	-100.400000	0.0	0.0
12.744100	1.535120615	-100.400000	0.0	0.0
12.753900	1.533356037	-100.433333	0.0	0.0
12.763700	1.532768575	-100.500000	0.0	0.0
12.773400	1.529231302	-100.566667	0.0	0.0
12.783200	1.527470801	-100.633333	0.0	0.0
12.793000	1.525126029	-100.733333	0.0	0.0
12.802700	1.525111406	-100.733333	0.0	0.0
12.812500	1.522768479	-100.633333	0.0	0.0
12.822300	1.521595682	-100.700000	0.0	0.0
12.832000	1.519827684	-100.800000	0.0	0.0
12.841800	1.515744154	-100.900000	0.0	0.0
12.851600	1.513412093	-100.966667	0.0	0.0
12.861300	1.510491209	-101.066667	0.0	0.0
12.871100	1.511062164	-101.066667	0.0	0.0
12.880900	1.509313797	-101.100000	0.0	0.0
12.890600	1.508133542	-101.166667	0.0	0.0
12.900400	1.505231078	-101.233333	0.0	0.0
12.910200	1.504063955	-101.233333	0.0	0.0
12.919900	1.502308596	-101.300000	0.0	0.0
12.929700	1.500566045	-101.366667	0.0	0.0
12.939500	1.498824654	-101.366667	0.0	0.0
12.949200	1.496498452	-101.466667	0.0	0.0
12.959000	1.494760077	-101.466667	0.0	0.0
12.968800	1.493022867	-101.533333	0.0	0.0
12.978500	1.490131178	-101.566667	0.0	0.0
12.988300	1.488968961	-101.600000	0.0	0.0
12.998000	1.487795358	-101.633333	0.0	0.0
13.007800	1.486062873	-101.733333	0.0	0.0
13.017600	1.483762039	-101.766667	0.0	0.0
13.027300	1.481452557	-101.833333	0.0	0.0
13.037100	1.479157194	-101.800000	0.0	0.0
13.046900	1.477998524	-101.833333	0.0	0.0
13.056600	1.477395480	-101.900000	0.0	0.0
13.066400	1.475103915	-101.966667	0.0	0.0
13.076200	1.472815076	-101.966667	0.0	0.0
13.085900	1.469953502	-102.033333	0.0	0.0
13.095700	1.468234363	-102.100000	0.0	0.0
13.105500	1.468769328	-102.133333	0.0	0.0
13.115200	1.467601852	-102.200000	0.0	0.0
13.125000	1.465320567	-102.233333	0.0	0.0
13.134800	1.461919518	-102.266667	0.0	0.0
13.144500	1.460194598	-102.266667	0.0	0.0
13.154300	1.458482007	-102.300000	0.0	0.0
13.164100	1.456211666	-102.366667	0.0	0.0
13.173800	1.454491092	-102.400000	0.0	0.0
13.183600	1.453898263	-102.500000	0.0	0.0
13.193400	1.452189848	-102.500000	0.0	0.0
13.203100	1.450471654	-102.533333	0.0	0.0
13.212900	1.448209798	-102.633333	0.0	0.0
13.222700	1.445950674	-102.666667	0.0	0.0
13.232400	1.444237511	-102.700000	0.0	0.0
13.242200	1.442536496	-102.733333	0.0	0.0
13.252000	1.441943003	-102.733333	0.0	0.0
13.261700	1.439679650	-102.833333	0.0	0.0
13.271500	1.437981652	-102.866667	0.0	0.0
13.281300	1.435733785	-102.933333	0.0	0.0
13.291000	1.434028089	-102.966667	0.0	0.0
13.300800	1.433984410	-103.033333	0.0	0.0
13.310500	1.431180366	-103.066667	0.0	0.0
13.320300	1.428391771	-103.066667	0.0	0.0
13.330100	1.427250074	-103.100000	0.0	0.0
13.339800	1.425003677	-103.133333	0.0	0.0
13.349600	1.424956433	-103.200000	0.0	0.0
13.359400	1.422722785	-103.266667	0.0	0.0
13.369100	1.420481249	-103.300000	0.0	0.0
13.378900	1.419342066	-103.300000	0.0	0.0
13.388700	1.418203035	-103.300000	0.0	0.0
13.398400	1.417053583	-103.366667	0.0	0.0
13.408200	1.414828543	-103.466667	0.0	0.0
13.418000	1.413690873	-103.600000	0.0	0.0
13.427700	1.412542845	-103.633333	0.0	0.0
13.437500	1.409781511	-103.666667	0.0	0.0
13.447300	1.407564896	-103.666667	0.0	0.0
13.457000	1.405879999	-103.666667	0.0	0.0
13.466800	1.404745804	-103.766667	0.0	0.0
13.476600	1.403611782	-103.766667	0.0	0.0
13.486300	1.401391513	-103.833333	0.0	0.0
13.496100	1.399184399	-103.900000	0.0	0.0
13.505900	1.396980026	-103.933333	0.0	0.0
13.515600	1.396374781	-103.933333	0.0	0.0
13.525400	1.394708511	-103.933333	0.0	0.0
13.535200	1.393578200	-104.033333	0.0	0.0
13.544900	1.392972266	-104.033333	0.0	0.0
13.554700	1.390240416	-104.100000	0.0	0.0
13.564500	1.388045779	-104.233333	0.0	0.0
13.574200	1.384249081	-104.300000	0.0	0.0
13.584000	1.383654542	-104.333333	0.0	0.0
13.593800	1.382528871	-104.266667	0.0	0.0
13.603500	1.381393244	-104.366667	0.0	0.0
13.613300	1.379738391	-104.400000	0.0	0.0
13.623000	1.378603648	-104.466667	0.0	0.0
13.632800	1.375894275	-104.466667	0.0	0.0
13.642600	1.375299059	-104.466667	0.0	0.0
13.652300	1.373638611	-104.533333	0.0	0.0
13.662100	1.372516139	-104.533333	0.0	0.0
13.671900	1.369815911	-104.600000	0.0	0.0
13.681600	1.367110301	-104.633333	0.0	0.0
13.691400	1.366515384	-104.666667	0.0	0.0
13.701200	1.365920027	-104.700000	0.0	0.0
13.710900	1.364790414	-104.766667	0.0	0.0
13.720700	1.362101910	-104.766667	0.0	0.0
13.730500	1.360461802	-104.866667	0.0	0.0
13.740200	1.358813087	-104.900000	0.0	0.0
13.750000	1.357175564	-104.933333	0.0	0.0
13.759800	1.355539326	-104.966667	0.0	0.0
13.769500	1.354414217	-105.033333	0.0	0.0
13.779300	1.353299191	-105.033333	0.0	0.0
13.789100	1.352184400	-105.066667	0.0	0.0
13.798800	1.350541664	-105.100000	0.0	0.0
13.808600	1.348910026	-105.166667	0.0	0.0
13.818400	1.346762742	-105.200000	0.0	0.0
13.828100	1.345640898	-105.233333	0.0	0.0
13.837900	1.343497475	-105.466667	0.0	0.0
13.847700	1.340842127	-105.533333	0.0	0.0
13.857400	1.339209187	-105.566667	0.0	0.0
13.867200	1.337587226	-105.500000	0.0	0.0
13.877000	1.336992348	-105.500000	0.0	0.0
13.886700	1.336387444	-105.566667	0.0	0.0
13.896500	1.335279245	-105.533333	0.0	0.0
13.906300	1.332636163	-105.600000	0.0	0.0
13.916000	1.330498594	-105.600000	0.0	0.0
13.925800	1.328883228	-105.666667	0.0	0.0
13.935500	1.327769094	-105.666667	0.0	0.0
13.945300	1.327173989	-105.666667	0.0	0.0
13.955100	1.326069500	-105.733333	0.0	0.0
13.964800	1.324447416	-105.800000	0.0	0.0
13.974600	1.321314048	-105.833333	0.0	0.0
13.984400	1.320212492	-105.866667	0.0	0.0
13.994100	1.317078437	-105.900000	0.0	0.0
14.003900	1.315979127	-105.933333	0.0	0.0
14.013700	1.313871270	-105.933333	0.0	0.0
14.023400	1.313267879	-106.000000	0.0	0.0
14.033200	1.312169830	-106.066667	0.0	0.0
14.043000	1.310569015	-106.100000	0.0	0.0
14.052700	1.310468064	-106.066667	0.0	0.0
14.062500	1.309370450	-106.133333	0.0	0.0
14.072300	1.308273120	-106.200000	0.0	0.0
14.082000	1.304660979	-106.266667	0.0	0.0
14.091800	1.303566339	-106.266667	0.0	0.0
14.101600	1.300474153	-106.333333	0.0	0.0
14.111300	1.299372561	-106.333333	0.0	0.0
14.121100	1.298778813	-106.433333	0.0	0.0
14.130900	1.298184710	-106.433333	0.0	0.0
14.140600	1.296585531	-106.500000	0.0	0.0
14.150400	1.294003298	-106.533333	0.0	0.0
14.160200	1.292913254	-106.533333	0.0	0.0
14.169900	1.291318735	-106.566667	0.0	0.0
14.179700	1.290724962	-106.633333	0.0	0.0
14.189500	1.288646383	-106.700000	0.0	0.0
14.199200	1.287549328	-106.733333	0.0	0.0
14.209000	1.285474643	-106.800000	0.0	0.0
14.218800	1.283895309	-106.800000	0.0	0.0
14.228500	1.281816285	-106.833333	0.0	0.0
14.238300	1.281223235	-106.866667	0.0	0.0
14.248000	1.279638328	-106.933333	0.0	0.0
14.257800	1.278063754	-106.966667	0.0	0.0
14.267600	1.276490514	-107.000000	0.0	0.0
14.277300	1.274909680	-107.033333	0.0	0.0
14.287100	1.273827884	-107.033333	0.0	0.0
14.296900	1.273723650	-107.133333	0.0	0.0
14.306600	1.272144471	-107.200000	0.0	0.0
14.316400	1.270575541	-107.166667	0.0	0.0
14.326200	1.267061446	-107.133333	0.0	0.0
14.335900	1.265974514	-107.200000	0.0	0.0
14.345700	1.264411424	-107.200000	0.0	0.0
14.355500	1.264304422	-107.266667	0.0	0.0
14.365200	1.262248927	-107.300000	0.0	0.0
14.375000	1.261172580	-107.333333	0.0	0.0
14.384800	1.259613079	-107.366667	0.0	0.0
14.394500	1.258529068	-107.433333	0.0	0.0
14.404300	1.256971675	-107.466667	0.0	0.0
14.414100	1.255415628	-107.533333	0.0	0.0
14.423800	1.253852235	-107.566667	0.0	0.0
14.433600	1.253260443	-107.566667	0.0	0.0
14.443400	1.250746911	-107.500000	0.0	0.0
14.453100	1.249667113	-107.633333	0.0	0.0
14.462900	1.247638353	-107.666667	0.0	0.0
14.472700	1.247047205	-107.766667	0.0	0.0
14.482400	1.245012959	-107.800000	0.0	0.0
14.492200	1.244421919	-107.833333	0.0	0.0
14.502000	1.242876283	-107.833333	0.0	0.0
14.511700	1.241323446	-107.866667	0.0	0.0
14.521500	1.237878859	-107.933333	0.0	0.0
14.531300	1.235865292	-107.933333	0.0	0.0
14.541000	1.234793329	-108.000000	0.0	0.0
14.550800	1.234677512	-108.000000	0.0	0.0
14.560500	1.234078981	-108.033333	0.0	0.0
14.570300	1.232542284	-108.133333	0.0	0.0
14.580100	1.232425009	-108.133333	0.0	0.0
14.589800	1.229464534	-108.200000	0.0	0.0
14.599600	1.227931924	-108.233333	0.0	0.0
14.609400	1.225459737	-108.266667	0.0	0.0
14.619100	1.225802878	-108.266667	0.0	0.0
14.628900	1.224743109	-108.300000	0.0	0.0
14.638700	1.223214190	-108.333333	0.0	0.0
14.648400	1.221209546	-108.366667	0.0	0.0
14.658200	1.219683952	-108.366667	0.0	0.0
14.668000	1.220031099	-108.400000	0.0	0.0
14.677700	1.218965293	-108.433333	0.0	0.0
14.687500	1.217908177	-108.466667	0.0	0.0
14.697300	1.215451290	-108.533333	0.0	0.0
14.707000	1.213456165	-108.566667	0.0	0.0
14.716800	1.212402215	-108.600000	0.0	0.0
14.726600	1.210883861	-108.666667	0.0	0.0
14.736300	1.208894646	-108.666667	0.0	0.0
14.746100	1.208306675	-108.733333	0.0	0.0
14.755900	1.206791854	-108.733333	0.0	0.0
14.765600	1.205732866	-108.833333	0.0	0.0
14.775400	1.203296297	-108.833333	0.0	0.0
14.785200	1.200864124	-108.833333	0.0	0.0
14.794900	1.199348420	-108.866667	0.0	0.0
14.804700	1.198761937	-108.900000	0.0	0.0
14.814500	1.199555459	-108.966667	0.0	0.0
14.824200	1.198039854	-108.966667	0.0	0.0
14.834000	1.196074619	-109.033333	0.0	0.0
14.843800	1.195028953	-109.100000	0.0	0.0
14.853500	1.193975643	-109.133333	0.0	0.0
14.863300	1.192015521	-109.166667	0.0	0.0
14.873000	1.191420983	-109.200000	0.0	0.0
14.882800	1.190377325	-109.233333	0.0	0.0
14.892600	1.189334065	-109.300000	0.0	0.0
14.902300	1.187371540	-109.366667	0.0	0.0
14.912100	1.187240785	-109.300000	0.0	0.0
14.921900	1.186198740	-109.333333	0.0	0.0
14.931600	1.184694432	-109.333333	0.0	0.0
14.941400	1.182291659	-109.433333	0.0	0.0
14.951200	1.180799202	-109.500000	0.0	0.0
14.960900	1.178847753	-109.533333	0.0	0.0
14.970700	1.176906896	-109.566667	0.0	0.0
14.980500	1.175870899	-109.600000	0.0	0.0
14.990200	1.174827473	-109.600000	0.0	0.0
15.000000	1.173341935	-109.633333	0.0	0.0
15.009800	1.172307577	-109.633333	0.0	0.0
15.019500	1.170816431	-109.733333	0.0	0.0
15.029300	1.170232316	-109.700000	0.0	0.0
15.039100	1.168750601	-109.700000	0.0	0.0
15.048800	1.167262510	-109.766667	0.0	0.0
15.058600	1.164889142	-109.833333	0.0	0.0
15.068400	1.163859280	-109.833333	0.0	0.0
15.078100	1.162375960	-109.900000	0.0	0.0
15.087900	1.160456317	-109.933333	0.0	0.0
15.097700	1.159873942	-109.900000	0.0	0.0
15.107400	1.158394255	-109.966667	0.0	0.0
15.117200	1.156923632	-110.000000	0.0	0.0
15.127000	1.155454390	-110.066667	0.0	0.0
15.136700	1.153536135	-110.100000	0.0	0.0
15.146500	1.151628195	-110.133333	0.0	0.0
15.156300	1.150605714	-110.133333	0.0	0.0
15.166000	1.149576079	-110.200000	0.0	0.0
15.175800	1.147673255	-110.233333	0.0	0.0
15.185500	1.146205345	-110.266667	0.0	0.0
15.195300	1.144746380	-110.266667	0.0	0.0
15.205100	1.143288796	-110.300000	0.0	0.0
15.214800	1.141825089	-110.333333	0.0	0.0
15.224600	1.140370282	-110.366667	0.0	0.0
15.234400	1.138916857	-110.400000	0.0	0.0
15.244100	1.137457353	-110.433333	0.0	0.0
15.253900	1.136006706	-110.500000	0.0	0.0
15.263700	1.134557440	-110.466667	0.0	0.0
15.273400	1.131364097	-110.533333	0.0	0.0
15.283200	1.129486288	-110.600000	0.0	0.0
15.293000	1.127178480	-110.633333	0.0	0.0
15.302700	1.127460661	-110.733333	0.0	0.0
15.312500	1.126019993	-110.733333	0.0	0.0
15.322300	1.124149214	-110.733333	0.0	0.0
15.332000	1.121412718	-110.700000	0.0	0.0
15.341800	1.118689728	-110.766667	0.0	0.0
15.351600	1.118116301	-110.833333	0.0	0.0
15.361300	1.116678028	-110.866667	0.0	0.0
15.371100	1.115676489	-110.866667	0.0	0.0
15.380900	1.112965619	-110.966667	0.0	0.0
15.390600	1.110679828	-110.966667	0.0	0.0
15.400400	1.108830937	-110.966667	0.0	0.0
15.410200	1.107409577	-110.966667	0.0	0.0
15.419900	1.105133873	-110.966667	0.0	0.0
15.429700	1.103292880	-111.033333	0.0	0.0
15.439500	1.101031891	-111.133333	0.0	0.0
15.449200	1.098346395	-111.200000	0.0	0.0
15.459000	1.096515387	-111.233333	0.0	0.0
15.468800	1.094266972	-111.166667	0.0	0.0
15.478500	1.092854148	-111.200000	0.0	0.0
15.488300	1.091030987	-111.233333	0.0	0.0
15.498000	1.088785487	-111.266667	0.0	0.0
15.507800	1.086968248	-111.300000	0.0	0.0
15.517600	1.085153610	-111.333333	0.0	0.0
15.527300	1.082918926	-111.333333	0.0	0.0
15.537100	1.081525161	-111.400000	0.0	0.0
15.546900	1.078475967	-111.433333	0.0	0.0
15.556600	1.075840820	-111.500000	0.0	0.0
15.566400	1.073630530	-111.500000	0.0	0.0
15.576200	1.070602324	-111.566667	0.0	0.0
15.585900	1.068805185	-111.533333	0.0	0.0
15.595700	1.066198840	-111.566667	0.0	0.0
15.605500	1.063190338	-111.600000	0.0	0.0
15.615200	1.060590056	-111.633333	0.0	0.0
15.625000	1.058002497	-111.700000	0.0	0.0
15.634800	1.056636633	-111.700000	0.0	0.0
15.644500	1.053646723	-111.733333	0.0	0.0
15.654300	1.051478312	-111.766667	0.0	0.0
15.664100	1.048911339	-111.800000	0.0	0.0
15.673800	1.045942076	-111.833333	0.0	0.0
15.683600	1.042187254	-111.900000	0.0	0.0
15.693400	1.039242848	-111.933333	0.0	0.0
15.703100	1.036697528	-112.000000	0.0	0.0
15.712900	1.036946492	-111.966667	0.0	0.0
15.722700	1.034015688	-111.933333	0.0	0.0
15.732400	1.031086213	-112.000000	0.0	0.0
15.742200	1.026988134	-112.033333	0.0	0.0
15.752000	1.024477371	-112.100000	0.0	0.0
15.761700	1.020789961	-112.133333	0.0	0.0
15.771500	1.016731628	-112.133333	0.0	0.0
15.781300	1.012689038	-112.100000	0.0	0.0
15.791000	1.009817672	-112.133333	0.0	0.0
15.800800	1.008894473	-112.166667	0.0	0.0
15.810500	1.006419257	-112.266667	0.0	0.0
15.820300	1.002800899	-112.333333	0.0	0.0
15.830100	0.998811786	-112.333333	0.0	0.0
15.839800	0.995977881	-112.266667	0.0	0.0
15.849600	0.992776846	-112.300000	0.0	0.0
15.859400	0.989965560	-112.300000	0.0	0.0
15.869100	0.986398259	-112.400000	0.0	0.0
15.878900	0.983226889	-112.400000	0.0	0.0
15.888700	0.978562041	-112.466667	0.0	0.0
15.898400	0.975783386	-112.500000	0.0	0.0
15.908200	0.972271844	-112.533333	0.0	0.0
15.918000	0.969144422	-112.633333	0.0	0.0
15.927700	0.964168785	-112.633333	0.0	0.0
15.937500	0.960697951	-112.633333	0.0	0.0
15.947300	0.956871966	-112.666667	0.0	0.0
15.957000	0.954152762	-112.700000	0.0	0.0
15.966800	0.949987488	-112.700000	0.0	0.0
15.976600	0.946203090	-112.733333	0.0	0.0
15.986300	0.942427518	-112.733333	0.0	0.0
15.996100	0.939393269	-112.833333	0.0	0.0
16.005900	0.935650023	-112.833333	0.0	0.0
16.015600	0.931200528	-112.866667	0.0	0.0
16.025400	0.927489237	-112.866667	0.0	0.0
16.035200	0.923792392	-112.900000	0.0	0.0
16.044900	0.920457374	-112.933333	0.0	0.0
16.054700	0.916436113	-113.066667	0.0	0.0
16.064500	0.912081989	-113.066667	0.0	0.0
16.074200	0.907394274	-113.066667	0.0	0.0
16.084000	0.903082440	-113.033333	0.0	0.0
16.093800	0.899826129	-113.033333	0.0	0.0
16.103500	0.895544032	-113.100000	0.0	0.0
16.113300	0.890945543	-113.133333	0.0	0.0
16.123000	0.886024751	-113.166667	0.0	0.0
16.132800	0.881812836	-113.166667	0.0	0.0
16.142600	0.877283886	-113.233333	0.0	0.0
16.152300	0.874113254	-113.300000	0.0	0.0
16.162100	0.869623211	-113.366667	0.0	0.0
16.171900	0.865487993	-113.366667	0.0	0.0
16.181600	0.860375685	-113.333333	0.0	0.0
16.191400	0.855955267	-113.333333	0.0	0.0
16.201200	0.851557248	-113.400000	0.0	0.0
16.210900	0.842960310	-113.400000	0.0	0.0
16.220700	0.838628451	-113.433333	0.0	0.0
16.230500	0.834318549	-113.400000	0.0	0.0
16.240200	0.834176671	-113.433333	0.0	0.0
16.250000	0.829889046	-113.433333	0.0	0.0
16.259800	0.825623158	-113.533333	0.0	0.0
16.269500	0.819484744	-113.566667	0.0	0.0
16.279300	0.813708888	-113.633333	0.0	0.0
16.289100	0.808593829	-113.600000	0.0	0.0
16.298800	0.804122654	-113.633333	0.0	0.0
16.308600	0.799987770	-113.700000	0.0	0.0
16.318400	0.794958104	-113.700000	0.0	0.0
16.328100	0.790258153	-113.766667	0.0	0.0
16.337900	0.785289095	-113.766667	0.0	0.0
16.347700	0.780051589	-113.866667	0.0	0.0
16.357400	0.774843999	-113.933333	0.0	0.0
16.367200	0.769085085	-114.000000	0.0	0.0
16.377000	0.763661710	-113.966667	0.0	0.0
16.386700	0.759145175	-113.966667	0.0	0.0
16.396500	0.756109138	-113.966667	0.0	0.0
16.406300	0.751352926	-114.000000	0.0	0.0
16.416000	0.746048984	-114.000000	0.0	0.0
16.425800	0.739650458	-114.033333	0.0	0.0
16.435500	0.735556867	-114.100000	0.0	0.0
16.445300	0.730087871	-114.100000	0.0	0.0
16.455100	0.725494057	-114.100000	0.0	0.0
16.464800	0.720371396	-114.166667	0.0	0.0
16.474600	0.714465966	-114.266667	0.0	0.0
16.484400	0.708880687	-114.333333	0.0	0.0
16.494100	0.703064695	-114.333333	0.0	0.0
16.503900	0.698639683	-114.200000	0.0	0.0
16.513700	0.694508754	-114.266667	0.0	0.0
16.523400	0.688017392	-114.266667	0.0	0.0
16.533200	0.682375752	-114.366667	0.0	0.0
16.543000	0.677299783	-114.433333	0.0	0.0
16.552700	0.673031685	-114.500000	0.0	0.0
16.562500	0.668281171	-114.566667	0.0	0.0
16.572300	0.661783782	-114.466667	0.0	0.0
16.582000	0.656352148	-114.466667	0.0	0.0
16.591800	0.651718682	-114.533333	0.0	0.0
16.601600	0.646373107	-114.633333	0.0	0.0
16.611300	0.640575447	-114.633333	0.0	0.0
16.621100	0.634833392	-114.600000	0.0	0.0
16.630900	0.629384078	-114.666667	0.0	0.0
16.640600	0.623977574	-114.733333	0.0	0.0
16.650400	0.618621018	-114.733333	0.0	0.0
16.660200	0.613310233	-114.700000	0.0	0.0
16.669900	0.608041182	-114.733333	0.0	0.0
16.679700	0.602127185	-114.700000	0.0	0.0
16.689500	0.597186515	-114.766667	0.0	0.0
16.699200	0.591601136	-114.766667	0.0	0.0
16.709000	0.585846436	-114.866667	0.0	0.0
16.718800	0.579479979	-114.866667	0.0	0.0
16.728500	0.573839361	-114.900000	0.0	0.0
16.738300	0.569348281	-114.966667	0.0	0.0
16.748000	0.565105610	-114.966667	0.0	0.0
16.757800	0.560037364	-115.033333	0.0	0.0
16.767600	0.553525422	-115.066667	0.0	0.0
16.777300	0.548136518	-115.166667	0.0	0.0
16.787100	0.543011479	-115.000000	0.0	0.0
16.796900	0.537727776	-114.966667	0.0	0.0
16.806600	0.532696525	-115.000000	0.0	0.0
16.816400	0.526905861	-115.024000	0.0	0.0
16.826200	0.522178973	-115.048000	0.0	0.0
16.835900	0.516499221	-115.072000	0.0	0.0
16.845700	0.511276379	-115.096000	0.0	0.0
16.855500	0.505911991	-115.120000	0.0	0.0
16.865200	0.500216672	-115.144000	0.0	0.0
16.875000	0.495157979	-115.168000	0.0	0.0
16.884800	0.487149866	-115.192000	0.0	0.0
16.894500	0.482035115	-115.216000	0.0	0.0
16.904300	0.476245105	-115.240000	0.0	0.0
16.914100	0.473059274	-115.264000	0.0	0.0
16.923800	0.467732863	-115.288000	0.0	0.0
16.933600	0.462646517	-115.312000	0.0	0.0
16.943400	0.458318334	-115.336000	0.0	0.0
16.953100	0.453157449	-115.360000	0.0	0.0
16.962900	0.448401202	-115.384000	0.0	0.0
16.972700	0.443014154	-115.408000	0.0	0.0
16.982400	0.437185483	-115.432000	0.0	0.0
16.992200	0.431435898	-115.456000	0.0	0.0
17.002000	0.427070931	-115.480000	0.0	0.0
17.011700	0.422099057	-115.504000	0.0	0.0
17.021500	0.417667961	-115.528000	0.0	0.0
17.031300	0.412174512	-115.552000	0.0	0.0
17.041000	0.406594728	-115.576000	0.0	0.0
17.050800	0.400170215	-115.600000	0.0	0.0
17.060500	0.394449814	-115.624000	0.0	0.0
17.070300	0.390008872	-115.648000	0.0	0.0
17.080100	0.386506744	-115.672000	0.0	0.0
17.089800	0.382592965	-115.696000	0.0	0.0
17.099600	0.377415111	-115.720000	0.0	0.0
17.109400	0.371878822	-115.744000	0.0	0.0
17.119100	0.366702830	-115.768000	0.0	0.0
17.128900	0.362156380	-115.792000	0.0	0.0
17.138700	0.357666180	-115.816000	0.0	0.0
17.148400	0.352958468	-115.840000	0.0	0.0
17.158200	0.347646925	-115.864000	0.0	0.0
17.168000	0.343204551	-115.888000	0.0	0.0
17.177700	0.338556909	-115.912000	0.0	0.0
17.187500	0.334487104	-115.936000	0.0	0.0
17.197300	0.330212570	-115.960000	0.0	0.0
17.207000	0.325615566	-115.984000	0.0	0.0
17.216800	0.320468810	-116.008000	0.0	0.0
17.226600	0.315282285	-116.032000	0.0	0.0
17.236300	0.310892834	-116.056000	0.0	0.0
17.246100	0.306801562	-116.080000	0.0	0.0
17.255900	0.302764033	-116.104000	0.0	0.0
17.265600	0.298663173	-116.128000	0.0	0.0
17.275400	0.294280473	-116.152000	0.0	0.0
17.285200	0.289628354	-116.176000	0.0	0.0
17.294900	0.284501606	-116.200000	0.0	0.0
17.304700	0.280541689	-116.224000	0.0	0.0
17.314500	0.276530659	-116.248000	0.0	0.0
17.324200	0.272784604	-116.272000	0.0	0.0
17.334000	0.268368863	-116.296000	0.0	0.0
17.343800	0.264633156	-116.320000	0.0	0.0
17.353500	0.260247808	-116.344000	0.0	0.0
17.363300	0.256133039	-116.368000	0.0	0.0
17.373000	0.251791744	-116.392000	0.0	0.0
17.382800	0.247905636	-116.416000	0.0	0.0
17.392600	0.243798582	-116.440000	0.0	0.0
17.402300	0.240034307	-116.464000	0.0	0.0
17.412100	0.236601677	-116.488000	0.0	0.0
17.421900	0.232592398	-116.512000	0.0	0.0
17.431600	0.228474245	-116.536000	0.0	0.0
17.441400	0.224688757	-116.560000	0.0	0.0
17.451200	0.221220462	-116.584000	0.0	0.0
17.460900	0.217136729	-116.608000	0.0	0.0
17.470700	0.213375052	-116.632000	0.0	0.0
17.480500	0.209437213	-116.656000	0.0	0.0
17.490200	0.206440440	-116.680000	0.0	0.0
17.500000	0.202863874	-116.704000	0.0	0.0
17.509800	0.199502275	-116.728000	0.0	0.0
17.519500	0.196044671	-116.752000	0.0	0.0
17.529300	0.192500225	-116.776000	0.0	0.0
17.539100	0.189019802	-116.800000	0.0	0.0
17.548800	0.185458791	-116.824000	0.0	0.0
17.558600	0.182245390	-116.848000	0.0	0.0
17.568400	0.179225119	-116.872000	0.0	0.0
17.578100	0.175983492	-116.896000	0.0	0.0
17.587900	0.172934106	-116.920000	0.0	0.0
17.597700	0.169286598	-116.944000	0.0	0.0
17.607400	0.166224575	-116.968000	0.0	0.0
17.617200	0.162968456	-116.992000	0.0	0.0
17.627000	0.160328872	-117.016000	0.0	0.0
17.636700	0.158034047	-117.040000	0.0	0.0
17.646500	0.155057192	-117.064000	0.0	0.0
17.656300	0.151844721	-117.088000	0.0	0.0
17.666000	0.148185221	-117.112000	0.0	0.0
17.675800	0.145617112	-117.136000	0.0	0.0
17.685500	0.142873168	-117.160000	0.0	0.0
17.695300	0.140504833	-117.184000	0.0	0.0
17.705100	0.137066624	-117.208000	0.0	0.0
17.714800	0.134380500	-117.232000	0.0	0.0
17.724600	0.131747720	-117.256000	0.0	0.0
17.734400	0.130061822	-117.280000	0.0	0.0
17.744100	0.127170773	-117.304000	0.0	0.0
17.753900	0.124344650	-117.328000	0.0	0.0
17.763700	0.121394804	-117.352000	0.0	0.0
17.773400	0.119335736	-117.376000	0.0	0.0
17.783200	0.116818039	-117.400000	0.0	0.0
17.793000	0.114002886	-117.424000	0.0	0.0
17.802700	0.111468598	-117.448000	0.0	0.0
17.812500	0.109200563	-117.472000	0.0	0.0
17.822300	0.107060783	-117.496000	0.0	0.0
17.832000	0.104841539	-117.520000	0.0	0.0
17.841800	0.102590072	-117.544000	0.0	0.0
17.851600	0.100425456	-117.568000	0.0	0.0
17.861300	0.098004586	-117.592000	0.0	0.0
17.871100	0.095936665	-117.616000	0.0	0.0
17.880900	0.093876317	-117.640000	0.0	0.0
17.890600	0.091965494	-117.664000	0.0	0.0
17.900400	0.089783404	-117.688000	0.0	0.0
17.910200	0.087855125	-117.712000	0.0	0.0
17.919900	0.085770034	-117.736000	0.0	0.0
17.929700	0.084056833	-117.760000	0.0	0.0
17.939500	0.081936423	-117.784000	0.0	0.0
17.949200	0.080083878	-117.808000	0.0	0.0
17.959000	0.078243599	-117.832000	0.0	0.0
17.968800	0.076474928	-117.856000	0.0	0.0
17.978500	0.074573888	-117.880000	0.0	0.0
17.988300	0.072692586	-117.904000	0.0	0.0
17.998000	0.070967185	-117.928000	0.0	0.0
18.007800	0.069736582	-117.952000	0.0	0.0
18.017600	0.067977253	-117.976000	0.0	0.0
18.027300	0.065528569	-118.000000	0.0	0.0
18.037100	0.063606287	-118.024000	0.0	0.0
18.046900	0.062072982	-118.048000	0.0	0.0
18.056600	0.061371864	-118.072000	0.0	0.0
18.066400	0.059777574	-118.096000	0.0	0.0
18.076200	0.058358905	-118.120000	0.0	0.0
18.085900	0.056798926	-118.144000	0.0	0.0
18.095700	0.055344617	-118.168000	0.0	0.0
18.105500	0.053989651	-118.192000	0.0	0.0
18.115200	0.052667552	-118.216000	0.0	0.0
18.125000	0.051358384	-118.240000	0.0	0.0
18.134800	0.050043319	-118.264000	0.0	0.0
18.144500	0.048799084	-118.288000	0.0	0.0
18.154300	0.047586034	-118.312000	0.0	0.0
18.164100	0.046207650	-118.336000	0.0	0.0
18.173800	0.044937863	-118.360000	0.0	0.0
18.183600	0.043686428	-118.384000	0.0	0.0
18.193400	0.042682240	-118.408000	0.0	0.0
18.203100	0.041525228	-118.432000	0.0	0.0
18.212900	0.040337821	-118.456000	0.0	0.0
18.222700	0.039244553	-118.480000	0.0	0.0
18.232400	0.038415855	-118.504000	0.0	0.0
18.242200	0.037389003	-118.528000	0.0	0.0
18.252000	0.036264119	-118.552000	0.0	0.0
18.261700	0.035091980	-118.576000	0.0	0.0
18.271500	0.034036184	-118.600000	0.0	0.0
18.281300	0.033062859	-118.624000	0.0	0.0
18.291000	0.032067919	-118.648000	0.0	0.0
18.300800	0.031282641	-118.672000	0.0	0.0
18.310500	0.030306343	-118.696000	0.0	0.0
18.320300	0.029484872	-118.720000	0.0	0.0
18.330100	0.028564821	-118.744000	0.0	0.0
18.339800	0.027822400	-118.768000	0.0	0.0
18.349600	0.026974906	-118.792000	0.0	0.0
18.359400	0.026143184	-118.816000	0.0	0.0
18.369100	0.025356417	-118.840000	0.0	0.0
18.378900	0.024659609	-118.864000	0.0	0.0
18.388700	0.023991148	-118.888000	0.0	0.0
18.398400	0.023278057	-118.912000	0.0	0.0
18.408200	0.022473877	-118.936000	0.0	0.0
18.418000	0.021805990	-118.960000	0.0	0.0
18.427700	0.021133486	-118.984000	0.0	0.0
18.437500	0.020419042	-119.008000	0.0	0.0
18.447300	0.019781815	-119.032000	0.0	0.0
18.457000	0.019142314	-119.056000	0.0	0.0
18.466800	0.018666303	-119.080000	0.0	0.0
18.476600	0.018042168	-119.104000	0.0	0.0
18.486300	0.017465593	-119.128000	0.0	0.0
18.496100	0.016953011	-119.152000	0.0	0.0
18.505900	0.016423922	-119.176000	0.0	0.0
18.515600	0.015886850	-119.200000	0.0	0.0
18.525400	0.015396934	-119.224000	0.0	0.0
18.535200	0.014956522	-119.248000	0.0	0.0
18.544900	0.014445231	-119.272000	0.0	0.0
18.554700	0.013876734	-119.296000	0.0	0.0
18.564500	0.013387000	-119.320000	0.0	0.0
18.574200	0.012974086	-119.344000	0.0	0.0
18.584000	0.012525811	-119.368000	0.0	0.0
18.593800	0.012102307	-119.392000	0.0	0.0
18.603500	0.011666162	-119.416000	0.0	0.0
18.613300	0.011293365	-119.440000	0.0	0.0
18.623000	0.010903091	-119.464000	0.0	0.0
18.632800	0.010486039	-119.488000	0.0	0.0
18.642600	0.010069467	-119.512000	0.0	0.0
18.652300	0.009695400	-119.536000	0.0	0.0
18.662100	0.009392773	-119.560000	0.0	0.0
18.671900	0.009113570	-119.584000	0.0	0.0
18.681600	0.008791859	-119.608000	0.0	0.0
18.691400	0.008497839	-119.632000	0.0	0.0
18.701200	0.008166503	-119.656000	0.0	0.0
18.710900	0.007829992	-119.680000	0.0	0.0
18.720700	0.007510268	-119.704000	0.0	0.0
18.730500	0.007214663	-119.728000	0.0	0.0
18.740200	0.006970665	-119.752000	0.0	0.0
18.750000	0.006711732	-119.776000	0.0	0.0
18.759800	0.006459936	-119.800000	0.0	0.0
18.769500	0.006222325	-119.824000	0.0	0.0
18.779300	0.006000389	-119.848000	0.0	0.0
18.789100	0.005764204	-119.872000	0.0	0.0
18.798800	0.005511842	-119.896000	0.0	0.0
18.808600	0.005278653	-119.920000	0.0	0.0
18.818400	0.005084513	-119.944000	0.0	0.0
18.828100	0.004906892	-119.968000	0.0	0.0
18.837900	0.004711934	-119.992000	0.0	0.0
18.847700	0.004529932	-120.016000	0.0	0.0
18.857400	0.004349925	-120.040000	0.0	0.0
18.867200	0.004170686	-120.064000	0.0	0.0
18.877000	0.003998830	-120.088000	0.0	0.0
18.886700	0.003819350	-120.112000	0.0	0.0
18.896500	0.003656352	-120.136000	0.0	0.0
18.906300	0.003511073	-120.160000	0.0	0.0
18.916000	0.003410588	-120.184000	0.0	0.0
18.925800	0.003275072	-120.208000	0.0	0.0
18.935500	0.003118483	-120.232000	0.0	0.0
18.945300	0.002944432	-120.256000	0.0	0.0
18.955100	0.002807972	-120.280000	0.0	0.0
18.964800	0.002678849	-120.304000	0.0	0.0
18.974600	0.002566488	-120.328000	0.0	0.0
18.984400	0.002456010	-120.352000	0.0	0.0
18.994100	0.002355693	-120.376000	0.0	0.0
19.003900	0.002226774	-120.400000	0.0	0.0
19.013700	0.002126833	-120.424000	0.0	0.0
19.023400	0.002039959	-120.448000	0.0	0.0
19.033200	0.001969451	-120.472000	0.0	0.0
19.043000	0.001858098	-120.496000	0.0	0.0
19.052700	0.001749000	-120.520000	0.0	0.0
19.062500	0.001648845	-120.544000	0.0	0.0
19.072300	0.001582109	-120.568000	0.0	0.0
19.082000	0.001543324	-120.592000	0.0	0.0
19.091800	0.001500883	-120.616000	0.0	0.0
19.101600	0.001429672	-120.640000	0.0	0.0
19.111300	0.001342632	-120.664000	0.0	0.0
19.121100	0.001246463	-120.688000	0.0	0.0
19.130900	0.001193261	-120.712000	0.0	0.0
19.140600	0.001134024	-120.736000	0.0	0.0
19.150400	0.001093145	-120.760000	0.0	0.0
19.160200	0.001037688	-120.784000	0.0	0.0
19.169900	0.000928866	-120.808000	0.0	0.0
19.179700	0.000875673	-120.832000	0.0	0.0
19.189500	0.000828064	-120.856000	0.0	0.0
19.199200	0.000857926	-120.880000	0.0	0.0
19.209000	0.000808174	-120.904000	0.0	0.0
19.218800	0.000756646	-120.928000	0.0	0.0
19.228500	0.000695471	-120.952000	0.0	0.0
19.238300	0.000659680	-120.976000	0.0	0.0
19.248000	0.000631518	-121.000000	0.0	0.0
19.257800	0.000595351	-121.024000	0.0	0.0
19.267600	0.000564280	-121.048000	0.0	0.0
19.277300	0.000531757	-121.072000	0.0	0.0
19.287100	0.000506330	-121.096000	0.0	0.0
19.296900	0.000483045	-121.120000	0.0	0.0
19.306600	0.000466881	-121.144000	0.0	0.0
19.316400	0.000440649	-121.168000	0.0	0.0
19.326200	0.000413345	-121.192000	0.0	0.0
19.335900	0.000377165	-121.216000	0.0	0.0
19.345700	0.000346139	-121.240000	0.0	0.0
19.355500	0.000324567	-121.264000	0.0	0.0
19.365200	0.000300854	-121.288000	0.0	0.0
19.375000	0.000288896	-121.312000	0.0	0.0
19.384800	0.000273503	-121.336000	0.0	0.0
19.394500	0.000254202	-121.360000	0.0	0.0
19.404300	0.000229297	-121.384000	0.0	0.0
19.414100	0.000213772	-121.408000	0.0	0.0
19.423800	0.000206935	-121.432000	0.0	0.0
19.433600	0.000219729	-121.456000	0.0	0.0
19.443400	0.000207303	-121.480000	0.0	0.0
19.453100	0.000196105	-121.504000	0.0	0.0
19.462900	0.000175539	-121.528000	0.0	0.0
19.472700	0.000166377	-121.552000	0.0	0.0
19.482400	0.000136923	-121.576000	0.0	0.0
19.492200	0.000114559	-121.600000	0.0	0.0
19.502000	0.000110089	-121.624000	0.0	0.0
19.511700	0.000107101	-121.648000	0.0	0.0
19.521500	0.000092048	-121.672000	0.0	0.0
19.531300	0.000131239	-121.696000	0.0	0.0
19.541000	0.000121697	-121.720000	0.0	0.0
19.550800	0.000131421	-121.744000	0.0	0.0
19.560500	0.000082044	-121.768000	0.0	0.0
19.570300	0.000088396	-121.792000	0.0	0.0
19.580100	0.000063677	-121.816000	0.0	0.0
19.589800	0.000055915	-121.840000	0.0	0.0
19.599600	0.000073099	-121.864000	0.0	0.0
19.609400	0.000106324	-121.888000	0.0	0.0
19.619100	0.000116059	-121.912000	0.0	0.0
19.628900	0.000085126	-121.936000	0.0	0.0
19.638700	0.000058158	-121.960000	0.0	0.0
19.648400	0.000058321	-121.984000	0.0	0.0
19.658200	0.000063223	-122.008000	0.0	0.0
19.668000	0.000057512	-122.032000	0.0	0.0
19.677700	0.000044392	-122.056000	0.0	0.0
19.687500	0.000049056	-122.080000	0.0	0.0
19.697300	0.000062336	-122.104000	0.0	0.0
19.707000	0.000058383	-122.128000	0.0	0.0
19.716800	0.000050992	-122.152000	0.0	0.0
19.726600	0.000035800	-122.176000	0.0	0.0
19.736300	0.000051219	-122.200000	0.0	0.0
19.746100	0.000062707	-122.224000	0.0	0.0
19.755900	0.000059433	-122.248000	0.0	0.0
19.765600	0.000044642	-122.272000	0.0	0.0
19.775400	0.000033199	-122.296000	0.0	0.0
19.785200	0.000118034	-122.320000	0.0	0.0
19.794900	0.000119873	-122.344000	0.0	0.0
19.804700	0.000120070	-122.368000	0.0	0.0
19.814500	0.000037582	-122.392000	0.0	0.0
19.824200	0.000047047	-122.416000	0.0	0.0
19.834000	0.000052793	-122.440000	0.0	0.0
19.843800	0.000050558	-122.464000	0.0	0.0
19.853500	0.000046061	-122.488000	0.0	0.0
19.863300	0.000042712	-122.512000	0.0	0.0
19.873000	0.000044661	-122.536000	0.0	0.0
19.882800	0.000040008	-122.560000	0.0	0.0
19.892600	0.000050314	-122.584000	0.0	0.0
19.902300	0.000054480	-122.608000	0.0	0.0
19.912100	0.000061440	-122.632000	0.0	0.0
19.921900	0.000062158	-122.656000	0.0	0.0
19.931600	0.000054081	-122.680000	0.0	0.0
19.941400	0.000075293	-122.704000	0.0	0.0
19.951200	0.000061372	-122.728000	0.0	0.0
19.960900	0.000065340	-122.752000	0.0	0.0
19.970700	0.000040077	-122.776000	0.0	0.0
19.980500	0.000041490	-122.800000	0.0	0.0
19.990200	0.000038018	-122.824000	0.0	0.0
