# UNCLASSIFIED
# 
# Response info for CMAR broad band site.
# 
# Effective: 23 Jul 2009
# Created: 23 Jul 2009
# File name: cmar_bb_2009204_rsp.txt
# 
# Source:  James Neely (TTD)
# System equipment:  KS54000 Seismometer and AIM24S-3 Digitizer.
# 
# The response file was derived using the average of actual RB calibrations.
# Displacement response normalized to 1.0 at 1.0 Hz.  The nominal calib
# values for this configuration are as follows:
# 
# CM31 BHZ is 0.006240 nm/count at 1.0 Hz.
# CM31 BHN is 0.006280 nm/count at 1.0 Hz.
# CM31 BHE is 0.006310 nm/count at 1.0 Hz.
# 
# Freq(Hz)      Amp(counts/nm)   Phase(deg)  Error(amp)  Error(phase)
# 
 theoretical   0   instrument   fap
2047
0.009800	0.000066037	225.000000	0.0	0.0
0.019500	0.000316764	208.000000	0.0	0.0
0.029300	0.000782351	199.600000	0.0	0.0
0.039100	0.001456644	195.066667	0.0	0.0
0.048800	0.002305896	191.233333	0.0	0.0
0.058600	0.003359659	188.466667	0.0	0.0
0.068400	0.004616139	186.633333	0.0	0.0
0.078100	0.006046008	185.400000	0.0	0.0
0.087900	0.007679113	184.400000	0.0	0.0
0.097700	0.009490501	183.500000	0.0	0.0
0.107400	0.011481763	182.800000	0.0	0.0
0.117200	0.013656997	181.933333	0.0	0.0
0.127000	0.016030268	181.300000	0.0	0.0
0.136700	0.018572500	180.733333	0.0	0.0
0.146500	0.021347249	180.333333	0.0	0.0
0.156300	0.024326780	179.833333	0.0	0.0
0.166000	0.027439920	179.300000	0.0	0.0
0.175800	0.030787263	178.833333	0.0	0.0
0.185500	0.034265297	178.466667	0.0	0.0
0.195300	0.038010579	178.066667	0.0	0.0
0.205100	0.041937061	177.666667	0.0	0.0
0.214800	0.045962314	177.266667	0.0	0.0
0.224600	0.050213386	176.933333	0.0	0.0
0.234400	0.054690918	176.600000	0.0	0.0
0.244100	0.059356583	176.333333	0.0	0.0
0.253900	0.064193650	176.100000	0.0	0.0
0.263700	0.069297930	175.700000	0.0	0.0
0.273400	0.074518428	175.266667	0.0	0.0
0.283200	0.080017780	174.833333	0.0	0.0
0.293000	0.085651553	174.500000	0.0	0.0
0.302700	0.091451642	174.233333	0.0	0.0
0.312500	0.097431647	173.900000	0.0	0.0
0.322300	0.103638379	173.666667	0.0	0.0
0.332000	0.109928297	173.400000	0.0	0.0
0.341800	0.116469117	173.166667	0.0	0.0
0.351600	0.123338236	172.833333	0.0	0.0
0.361300	0.130337461	172.600000	0.0	0.0
0.371100	0.137556751	172.333333	0.0	0.0
0.380900	0.145029142	172.133333	0.0	0.0
0.390600	0.152392810	171.800000	0.0	0.0
0.400400	0.160197157	171.500000	0.0	0.0
0.410200	0.168070430	171.233333	0.0	0.0
0.419900	0.176113135	170.900000	0.0	0.0
0.429700	0.184500426	170.700000	0.0	0.0
0.439500	0.192863966	170.366667	0.0	0.0
0.449200	0.201548465	170.133333	0.0	0.0
0.459000	0.210357841	169.833333	0.0	0.0
0.468800	0.219520562	169.566667	0.0	0.0
0.478500	0.228698799	169.266667	0.0	0.0
0.488300	0.238253953	169.066667	0.0	0.0
0.498000	0.247813723	168.800000	0.0	0.0
0.507800	0.257663000	168.566667	0.0	0.0
0.517600	0.267396182	168.300000	0.0	0.0
0.527300	0.277299366	167.966667	0.0	0.0
0.537100	0.287592113	167.700000	0.0	0.0
0.546900	0.298411700	167.433333	0.0	0.0
0.556600	0.309091032	167.233333	0.0	0.0
0.566400	0.320193975	167.033333	0.0	0.0
0.576200	0.331751713	166.733333	0.0	0.0
0.585900	0.343278810	166.466667	0.0	0.0
0.595700	0.354722334	166.133333	0.0	0.0
0.605500	0.366208394	165.800000	0.0	0.0
0.615200	0.378035560	165.500000	0.0	0.0
0.625000	0.390325299	165.333333	0.0	0.0
0.634800	0.403125716	165.133333	0.0	0.0
0.644500	0.415539689	164.900000	0.0	0.0
0.654300	0.428108490	164.633333	0.0	0.0
0.664100	0.440859591	164.300000	0.0	0.0
0.673800	0.453832242	164.033333	0.0	0.0
0.683600	0.467129658	163.766667	0.0	0.0
0.693400	0.480434671	163.633333	0.0	0.0
0.703100	0.493780796	163.366667	0.0	0.0
0.712900	0.507446852	163.133333	0.0	0.0
0.722700	0.521694321	162.833333	0.0	0.0
0.732400	0.536409760	162.566667	0.0	0.0
0.742200	0.551072281	162.300000	0.0	0.0
0.752000	0.565721062	162.033333	0.0	0.0
0.761700	0.579964278	161.833333	0.0	0.0
0.771500	0.595212250	161.533333	0.0	0.0
0.781300	0.610663996	161.233333	0.0	0.0
0.791000	0.626161412	160.933333	0.0	0.0
0.800800	0.641280640	160.700000	0.0	0.0
0.810500	0.656658200	160.500000	0.0	0.0
0.820300	0.672633908	160.233333	0.0	0.0
0.830100	0.689066010	159.966667	0.0	0.0
0.839800	0.705534747	159.700000	0.0	0.0
0.849600	0.722097222	159.433333	0.0	0.0
0.859400	0.738851850	159.166667	0.0	0.0
0.869100	0.755914773	158.933333	0.0	0.0
0.878900	0.772761711	158.733333	0.0	0.0
0.888700	0.789787690	158.400000	0.0	0.0
0.898400	0.807122560	158.166667	0.0	0.0
0.908200	0.824827240	157.933333	0.0	0.0
0.918000	0.842400655	157.733333	0.0	0.0
0.927700	0.860297075	157.466667	0.0	0.0
0.937500	0.878569022	157.233333	0.0	0.0
0.947300	0.897721737	156.966667	0.0	0.0
0.957000	0.915849000	156.733333	0.0	0.0
0.966800	0.934702240	156.466667	0.0	0.0
0.976600	0.953747560	156.166667	0.0	0.0
0.986300	0.972787690	155.966667	0.0	0.0
0.996100	0.992215210	155.666667	0.0	0.0
1.005900	1.011834810	155.433333	0.0	0.0
1.015600	1.032235326	155.133333	0.0	0.0
1.025400	1.052252484	154.900000	0.0	0.0
1.035200	1.073285330	154.666667	0.0	0.0
1.044900	1.092235090	154.466667	0.0	0.0
1.054700	1.112819068	154.166667	0.0	0.0
1.064500	1.133160250	153.866667	0.0	0.0
1.074200	1.153905640	153.600000	0.0	0.0
1.084000	1.173703945	153.333333	0.0	0.0
1.093800	1.195939393	153.100000	0.0	0.0
1.103500	1.217245025	152.866667	0.0	0.0
1.113300	1.239912633	152.633333	0.0	0.0
1.123000	1.262097324	152.433333	0.0	0.0
1.132800	1.283728394	152.166667	0.0	0.0
1.142600	1.305033839	151.900000	0.0	0.0
1.152300	1.327285827	151.566667	0.0	0.0
1.162100	1.350476410	151.366667	0.0	0.0
1.171900	1.373876754	151.166667	0.0	0.0
1.181600	1.397786896	150.933333	0.0	0.0
1.191400	1.419978792	150.633333	0.0	0.0
1.201200	1.443989318	150.300000	0.0	0.0
1.210900	1.466278810	150.033333	0.0	0.0
1.220700	1.491252630	149.766667	0.0	0.0
1.230500	1.515292834	149.500000	0.0	0.0
1.240200	1.539277025	149.266667	0.0	0.0
1.250000	1.562500000	149.000000	0.0	0.0
1.259800	1.588314649	148.733333	0.0	0.0
1.269500	1.611011883	148.500000	0.0	0.0
1.279300	1.636608490	148.266667	0.0	0.0
1.289100	1.661778810	148.000000	0.0	0.0
1.298800	1.687528929	147.733333	0.0	0.0
1.308600	1.713091257	147.466667	0.0	0.0
1.318400	1.738845739	147.233333	0.0	0.0
1.328100	1.764526642	147.000000	0.0	0.0
1.337900	1.790663471	146.666667	0.0	0.0
1.347700	1.818387581	146.433333	0.0	0.0
1.357400	1.843949501	146.166667	0.0	0.0
1.367200	1.869953323	145.900000	0.0	0.0
1.377000	1.896129000	145.633333	0.0	0.0
1.386700	1.924413365	145.400000	0.0	0.0
1.396500	1.950960815	145.233333	0.0	0.0
1.406300	1.977679690	144.966667	0.0	0.0
1.416000	2.006595528	144.633333	0.0	0.0
1.425800	2.033685946	144.333333	0.0	0.0
1.435500	2.060660250	144.100000	0.0	0.0
1.445300	2.088090602	143.866667	0.0	0.0
1.455100	2.116503616	143.633333	0.0	0.0
1.464800	2.145639040	143.333333	0.0	0.0
1.474600	2.174445160	143.033333	0.0	0.0
1.484400	2.204289125	142.733333	0.0	0.0
1.494100	2.232334810	142.566667	0.0	0.0
1.503900	2.260847411	142.266667	0.0	0.0
1.513700	2.293046993	142.000000	0.0	0.0
1.523400	2.322529483	141.733333	0.0	0.0
1.533200	2.352507163	141.433333	0.0	0.0
1.543000	2.382677071	141.233333	0.0	0.0
1.552700	2.411802676	140.933333	0.0	0.0
1.562500	2.442343354	140.733333	0.0	0.0
1.572300	2.471178758	140.433333	0.0	0.0
1.582000	2.500803825	140.200000	0.0	0.0
1.591800	2.531883202	139.900000	0.0	0.0
1.601600	2.563154511	139.666667	0.0	0.0
1.611300	2.594295730	139.366667	0.0	0.0
1.621100	2.625948946	139.166667	0.0	0.0
1.630900	2.657794095	138.866667	0.0	0.0
1.640600	2.691568360	138.633333	0.0	0.0
1.650400	2.721730353	138.366667	0.0	0.0
1.660200	2.755206488	138.066667	0.0	0.0
1.669900	2.786426528	137.800000	0.0	0.0
1.679700	2.820309549	137.533333	0.0	0.0
1.689500	2.850031930	137.266667	0.0	0.0
1.699200	2.882851900	137.033333	0.0	0.0
1.709000	2.913963620	136.766667	0.0	0.0
1.718800	2.950874164	136.533333	0.0	0.0
1.728500	2.984274498	136.233333	0.0	0.0
1.738300	3.019368549	135.966667	0.0	0.0
1.748000	3.050817226	135.666667	0.0	0.0
1.757800	3.085121367	135.400000	0.0	0.0
1.767600	3.119617293	135.166667	0.0	0.0
1.777300	3.155160685	134.866667	0.0	0.0
1.787100	3.190051612	134.600000	0.0	0.0
1.796900	3.225134399	134.333333	0.0	0.0
1.806600	3.257546910	134.033333	0.0	0.0
1.816400	3.292984247	133.800000	0.0	0.0
1.826200	3.327336138	133.500000	0.0	0.0
1.835900	3.364067570	133.266667	0.0	0.0
1.845700	3.400078086	133.033333	0.0	0.0
1.855500	3.432326426	132.766667	0.0	0.0
1.865200	3.468306583	132.466667	0.0	0.0
1.875000	3.508885613	132.166667	0.0	0.0
1.884800	3.548383460	131.933333	0.0	0.0
1.894500	3.583624958	131.666667	0.0	0.0
1.904300	3.618018097	131.400000	0.0	0.0
1.914100	3.653949828	131.100000	0.0	0.0
1.923800	3.692494361	130.833333	0.0	0.0
1.933600	3.730209938	130.566667	0.0	0.0
1.943400	3.768117153	130.300000	0.0	0.0
1.953100	3.799988597	130.033333	0.0	0.0
1.962900	3.842639860	129.766667	0.0	0.0
1.972700	3.882594984	129.500000	0.0	0.0
1.982400	3.922376197	129.166667	0.0	0.0
1.992200	3.958213401	128.866667	0.0	0.0
2.002000	3.995717843	128.633333	0.0	0.0
2.011700	4.031435958	128.433333	0.0	0.0
2.021500	4.067686661	128.133333	0.0	0.0
2.031300	4.107221616	127.833333	0.0	0.0
2.041000	4.148133034	127.633333	0.0	0.0
2.050800	4.186456833	127.333333	0.0	0.0
2.060500	4.227775371	127.100000	0.0	0.0
2.070300	4.264812060	126.800000	0.0	0.0
2.080100	4.303631669	126.466667	0.0	0.0
2.089800	4.343862967	126.166667	0.0	0.0
2.099600	4.389750074	125.933333	0.0	0.0
2.109400	4.432525234	125.633333	0.0	0.0
2.119100	4.476819347	125.333333	0.0	0.0
2.128900	4.511391573	125.100000	0.0	0.0
2.138700	4.547783052	124.833333	0.0	0.0
2.148400	4.583848838	124.566667	0.0	0.0
2.158200	4.627538526	124.233333	0.0	0.0
2.168000	4.675038830	123.966667	0.0	0.0
2.177700	4.716966250	123.766667	0.0	0.0
2.187500	4.755864326	123.466667	0.0	0.0
2.197300	4.802256777	123.233333	0.0	0.0
2.207000	4.842890687	122.933333	0.0	0.0
2.216800	4.885995083	122.633333	0.0	0.0
2.226600	4.925508537	122.266667	0.0	0.0
2.236300	4.968517162	121.966667	0.0	0.0
2.246100	5.010235914	121.766667	0.0	0.0
2.255900	5.048236453	121.500000	0.0	0.0
2.265600	5.087836407	121.266667	0.0	0.0
2.275400	5.133916973	120.966667	0.0	0.0
2.285200	5.178235099	120.666667	0.0	0.0
2.294900	5.224293071	120.333333	0.0	0.0
2.304700	5.269007341	120.100000	0.0	0.0
2.314500	5.313912149	119.800000	0.0	0.0
2.324200	5.358546376	119.600000	0.0	0.0
2.334000	5.399684314	119.300000	0.0	0.0
2.343800	5.447213948	118.966667	0.0	0.0
2.353500	5.490287310	118.633333	0.0	0.0
2.363300	5.533981589	118.333333	0.0	0.0
2.373000	5.570944217	118.066667	0.0	0.0
2.382800	5.614897718	117.833333	0.0	0.0
2.392600	5.652495129	117.600000	0.0	0.0
2.402300	5.702795732	117.233333	0.0	0.0
2.412100	5.742803424	117.000000	0.0	0.0
2.421900	5.798456646	116.666667	0.0	0.0
2.431600	5.844996688	116.366667	0.0	0.0
2.441400	5.889944653	116.133333	0.0	0.0
2.451200	5.925943356	115.866667	0.0	0.0
2.460900	5.968354340	115.566667	0.0	0.0
2.470700	6.011368673	115.300000	0.0	0.0
2.480500	6.054502498	115.000000	0.0	0.0
2.490200	6.099606112	114.666667	0.0	0.0
2.500000	6.150069411	114.333333	0.0	0.0
2.509800	6.205520718	114.000000	0.0	0.0
2.519500	6.248782263	113.700000	0.0	0.0
2.529300	6.299905303	113.433333	0.0	0.0
2.539100	6.353693746	113.200000	0.0	0.0
2.548800	6.407247745	113.000000	0.0	0.0
2.558600	6.446709854	112.800000	0.0	0.0
2.568400	6.488714350	112.466667	0.0	0.0
2.578100	6.532802334	112.166667	0.0	0.0
2.587900	6.580036679	111.800000	0.0	0.0
2.597700	6.627422462	111.533333	0.0	0.0
2.607400	6.689833707	111.233333	0.0	0.0
2.617200	6.727295271	111.000000	0.0	0.0
2.627000	6.775169200	110.700000	0.0	0.0
2.636700	6.809597435	110.433333	0.0	0.0
2.646500	6.865578386	110.033333	0.0	0.0
2.656300	6.905909953	109.766667	0.0	0.0
2.666000	6.951101394	109.500000	0.0	0.0
2.675800	6.996926290	109.166667	0.0	0.0
2.685500	7.042339860	108.900000	0.0	0.0
2.695300	7.091110004	108.666667	0.0	0.0
2.705100	7.137289544	108.400000	0.0	0.0
2.714800	7.194086925	108.066667	0.0	0.0
2.724600	7.243339443	107.666667	0.0	0.0
2.734400	7.295539683	107.433333	0.0	0.0
2.744100	7.327680656	107.233333	0.0	0.0
2.753900	7.382945549	106.966667	0.0	0.0
2.763700	7.435584791	106.633333	0.0	0.0
2.773400	7.499374167	106.300000	0.0	0.0
2.783200	7.540882344	106.033333	0.0	0.0
2.793000	7.588254208	105.733333	0.0	0.0
2.802700	7.635190789	105.433333	0.0	0.0
2.812500	7.673939935	105.100000	0.0	0.0
2.822300	7.721583132	104.733333	0.0	0.0
2.832000	7.783707332	104.433333	0.0	0.0
2.841800	7.831657503	104.233333	0.0	0.0
2.851600	7.873670060	103.933333	0.0	0.0
2.861300	7.909094957	103.633333	0.0	0.0
2.871100	7.966421940	103.266667	0.0	0.0
2.880900	8.036304188	103.133333	0.0	0.0
2.890600	8.084304505	102.933333	0.0	0.0
2.900400	8.120494183	102.533333	0.0	0.0
2.910200	8.166055729	102.133333	0.0	0.0
2.919900	8.214275971	101.800000	0.0	0.0
2.929700	8.288570494	101.566667	0.0	0.0
2.939500	8.334513654	101.400000	0.0	0.0
2.949200	8.357475596	101.033333	0.0	0.0
2.959000	8.396982801	100.800000	0.0	0.0
2.968800	8.436491683	100.400000	0.0	0.0
2.978500	8.514553439	100.133333	0.0	0.0
2.988300	8.564099866	99.866667	0.0	0.0
2.998000	8.616480782	99.566667	0.0	0.0
3.007800	8.656278953	99.233333	0.0	0.0
3.017600	8.709435531	98.833333	0.0	0.0
3.027300	8.758792849	98.500000	0.0	0.0
3.037100	8.808829085	98.233333	0.0	0.0
3.046900	8.858966681	97.900000	0.0	0.0
3.056600	8.918884727	97.666667	0.0	0.0
3.066400	8.979612845	97.233333	0.0	0.0
3.076200	9.026702632	97.000000	0.0	0.0
3.085900	9.041983223	96.733333	0.0	0.0
3.095700	9.085546756	96.466667	0.0	0.0
3.105500	9.132641304	96.166667	0.0	0.0
3.115200	9.218038868	95.866667	0.0	0.0
3.125000	9.276127514	95.533333	0.0	0.0
3.134800	9.309356808	94.833333	0.0	0.0
3.144500	9.359871034	94.500000	0.0	0.0
3.154300	9.396641512	94.266667	0.0	0.0
3.164100	9.473280602	94.400000	0.0	0.0
3.173800	9.520485844	94.066667	0.0	0.0
3.183600	9.575695456	93.700000	0.0	0.0
3.193400	9.623653443	93.433333	0.0	0.0
3.203100	9.678491245	93.100000	0.0	0.0
3.212900	9.719138040	92.833333	0.0	0.0
3.222700	9.767267712	92.566667	0.0	0.0
3.232400	9.807316617	92.300000	0.0	0.0
3.242200	9.863088642	92.000000	0.0	0.0
3.252000	9.911386389	91.766667	0.0	0.0
3.261700	9.966775912	91.466667	0.0	0.0
3.271500	10.034456377	91.100000	0.0	0.0
3.281300	10.079180214	90.766667	0.0	0.0
3.291000	10.138859339	90.566667	0.0	0.0
3.300800	10.195419218	90.100000	0.0	0.0
3.310500	10.259365866	89.833333	0.0	0.0
3.320300	10.292510471	89.400000	0.0	0.0
3.330100	10.329545597	89.300000	0.0	0.0
3.339800	10.373872852	88.966667	0.0	0.0
3.349600	10.414839042	88.500000	0.0	0.0
3.359400	10.467832606	88.133333	0.0	0.0
3.369100	10.524330308	87.800000	0.0	0.0
3.378900	10.589708632	87.666667	0.0	0.0
3.388700	10.626728344	87.400000	0.0	0.0
3.398400	10.671258904	87.166667	0.0	0.0
3.408200	10.724658636	86.866667	0.0	0.0
3.418000	10.769877994	86.566667	0.0	0.0
3.427700	10.822782788	86.266667	0.0	0.0
3.437500	10.884757227	85.900000	0.0	0.0
3.447300	10.938509762	85.600000	0.0	0.0
3.457000	11.017052671	85.433333	0.0	0.0
3.466800	11.049880359	85.133333	0.0	0.0
3.476600	11.095395437	84.766667	0.0	0.0
3.486300	11.123193999	84.366667	0.0	0.0
3.496100	11.172945820	84.000000	0.0	0.0
3.505900	11.231360884	83.733333	0.0	0.0
3.515600	11.271946313	83.466667	0.0	0.0
3.525400	11.334876702	83.100000	0.0	0.0
3.535200	11.376132554	82.766667	0.0	0.0
3.544900	11.425484976	82.400000	0.0	0.0
3.554700	11.457923238	82.200000	0.0	0.0
3.564500	11.512347883	81.933333	0.0	0.0
3.574200	11.561771118	81.633333	0.0	0.0
3.584000	11.607428094	81.266667	0.0	0.0
3.593800	11.657564008	80.933333	0.0	0.0
3.603500	11.707092580	80.666667	0.0	0.0
3.613300	11.761824875	80.366667	0.0	0.0
3.623000	11.811453233	80.066667	0.0	0.0
3.632800	11.866326976	79.833333	0.0	0.0
3.642600	11.902996334	79.533333	0.0	0.0
3.652300	11.948119380	79.300000	0.0	0.0
3.662100	11.984697184	78.900000	0.0	0.0
3.671900	12.044303493	78.600000	0.0	0.0
3.681600	12.089449793	78.300000	0.0	0.0
3.691400	12.139912293	77.900000	0.0	0.0
3.701200	12.190413588	77.600000	0.0	0.0
3.710900	12.235597139	77.266667	0.0	0.0
3.720700	12.276728227	77.000000	0.0	0.0
3.730500	12.317826671	76.700000	0.0	0.0
3.740200	12.362974831	76.366667	0.0	0.0
3.750000	12.432616442	76.133333	0.0	0.0
3.759800	12.483302283	75.900000	0.0	0.0
3.769500	12.523743435	75.566667	0.0	0.0
3.779300	12.574461677	75.233333	0.0	0.0
3.789100	12.605849976	74.866667	0.0	0.0
3.798800	12.655894873	74.533333	0.0	0.0
3.808600	12.711517299	74.266667	0.0	0.0
3.818400	12.752524778	74.033333	0.0	0.0
3.828100	12.807564401	73.700000	0.0	0.0
3.837900	12.883107852	73.333333	0.0	0.0
3.847700	12.939050463	72.966667	0.0	0.0
3.857400	12.974461817	72.700000	0.0	0.0
3.867200	12.990521902	72.433333	0.0	0.0
3.877000	13.031415793	72.200000	0.0	0.0
3.886700	13.071598726	71.900000	0.0	0.0
3.896500	13.092302398	71.600000	0.0	0.0
3.906300	13.138058377	71.266667	0.0	0.0
3.916000	13.183135005	70.900000	0.0	0.0
3.925800	13.239035337	70.600000	0.0	0.0
3.935500	13.279034527	70.300000	0.0	0.0
3.945300	13.314557319	69.933333	0.0	0.0
3.955100	13.370519155	69.566667	0.0	0.0
3.964800	13.420722691	69.300000	0.0	0.0
3.974600	13.456130481	69.100000	0.0	0.0
3.984400	13.491467645	68.800000	0.0	0.0
3.994100	13.541638049	68.533333	0.0	0.0
4.003900	13.571664372	68.200000	0.0	0.0
4.013700	13.612037919	67.900000	0.0	0.0
4.023400	13.651690167	67.533333	0.0	0.0
4.033200	13.723540986	67.200000	0.0	0.0
4.043000	13.763878048	66.900000	0.0	0.0
4.052700	13.798193980	66.666667	0.0	0.0
4.062500	13.833117991	66.300000	0.0	0.0
4.072300	13.883944276	66.000000	0.0	0.0
4.082000	13.939461630	65.733333	0.0	0.0
4.091800	13.995727004	65.466667	0.0	0.0
4.101600	14.041277060	65.166667	0.0	0.0
4.111300	14.064522856	64.733333	0.0	0.0
4.121100	14.104563138	64.433333	0.0	0.0
4.130900	14.133705254	64.200000	0.0	0.0
4.140600	14.167500030	63.933333	0.0	0.0
4.150400	14.201904093	63.633333	0.0	0.0
4.160200	14.236232956	63.233333	0.0	0.0
4.169900	14.275279282	62.933333	0.0	0.0
4.179700	14.320457379	62.633333	0.0	0.0
4.189500	14.360108551	62.366667	0.0	0.0
4.199200	14.399026120	62.033333	0.0	0.0
4.209000	14.444123226	61.766667	0.0	0.0
4.218800	14.483645105	61.533333	0.0	0.0
4.228500	14.516859376	61.200000	0.0	0.0
4.238300	14.539519525	60.800000	0.0	0.0
4.248000	14.583743461	60.500000	0.0	0.0
4.257800	14.634251529	60.266667	0.0	0.0
4.267600	14.667882183	60.033333	0.0	0.0
4.277300	14.695107141	59.700000	0.0	0.0
4.287100	14.745535910	59.400000	0.0	0.0
4.296900	14.778958398	59.100000	0.0	0.0
4.306600	14.817299937	58.833333	0.0	0.0
4.316400	14.844880334	58.600000	0.0	0.0
4.326200	14.883778079	58.300000	0.0	0.0
4.335900	14.916210886	57.966667	0.0	0.0
4.345700	14.943516843	57.633333	0.0	0.0
4.355500	14.987966124	57.300000	0.0	0.0
4.365200	15.031706696	57.033333	0.0	0.0
4.375000	15.064548318	56.833333	0.0	0.0
4.384800	15.079938769	56.633333	0.0	0.0
4.394500	15.111895356	56.366667	0.0	0.0
4.404300	15.144459801	56.033333	0.0	0.0
4.414100	15.194427298	55.566667	0.0	0.0
4.423800	15.237871326	55.266667	0.0	0.0
4.433600	15.264398083	54.833333	0.0	0.0
4.443400	15.314311904	54.533333	0.0	0.0
4.453100	15.322332969	54.233333	0.0	0.0
4.462900	15.360345279	54.000000	0.0	0.0
4.472700	15.380585641	53.766667	0.0	0.0
4.482400	15.423675716	53.500000	0.0	0.0
4.492200	15.455563141	53.166667	0.0	0.0
4.502000	15.487369074	52.933333	0.0	0.0
4.511700	15.530320848	52.566667	0.0	0.0
4.521500	15.561987794	52.300000	0.0	0.0
4.531300	15.611535904	51.966667	0.0	0.0
4.541000	15.624387589	51.766667	0.0	0.0
4.550800	15.649801456	51.433333	0.0	0.0
4.560500	15.668409740	51.100000	0.0	0.0
4.570300	15.705656109	50.833333	0.0	0.0
4.580100	15.736805867	50.566667	0.0	0.0
4.589800	15.761136244	50.266667	0.0	0.0
4.599600	15.779992675	49.933333	0.0	0.0
4.609400	15.810858853	49.700000	0.0	0.0
4.619100	15.828802573	49.400000	0.0	0.0
4.628900	15.865566995	49.100000	0.0	0.0
4.638700	15.908378144	48.833333	0.0	0.0
4.648400	15.932123040	48.600000	0.0	0.0
4.658200	15.974830621	48.266667	0.0	0.0
4.668000	16.017510895	48.033333	0.0	0.0
4.677700	16.059476981	47.733333	0.0	0.0
4.687500	16.065067752	47.500000	0.0	0.0
4.697300	16.089032508	47.233333	0.0	0.0
4.707000	16.112208131	46.900000	0.0	0.0
4.716800	16.142157869	46.600000	0.0	0.0
4.726600	16.172023656	46.233333	0.0	0.0
4.736300	16.182479770	45.900000	0.0	0.0
4.746100	16.205922924	45.633333	0.0	0.0
4.755900	16.241722849	45.433333	0.0	0.0
4.765600	16.264292427	45.166667	0.0	0.0
4.775400	16.293692285	44.933333	0.0	0.0
4.785200	16.323007799	44.600000	0.0	0.0
4.794900	16.351556840	44.333333	0.0	0.0
4.804700	16.380703597	44.100000	0.0	0.0
4.814500	16.409765771	43.733333	0.0	0.0
4.824200	16.425449954	43.433333	0.0	0.0
4.834000	16.454320746	43.166667	0.0	0.0
4.843800	16.483106793	42.866667	0.0	0.0
4.853500	16.498459737	42.666667	0.0	0.0
4.863300	16.514374198	42.333333	0.0	0.0
4.873000	16.510472016	42.166667	0.0	0.0
4.882800	16.538820681	41.766667	0.0	0.0
4.892600	16.560727914	41.533333	0.0	0.0
4.902300	16.600956163	41.200000	0.0	0.0
4.912100	16.629061229	40.966667	0.0	0.0
4.921900	16.657081275	40.666667	0.0	0.0
4.931600	16.671538812	40.466667	0.0	0.0
4.941400	16.686555161	40.166667	0.0	0.0
4.951200	16.675835642	39.800000	0.0	0.0
4.960900	16.689920919	39.533333	0.0	0.0
4.970700	16.717388631	39.166667	0.0	0.0
4.980500	16.764060605	38.900000	0.0	0.0
4.990200	16.797161727	38.666667	0.0	0.0
5.000000	16.824416407	38.433333	0.0	0.0
5.009800	16.832195893	38.200000	0.0	0.0
5.019500	16.845642655	38.000000	0.0	0.0
5.029300	16.872589914	37.700000	0.0	0.0
5.039100	16.892967785	37.366667	0.0	0.0
5.048800	16.925558220	37.100000	0.0	0.0
5.058600	16.939243566	36.900000	0.0	0.0
5.068400	16.952812726	36.600000	0.0	0.0
5.078100	16.965597701	36.233333	0.0	0.0
5.087900	16.978935836	35.966667	0.0	0.0
5.097700	17.018262332	35.733333	0.0	0.0
5.107400	17.037259734	35.500000	0.0	0.0
5.117200	17.063368993	35.200000	0.0	0.0
5.127000	17.076281346	35.000000	0.0	0.0
5.136700	17.094972422	34.700000	0.0	0.0
5.146500	17.107660412	34.400000	0.0	0.0
5.156300	17.113664790	34.133333	0.0	0.0
5.166000	17.132029111	33.900000	0.0	0.0
5.175800	17.137796142	33.566667	0.0	0.0
5.185500	17.149361054	33.333333	0.0	0.0
5.195300	17.154889625	33.100000	0.0	0.0
5.205100	17.186660117	32.900000	0.0	0.0
5.214800	17.197895817	32.600000	0.0	0.0
5.224600	17.229503350	32.366667	0.0	0.0
5.234400	17.261047509	32.066667	0.0	0.0
5.244100	17.271972162	31.800000	0.0	0.0
5.253900	17.270182945	31.566667	0.0	0.0
5.263700	17.261648077	31.300000	0.0	0.0
5.273400	17.272217427	31.066667	0.0	0.0
5.283200	17.296601106	30.733333	0.0	0.0
5.293000	17.327548428	30.533333	0.0	0.0
5.302700	17.351117412	30.233333	0.0	0.0
5.312500	17.368589575	30.000000	0.0	0.0
5.322300	17.372621907	29.700000	0.0	0.0
5.332000	17.382555104	29.433333	0.0	0.0
5.341800	17.386356518	29.200000	0.0	0.0
5.351600	17.410074257	29.000000	0.0	0.0
5.361300	17.412998091	28.666667	0.0	0.0
5.371100	17.436519899	28.400000	0.0	0.0
5.380900	17.446561358	28.200000	0.0	0.0
5.390600	17.462545361	27.966667	0.0	0.0
5.400400	17.472371582	27.733333	0.0	0.0
5.410200	17.488798478	27.500000	0.0	0.0
5.419900	17.491049975	27.200000	0.0	0.0
5.429700	17.500548863	26.933333	0.0	0.0
5.439500	17.509938828	26.666667	0.0	0.0
5.449200	17.518577116	26.466667	0.0	0.0
5.459000	17.527750743	26.266667	0.0	0.0
5.468800	17.550281310	26.000000	0.0	0.0
5.478500	17.551867510	25.733333	0.0	0.0
5.488300	17.560721362	25.466667	0.0	0.0
5.498000	17.555349136	25.200000	0.0	0.0
5.507800	17.577468302	24.966667	0.0	0.0
5.517600	17.599503900	24.700000	0.0	0.0
5.527300	17.600543302	24.400000	0.0	0.0
5.537100	17.608866485	24.166667	0.0	0.0
5.546900	17.617083235	23.866667	0.0	0.0
5.556600	17.631324388	23.633333	0.0	0.0
5.566400	17.652876768	23.466667	0.0	0.0
5.576200	17.647235616	23.200000	0.0	0.0
5.585900	17.667956170	23.000000	0.0	0.0
5.595700	17.675654837	22.700000	0.0	0.0
5.605500	17.683248382	22.500000	0.0	0.0
5.615200	17.683319433	22.200000	0.0	0.0
5.625000	17.690701458	21.966667	0.0	0.0
5.634800	17.704772280	21.733333	0.0	0.0
5.644500	17.718119294	21.533333	0.0	0.0
5.654300	17.725195240	21.266667	0.0	0.0
5.664100	17.725363812	21.000000	0.0	0.0
5.673800	17.697613757	20.733333	0.0	0.0
5.683600	17.711160193	20.533333	0.0	0.0
5.693400	17.717810839	20.333333	0.0	0.0
5.703100	17.737346092	20.166667	0.0	0.0
5.712900	17.750608450	19.866667	0.0	0.0
5.722700	17.750147207	19.600000	0.0	0.0
5.732400	17.762590677	19.366667	0.0	0.0
5.742200	17.768739880	19.133333	0.0	0.0
5.752000	17.761150246	18.933333	0.0	0.0
5.761700	17.766475585	18.700000	0.0	0.0
5.771500	17.765498569	18.400000	0.0	0.0
5.781300	17.764419170	18.200000	0.0	0.0
5.791000	17.776262843	17.866667	0.0	0.0
5.800800	17.788627908	17.600000	0.0	0.0
5.810500	17.786630279	17.366667	0.0	0.0
5.820300	17.798800727	17.133333	0.0	0.0
5.830100	17.797213402	16.966667	0.0	0.0
5.839800	17.801746577	16.766667	0.0	0.0
5.849600	17.786302438	16.566667	0.0	0.0
5.859400	17.784416749	16.400000	0.0	0.0
5.869100	17.802309693	16.166667	0.0	0.0
5.878900	17.807056875	15.866667	0.0	0.0
5.888700	17.832224625	15.566667	0.0	0.0
5.898400	17.822492548	15.366667	0.0	0.0
5.908200	17.833792529	15.166667	0.0	0.0
5.918000	17.838154522	15.000000	0.0	0.0
5.927700	17.848666103	14.833333	0.0	0.0
5.937500	17.839139923	14.566667	0.0	0.0
5.947300	17.836365327	14.333333	0.0	0.0
5.957000	17.826053278	14.100000	0.0	0.0
5.966800	17.823088440	13.900000	0.0	0.0
5.976600	17.813190577	13.633333	0.0	0.0
5.986300	17.816276944	13.366667	0.0	0.0
5.996100	17.840392341	13.266667	0.0	0.0
6.005900	17.843889572	13.066667	0.0	0.0
6.015600	17.833006505	12.866667	0.0	0.0
6.025400	17.822628976	12.466667	0.0	0.0
6.035200	17.832682068	12.266667	0.0	0.0
6.044900	17.828367384	12.100000	0.0	0.0
6.054700	17.824550732	11.866667	0.0	0.0
6.064500	17.827481760	11.633333	0.0	0.0
6.074200	17.843423158	11.366667	0.0	0.0
6.084000	17.846172126	11.133333	0.0	0.0
6.093800	17.828291496	10.966667	0.0	0.0
6.103500	17.816589117	10.766667	0.0	0.0
6.113300	17.825898001	10.566667	0.0	0.0
6.123000	17.827694592	10.333333	0.0	0.0
6.132800	17.829983331	10.100000	0.0	0.0
6.142600	17.825339255	9.866667	0.0	0.0
6.152300	17.813188992	9.700000	0.0	0.0
6.162100	17.815204710	9.466667	0.0	0.0
6.171900	17.817130527	9.266667	0.0	0.0
6.181600	17.811553450	8.966667	0.0	0.0
6.191400	17.806465626	8.766667	0.0	0.0
6.201200	17.821796352	8.566667	0.0	0.0
6.210900	17.829633129	8.366667	0.0	0.0
6.220700	17.831115579	8.166667	0.0	0.0
6.230500	17.825667471	7.933333	0.0	0.0
6.240200	17.805889954	7.666667	0.0	0.0
6.250000	17.813942029	7.500000	0.0	0.0
6.259800	17.808236537	7.333333	0.0	0.0
6.269500	17.808710748	7.133333	0.0	0.0
6.279300	17.809666957	6.900000	0.0	0.0
6.289100	17.803702718	6.700000	0.0	0.0
6.298800	17.797088946	6.466667	0.0	0.0
6.308600	17.790957269	6.266667	0.0	0.0
6.318400	17.818900364	6.100000	0.0	0.0
6.328100	17.812026544	5.933333	0.0	0.0
6.337900	17.798801725	5.633333	0.0	0.0
6.347700	17.758220868	5.433333	0.0	0.0
6.357400	17.771567761	5.233333	0.0	0.0
6.367200	17.764936115	5.033333	0.0	0.0
6.377000	17.778679490	4.866667	0.0	0.0
6.386700	17.764501842	4.600000	0.0	0.0
6.396500	17.743997806	4.433333	0.0	0.0
6.406300	17.730237156	4.266667	0.0	0.0
6.416000	17.729454655	4.066667	0.0	0.0
6.425800	17.742755794	3.900000	0.0	0.0
6.435500	17.748619921	3.666667	0.0	0.0
6.445300	17.748143845	3.466667	0.0	0.0
6.455100	17.747585721	3.200000	0.0	0.0
6.464800	17.732781148	3.000000	0.0	0.0
6.474600	17.725257479	2.800000	0.0	0.0
6.484400	17.710857722	2.600000	0.0	0.0
6.494100	17.695843837	2.400000	0.0	0.0
6.503900	17.688094251	2.266667	0.0	0.0
6.513700	17.680267775	2.033333	0.0	0.0
6.523400	17.726160825	1.733333	0.0	0.0
6.533200	17.718158135	1.500000	0.0	0.0
6.543000	17.723677565	1.300000	0.0	0.0
6.552700	17.681016815	1.200000	0.0	0.0
6.562500	17.679580918	0.966667	0.0	0.0
6.572300	17.664503080	0.766667	0.0	0.0
6.582000	17.655597624	0.633333	0.0	0.0
6.591800	17.647155430	0.433333	0.0	0.0
6.601600	17.652182653	0.100000	0.0	0.0
6.611300	17.636283133	-0.133333	0.0	0.0
6.621100	17.627617884	-0.300000	0.0	0.0
6.630900	17.625642488	-0.300000	0.0	0.0
6.640600	17.623059553	-0.500000	0.0	0.0
6.650400	17.627695300	-0.733333	0.0	0.0
6.660200	17.618727626	-0.966667	0.0	0.0
6.669900	17.609160238	-1.166667	0.0	0.0
6.679700	17.593297594	-1.300000	0.0	0.0
6.689500	17.597621922	-1.500000	0.0	0.0
6.699200	17.587841930	-1.666667	0.0	0.0
6.709000	17.592014882	-1.866667	0.0	0.0
6.718800	17.582613399	-2.100000	0.0	0.0
6.728500	17.579364865	-2.300000	0.0	0.0
6.738300	17.569821600	-2.500000	0.0	0.0
6.748000	17.579916765	-2.700000	0.0	0.0
6.757800	17.563483983	-2.866667	0.0	0.0
6.767600	17.560465742	-3.066667	0.0	0.0
6.777300	17.550119876	-3.200000	0.0	0.0
6.787100	17.546957713	-3.366667	0.0	0.0
6.796900	17.530262827	-3.533333	0.0	0.0
6.806600	17.519718566	-3.800000	0.0	0.0
6.816400	17.516344131	-3.966667	0.0	0.0
6.826200	17.492747081	-4.166667	0.0	0.0
6.835900	17.495434603	-4.366667	0.0	0.0
6.845700	17.498563297	-4.500000	0.0	0.0
6.855500	17.481482926	-4.700000	0.0	0.0
6.865200	17.457138371	-4.866667	0.0	0.0
6.875000	17.433265261	-5.100000	0.0	0.0
6.884800	17.442791551	-5.300000	0.0	0.0
6.894500	17.431665566	-5.533333	0.0	0.0
6.904300	17.441050549	-5.700000	0.0	0.0
6.914100	17.436981753	-5.900000	0.0	0.0
6.923800	17.412282134	-5.900000	0.0	0.0
6.933600	17.401401750	-6.066667	0.0	0.0
6.943400	17.390458681	-6.266667	0.0	0.0
6.953100	17.398973139	-6.533333	0.0	0.0
6.962900	17.387893944	-6.733333	0.0	0.0
6.972700	17.383422814	-6.933333	0.0	0.0
6.982400	17.378386393	-7.100000	0.0	0.0
6.992200	17.380450032	-7.233333	0.0	0.0
7.002000	17.355783055	-7.433333	0.0	0.0
7.011700	17.337240985	-7.633333	0.0	0.0
7.021500	17.312500556	-7.766667	0.0	0.0
7.031300	17.320931979	-7.966667	0.0	0.0
7.041000	17.322159052	-8.133333	0.0	0.0
7.050800	17.323811851	-8.366667	0.0	0.0
7.060500	17.311614853	-8.566667	0.0	0.0
7.070300	17.306490839	-8.733333	0.0	0.0
7.080100	17.294663516	-8.900000	0.0	0.0
7.089800	17.282290523	-9.100000	0.0	0.0
7.099600	17.276977254	-9.233333	0.0	0.0
7.109400	17.278229292	-9.433333	0.0	0.0
7.119100	17.259048670	-9.566667	0.0	0.0
7.128900	17.246926482	-9.733333	0.0	0.0
7.138700	17.241363018	-9.866667	0.0	0.0
7.148400	17.228641163	-10.066667	0.0	0.0
7.158200	17.249413116	-10.233333	0.0	0.0
7.168000	17.237038830	-10.333333	0.0	0.0
7.177700	17.237354173	-10.533333	0.0	0.0
7.187500	17.205041139	-10.733333	0.0	0.0
7.197300	17.185910440	-10.933333	0.0	0.0
7.207000	17.186035747	-11.133333	0.0	0.0
7.216800	17.173388957	-11.333333	0.0	0.0
7.226600	17.160688185	-11.533333	0.0	0.0
7.236300	17.140880484	-11.666667	0.0	0.0
7.246100	17.121506687	-11.900000	0.0	0.0
7.255900	17.102092224	-12.033333	0.0	0.0
7.265600	17.095283308	-12.233333	0.0	0.0
7.275400	17.102007195	-12.300000	0.0	0.0
7.285200	17.095545289	-12.500000	0.0	0.0
7.294900	17.088555467	-12.666667	0.0	0.0
7.304700	17.068869924	-12.800000	0.0	0.0
7.314500	17.068785543	-12.900000	0.0	0.0
7.324200	17.048534649	-13.100000	0.0	0.0
7.334000	17.035248686	-13.300000	0.0	0.0
7.343800	17.034982105	-13.500000	0.0	0.0
7.353500	17.027655702	-13.633333	0.0	0.0
7.363300	17.007676642	-13.800000	0.0	0.0
7.373000	17.000243207	-14.000000	0.0	0.0
7.382800	16.999737178	-14.000000	0.0	0.0
7.392600	16.986128919	-14.133333	0.0	0.0
7.402300	16.965501335	-14.300000	0.0	0.0
7.412100	16.958308826	-14.600000	0.0	0.0
7.421900	16.977100923	-14.633333	0.0	0.0
7.431600	16.969328308	-14.766667	0.0	0.0
7.441400	16.948943549	-14.966667	0.0	0.0
7.451200	16.909046087	-15.333333	0.0	0.0
7.460900	16.894646334	-15.500000	0.0	0.0
7.470700	16.906586351	-15.700000	0.0	0.0
7.480500	16.886044180	-15.833333	0.0	0.0
7.490200	16.890927392	-15.966667	0.0	0.0
7.500000	16.883242565	-16.100000	0.0	0.0
7.509800	16.862556151	-16.266667	0.0	0.0
7.519500	16.854320985	-16.366667	0.0	0.0
7.529300	16.833556074	-16.533333	0.0	0.0
7.539100	16.832127331	-16.666667	0.0	0.0
7.548800	16.817283228	-16.866667	0.0	0.0
7.558600	16.796394237	-17.066667	0.0	0.0
7.568400	16.788355387	-17.233333	0.0	0.0
7.578100	16.773383004	-17.366667	0.0	0.0
7.587900	16.765243446	-17.466667	0.0	0.0
7.597700	16.750622412	-17.566667	0.0	0.0
7.607400	16.735518458	-17.766667	0.0	0.0
7.617200	16.727230859	-17.966667	0.0	0.0
7.627000	16.725309360	-18.166667	0.0	0.0
7.636700	16.716478480	-18.266667	0.0	0.0
7.646500	16.695216390	-18.433333	0.0	0.0
7.656300	16.680326650	-18.600000	0.0	0.0
7.666000	16.664960803	-18.766667	0.0	0.0
7.675800	16.662773869	-18.900000	0.0	0.0
7.685500	16.653707035	-19.100000	0.0	0.0
7.695300	16.638638168	-19.200000	0.0	0.0
7.705100	16.623529015	-19.333333	0.0	0.0
7.714800	16.607949297	-19.533333	0.0	0.0
7.724600	16.592761325	-19.666667	0.0	0.0
7.734400	16.571173235	-19.800000	0.0	0.0
7.744100	16.574556056	-19.966667	0.0	0.0
7.753900	16.552886027	-20.133333	0.0	0.0
7.763700	16.537536813	-20.300000	0.0	0.0
7.773400	16.534409853	-20.433333	0.0	0.0
7.783200	16.531656804	-20.566667	0.0	0.0
7.793000	16.528851803	-20.766667	0.0	0.0
7.802700	16.506556601	-20.966667	0.0	0.0
7.812500	16.497319829	-21.066667	0.0	0.0
7.822300	16.475386157	-21.200000	0.0	0.0
7.832000	16.465642845	-21.333333	0.0	0.0
7.841800	16.456274515	-21.500000	0.0	0.0
7.851600	16.440549637	-21.633333	0.0	0.0
7.861300	16.430675048	-21.833333	0.0	0.0
7.871100	16.414872989	-22.000000	0.0	0.0
7.880900	16.405329854	-22.166667	0.0	0.0
7.890600	16.395325993	-22.333333	0.0	0.0
7.900400	16.385693513	-22.466667	0.0	0.0
7.910200	16.376016297	-22.600000	0.0	0.0
7.919900	16.365881267	-22.733333	0.0	0.0
7.929700	16.356115966	-22.900000	0.0	0.0
7.939500	16.333765119	-23.066667	0.0	0.0
7.949200	16.317245500	-23.166667	0.0	0.0
7.959000	16.319881817	-23.333333	0.0	0.0
7.968800	16.297432370	-23.500000	0.0	0.0
7.978500	16.293304179	-23.666667	0.0	0.0
7.988300	16.264550532	-23.833333	0.0	0.0
7.998000	16.272819214	-23.900000	0.0	0.0
8.007800	16.256477064	-24.033333	0.0	0.0
8.017600	16.246336246	-24.133333	0.0	0.0
8.027300	16.217067382	-24.266667	0.0	0.0
8.037100	16.206854903	-24.433333	0.0	0.0
8.046900	16.196600692	-24.633333	0.0	0.0
8.056600	16.216990813	-24.766667	0.0	0.0
8.066400	16.212855365	-24.933333	0.0	0.0
8.076200	16.190022935	-25.066667	0.0	0.0
8.085900	16.148173194	-25.200000	0.0	0.0
8.095700	16.131526994	-25.300000	0.0	0.0
8.105500	16.121036214	-25.433333	0.0	0.0
8.115200	16.103926822	-25.566667	0.0	0.0
8.125000	16.087185610	-25.766667	0.0	0.0
8.134800	16.064248977	-25.866667	0.0	0.0
8.144500	16.077882679	-26.033333	0.0	0.0
8.154300	16.067193989	-26.166667	0.0	0.0
8.164100	16.056466022	-26.366667	0.0	0.0
8.173800	16.045306372	-26.466667	0.0	0.0
8.183600	16.046812841	-26.600000	0.0	0.0
8.193400	16.042115853	-26.766667	0.0	0.0
8.203100	16.024679235	-26.933333	0.0	0.0
8.212900	15.989187786	-27.066667	0.0	0.0
8.222700	15.972107499	-27.200000	0.0	0.0
8.232400	15.948490889	-27.266667	0.0	0.0
8.242200	15.949716349	-27.400000	0.0	0.0
8.252000	15.950896802	-27.500000	0.0	0.0
8.261700	15.951646184	-27.700000	0.0	0.0
8.271500	15.928267776	-27.800000	0.0	0.0
8.281300	15.892676216	-27.966667	0.0	0.0
8.291000	15.875003521	-28.133333	0.0	0.0
8.300800	15.869865040	-28.266667	0.0	0.0
8.310500	15.858215223	-28.433333	0.0	0.0
8.320300	15.834753412	-28.600000	0.0	0.0
8.330100	15.817351409	-28.700000	0.0	0.0
8.339800	15.811677153	-28.833333	0.0	0.0
8.349600	15.800276035	-28.933333	0.0	0.0
8.359400	15.776725903	-29.100000	0.0	0.0
8.369100	15.770937633	-29.300000	0.0	0.0
8.378900	15.771536832	-29.400000	0.0	0.0
8.388700	15.784203078	-29.500000	0.0	0.0
8.398400	15.766178681	-29.566667	0.0	0.0
8.408200	15.748507447	-29.766667	0.0	0.0
8.418000	15.724777516	-29.900000	0.0	0.0
8.427700	15.718754655	-29.966667	0.0	0.0
8.437500	15.701009330	-30.166667	0.0	0.0
8.447300	15.689261546	-30.300000	0.0	0.0
8.457000	15.677109599	-30.433333	0.0	0.0
8.466800	15.659285260	-30.533333	0.0	0.0
8.476600	15.641439277	-30.700000	0.0	0.0
8.486300	15.629200442	-30.833333	0.0	0.0
8.496100	15.623292519	-31.000000	0.0	0.0
8.505900	15.611353044	-31.100000	0.0	0.0
8.515600	15.593029718	-31.200000	0.0	0.0
8.525400	15.581031154	-31.333333	0.0	0.0
8.535200	15.586935475	-31.433333	0.0	0.0
8.544900	15.568519053	-31.566667	0.0	0.0
8.554700	15.544481305	-31.700000	0.0	0.0
8.564500	15.580116259	-31.866667	0.0	0.0
8.574200	15.561587025	-31.966667	0.0	0.0
8.584000	15.567280514	-32.066667	0.0	0.0
8.593800	15.507334370	-32.266667	0.0	0.0
8.603500	15.506614587	-32.433333	0.0	0.0
8.613300	15.494318574	-32.600000	0.0	0.0
8.623000	15.457886193	-32.733333	0.0	0.0
8.632800	15.445549337	-32.800000	0.0	0.0
8.642600	15.427260984	-32.900000	0.0	0.0
8.652300	15.420429561	-33.000000	0.0	0.0
8.662100	15.408004134	-33.133333	0.0	0.0
8.671900	15.407370364	-33.333333	0.0	0.0
8.681600	15.394522079	-33.466667	0.0	0.0
8.691400	15.382000061	-33.600000	0.0	0.0
8.701200	15.369449148	-33.733333	0.0	0.0
8.710900	15.350624781	-33.833333	0.0	0.0
8.720700	15.332137071	-33.966667	0.0	0.0
8.730500	15.313632950	-34.100000	0.0	0.0
8.740200	15.306506299	-34.200000	0.0	0.0
8.750000	15.305567584	-34.333333	0.0	0.0
8.759800	15.298718303	-34.433333	0.0	0.0
8.769500	15.273890221	-34.566667	0.0	0.0
8.779300	15.266979158	-34.633333	0.0	0.0
8.789100	15.236626145	-34.866667	0.0	0.0
8.798800	15.229309950	-35.000000	0.0	0.0
8.808600	15.210626821	-35.233333	0.0	0.0
8.818400	15.203593716	-35.233333	0.0	0.0
8.828100	15.196182057	-35.333333	0.0	0.0
8.837900	15.200743586	-35.500000	0.0	0.0
8.847700	15.193603095	-35.666667	0.0	0.0
8.857400	15.174434512	-35.766667	0.0	0.0
8.867200	15.149780535	-35.833333	0.0	0.0
8.877000	15.142553140	-35.966667	0.0	0.0
8.886700	15.146572643	-36.100000	0.0	0.0
8.896500	15.110251729	-36.200000	0.0	0.0
8.906300	15.102933367	-36.300000	0.0	0.0
8.916000	15.066306086	-36.400000	0.0	0.0
8.925800	15.053158557	-36.533333	0.0	0.0
8.935500	15.033879039	-36.666667	0.0	0.0
8.945300	15.032221056	-36.733333	0.0	0.0
8.955100	15.018995245	-36.900000	0.0	0.0
8.964800	15.011170009	-37.033333	0.0	0.0
8.974600	15.003648076	-37.166667	0.0	0.0
8.984400	15.007608495	-37.266667	0.0	0.0
8.994100	14.982424246	-37.400000	0.0	0.0
9.003900	14.957579710	-37.566667	0.0	0.0
9.013700	14.944206693	-37.666667	0.0	0.0
9.023400	14.936210287	-37.800000	0.0	0.0
9.033200	14.917060520	-37.933333	0.0	0.0
9.043000	14.903618613	-38.066667	0.0	0.0
9.052700	14.895540162	-38.166667	0.0	0.0
9.062500	14.893474945	-38.266667	0.0	0.0
9.072300	14.868533618	-38.366667	0.0	0.0
9.082000	14.854669550	-38.533333	0.0	0.0
9.091800	14.835416627	-38.600000	0.0	0.0
9.101600	14.838915332	-38.700000	0.0	0.0
9.111300	14.830667322	-38.833333	0.0	0.0
9.121100	14.817027981	-38.966667	0.0	0.0
9.130900	14.792009361	-39.100000	0.0	0.0
9.140600	14.783686415	-39.266667	0.0	0.0
9.150400	14.775657822	-39.366667	0.0	0.0
9.160200	14.761933524	-39.433333	0.0	0.0
9.169900	14.742207936	-39.533333	0.0	0.0
9.179700	14.739756532	-39.700000	0.0	0.0
9.189500	14.714666750	-39.833333	0.0	0.0
9.199200	14.711833074	-39.933333	0.0	0.0
9.209000	14.692361742	-40.033333	0.0	0.0
9.218800	14.678514954	-40.133333	0.0	0.0
9.228500	14.658703701	-40.233333	0.0	0.0
9.238300	14.650444079	-40.333333	0.0	0.0
9.248000	14.647459600	-40.500000	0.0	0.0
9.257800	14.644759881	-40.666667	0.0	0.0
9.267600	14.642027846	-40.766667	0.0	0.0
9.277300	14.622103979	-40.833333	0.0	0.0
9.287100	14.602489763	-40.900000	0.0	0.0
9.296900	14.577274073	-41.066667	0.0	0.0
9.306600	14.557342380	-41.233333	0.0	0.0
9.316400	14.543298568	-41.333333	0.0	0.0
9.326200	14.534813021	-41.433333	0.0	0.0
9.335900	14.514844328	-41.533333	0.0	0.0
9.345700	14.511879777	-41.733333	0.0	0.0
9.355500	14.508883924	-41.766667	0.0	0.0
9.365200	14.499981437	-41.933333	0.0	0.0
9.375000	14.485802269	-42.033333	0.0	0.0
9.384800	14.460502234	-42.133333	0.0	0.0
9.394500	14.445991052	-42.266667	0.0	0.0
9.404300	14.431770578	-42.366667	0.0	0.0
9.414100	14.417532790	-42.433333	0.0	0.0
9.423800	14.408500563	-42.566667	0.0	0.0
9.433600	14.394223720	-42.700000	0.0	0.0
9.443400	14.379929986	-42.833333	0.0	0.0
9.453100	14.359803738	-42.933333	0.0	0.0
9.462900	14.356497556	-43.066667	0.0	0.0
9.472700	14.353161347	-43.133333	0.0	0.0
9.482400	14.338483122	-43.166667	0.0	0.0
9.492200	14.324091737	-43.300000	0.0	0.0
9.502000	14.293219137	-43.433333	0.0	0.0
9.511700	14.283992767	-43.566667	0.0	0.0
9.521500	14.253146318	-43.766667	0.0	0.0
9.531300	14.255122221	-43.900000	0.0	0.0
9.541000	14.240365132	-43.966667	0.0	0.0
9.550800	14.242279405	-43.933333	0.0	0.0
9.560500	14.222017597	-44.066667	0.0	0.0
9.570300	14.212956831	-44.233333	0.0	0.0
9.580100	14.198422158	-44.333333	0.0	0.0
9.589800	14.189021050	-44.433333	0.0	0.0
9.599600	14.179892578	-44.533333	0.0	0.0
9.609400	14.165303261	-44.633333	0.0	0.0
9.619100	14.155836765	-44.766667	0.0	0.0
9.628900	14.130364109	-44.900000	0.0	0.0
9.638700	14.126576529	-44.966667	0.0	0.0
9.648400	14.106218285	-45.100000	0.0	0.0
9.658200	14.102379219	-45.233333	0.0	0.0
9.668000	14.082289996	-45.333333	0.0	0.0
9.677700	14.083512292	-45.400000	0.0	0.0
9.687500	14.068790559	-45.500000	0.0	0.0
9.697300	14.059449928	-45.600000	0.0	0.0
9.707000	14.033631201	-45.766667	0.0	0.0
9.716800	14.018875997	-45.900000	0.0	0.0
9.726600	13.993363389	-46.033333	0.0	0.0
9.736300	13.983671967	-46.133333	0.0	0.0
9.746100	13.979610126	-46.233333	0.0	0.0
9.755900	13.970158928	-46.333333	0.0	0.0
9.765600	13.944336778	-46.433333	0.0	0.0
9.775400	13.934853525	-46.433333	0.0	0.0
9.785200	13.930693806	-46.600000	0.0	0.0
9.794900	13.926223033	-46.666667	0.0	0.0
9.804700	13.905991290	-46.766667	0.0	0.0
9.814500	13.880433359	-46.866667	0.0	0.0
9.824200	13.870572619	-47.000000	0.0	0.0
9.834000	13.866294122	-47.166667	0.0	0.0
9.843800	13.861989413	-47.200000	0.0	0.0
9.853500	13.857377301	-47.333333	0.0	0.0
9.863300	13.847705500	-47.466667	0.0	0.0
9.873000	13.837732812	-47.566667	0.0	0.0
9.882800	13.812109513	-47.633333	0.0	0.0
9.892600	13.797092145	-47.700000	0.0	0.0
9.902300	13.776497757	-47.833333	0.0	0.0
9.912100	13.766747587	-47.933333	0.0	0.0
9.921900	13.751699000	-48.066667	0.0	0.0
9.931600	13.731092927	-48.166667	0.0	0.0
9.941400	13.721294846	-48.233333	0.0	0.0
9.951200	13.716740093	-48.366667	0.0	0.0
9.960900	13.701364715	-48.466667	0.0	0.0
9.970700	13.686255144	-48.600000	0.0	0.0
9.980500	13.676383320	-48.666667	0.0	0.0
9.990200	13.666218669	-48.833333	0.0	0.0
10.000000	13.661550757	-48.900000	0.0	0.0
10.009800	13.667344257	-49.000000	0.0	0.0
10.019500	13.646630498	-49.066667	0.0	0.0
10.029300	13.626194316	-49.166667	0.0	0.0
10.039100	13.610985163	-49.266667	0.0	0.0
10.048800	13.600714949	-49.366667	0.0	0.0
10.058600	13.590697387	-49.533333	0.0	0.0
10.068400	13.575450649	-49.633333	0.0	0.0
10.078100	13.559926224	-49.700000	0.0	0.0
10.087900	13.539466030	-49.833333	0.0	0.0
10.097700	13.529391399	-49.933333	0.0	0.0
10.107400	13.508659028	-50.000000	0.0	0.0
10.117200	13.503738027	-50.100000	0.0	0.0
10.127000	13.493614128	-50.233333	0.0	0.0
10.136700	13.493559252	-50.300000	0.0	0.0
10.146500	13.478219332	-50.400000	0.0	0.0
10.156300	13.473208836	-50.533333	0.0	0.0
10.166000	13.452413579	-50.666667	0.0	0.0
10.175800	13.442203271	-50.733333	0.0	0.0
10.185500	13.431712053	-50.800000	0.0	0.0
10.195300	13.416318274	-50.933333	0.0	0.0
10.205100	13.395775568	-51.000000	0.0	0.0
10.214800	13.385247388	-51.100000	0.0	0.0
10.224600	13.380098800	-51.200000	0.0	0.0
10.234400	13.364665921	-51.333333	0.0	0.0
10.244100	13.343843871	-51.400000	0.0	0.0
10.253900	13.333520166	-51.533333	0.0	0.0
10.263700	13.312958113	-51.666667	0.0	0.0
10.273400	13.312564629	-51.800000	0.0	0.0
10.283200	13.297088680	-51.866667	0.0	0.0
10.293000	13.296906417	-51.900000	0.0	0.0
10.302700	13.281142646	-52.000000	0.0	0.0
10.312500	13.275816975	-52.066667	0.0	0.0
10.322300	13.255200070	-52.166667	0.0	0.0
10.332000	13.239414979	-52.333333	0.0	0.0
10.341800	13.223881111	-52.433333	0.0	0.0
10.351600	13.223557170	-52.566667	0.0	0.0
10.361300	13.217880772	-52.600000	0.0	0.0
10.371100	13.197235816	-52.666667	0.0	0.0
10.380900	13.186716870	-52.833333	0.0	0.0
10.390600	13.165820189	-52.900000	0.0	0.0
10.400400	13.150232113	-53.000000	0.0	0.0
10.410200	13.139680740	-53.100000	0.0	0.0
10.419900	13.133901919	-53.166667	0.0	0.0
10.429700	13.118282117	-53.266667	0.0	0.0
10.439500	13.112718276	-53.266667	0.0	0.0
10.449200	13.086778450	-53.366667	0.0	0.0
10.459000	13.081182138	-53.500000	0.0	0.0
10.468800	13.065533242	-53.633333	0.0	0.0
10.478500	13.069678427	-53.700000	0.0	0.0
10.488300	13.053997812	-53.833333	0.0	0.0
10.498000	13.038064851	-53.900000	0.0	0.0
10.507800	13.022376961	-54.000000	0.0	0.0
10.517600	13.006685320	-54.100000	0.0	0.0
10.527300	13.000717819	-54.200000	0.0	0.0
10.537100	12.994977642	-54.300000	0.0	0.0
10.546900	12.979251760	-54.366667	0.0	0.0
10.556600	12.963276927	-54.533333	0.0	0.0
10.566400	12.942577111	-54.633333	0.0	0.0
10.576200	12.941739182	-54.733333	0.0	0.0
10.585900	12.935669396	-54.766667	0.0	0.0
10.595700	12.934787757	-54.866667	0.0	0.0
10.605500	12.919001935	-54.966667	0.0	0.0
10.615200	12.902970237	-55.066667	0.0	0.0
10.625000	12.887179494	-55.233333	0.0	0.0
10.634800	12.871386175	-55.233333	0.0	0.0
10.644500	12.845485777	-54.800000	0.0	0.0
10.654300	12.834624762	-54.900000	0.0	0.0
10.664100	12.804081146	-55.000000	0.0	0.0
10.673800	12.802794912	-55.633333	0.0	0.0
10.683600	12.796815412	-55.733333	0.0	0.0
10.693400	12.805551633	-55.866667	0.0	0.0
10.703100	12.784561388	-55.933333	0.0	0.0
10.712900	12.763822870	-56.000000	0.0	0.0
10.722700	12.752881109	-56.100000	0.0	0.0
10.732400	12.756367856	-56.200000	0.0	0.0
10.742200	12.755176359	-56.333333	0.0	0.0
10.752000	12.749070169	-56.400000	0.0	0.0
10.761700	12.737819655	-56.500000	0.0	0.0
10.771500	12.707273330	-56.633333	0.0	0.0
10.781300	12.681645098	-56.733333	0.0	0.0
10.791000	12.670392010	-56.833333	0.0	0.0
10.800800	12.673945887	-56.833333	0.0	0.0
10.810500	12.667518938	-56.900000	0.0	0.0
10.820300	12.651594703	-57.000000	0.0	0.0
10.830100	12.640519805	-57.100000	0.0	0.0
10.839800	12.638897893	-57.233333	0.0	0.0
10.849600	12.622947833	-57.333333	0.0	0.0
10.859400	12.611836372	-57.366667	0.0	0.0
10.869100	12.590814791	-57.466667	0.0	0.0
10.878900	12.579690881	-57.500000	0.0	0.0
10.888700	12.558913378	-57.633333	0.0	0.0
10.898400	12.542732320	-57.766667	0.0	0.0
10.908200	12.526781938	-57.800000	0.0	0.0
10.918000	12.515633775	-57.866667	0.0	0.0
10.927700	12.513847577	-57.900000	0.0	0.0
10.937500	12.507469871	-58.000000	0.0	0.0
10.947300	12.501075343	-58.166667	0.0	0.0
10.957000	12.484849840	-58.200000	0.0	0.0
10.966800	12.473639262	-58.366667	0.0	0.0
10.976600	12.462418847	-58.433333	0.0	0.0
10.986300	12.455741160	-58.533333	0.0	0.0
10.996100	12.439722568	-58.633333	0.0	0.0
11.005900	12.428473528	-58.700000	0.0	0.0
11.015600	12.402702164	-58.766667	0.0	0.0
11.025400	12.396203842	-58.900000	0.0	0.0
11.035200	12.399202437	-59.000000	0.0	0.0
11.044900	12.397199106	-59.100000	0.0	0.0
11.054700	12.371639483	-59.133333	0.0	0.0
11.064500	12.355592780	-59.266667	0.0	0.0
11.074200	12.339324682	-59.333333	0.0	0.0
11.084000	12.328011596	-59.366667	0.0	0.0
11.093800	12.321417237	-59.433333	0.0	0.0
11.103500	12.314585370	-59.566667	0.0	0.0
11.113300	12.307960004	-59.666667	0.0	0.0
11.123000	12.291660068	-59.766667	0.0	0.0
11.132800	12.275583576	-59.766667	0.0	0.0
11.142600	12.268922245	-59.833333	0.0	0.0
11.152300	12.262025655	-59.933333	0.0	0.0
11.162100	12.255333987	-60.100000	0.0	0.0
11.171900	12.234533450	-60.233333	0.0	0.0
11.181600	12.222908790	-60.333333	0.0	0.0
11.191400	12.202125953	-60.300000	0.0	0.0
11.201200	12.195392157	-60.366667	0.0	0.0
11.210900	12.169730405	-60.600000	0.0	0.0
11.220700	12.158310648	-60.733333	0.0	0.0
11.230500	12.151545509	-60.833333	0.0	0.0
11.240200	12.153874410	-60.833333	0.0	0.0
11.250000	12.142414243	-60.933333	0.0	0.0
11.259800	12.126291941	-61.033333	0.0	0.0
11.269500	12.119256087	-61.066667	0.0	0.0
11.279300	12.098484223	-61.133333	0.0	0.0
11.289100	12.082365617	-61.133333	0.0	0.0
11.298800	12.066036717	-61.233333	0.0	0.0
11.308600	12.059177443	-61.300000	0.0	0.0
11.318400	12.047679610	-61.500000	0.0	0.0
11.328100	12.031344110	-61.600000	0.0	0.0
11.337900	12.024450653	-61.733333	0.0	0.0
11.347700	12.040624840	-61.700000	0.0	0.0
11.357400	12.033478229	-61.733333	0.0	0.0
11.367200	12.031146151	-61.833333	0.0	0.0
11.377000	12.005737667	-62.000000	0.0	0.0
11.386700	11.993955245	-62.066667	0.0	0.0
11.396500	11.986976567	-62.133333	0.0	0.0
11.406300	11.970792782	-62.300000	0.0	0.0
11.416000	11.949816973	-62.333333	0.0	0.0
11.425800	11.938228916	-62.433333	0.0	0.0
11.435500	11.921849905	-62.533333	0.0	0.0
11.445300	11.910254129	-62.566667	0.0	0.0
11.455100	11.894086784	-62.633333	0.0	0.0
11.464800	11.882275911	-62.700000	0.0	0.0
11.474600	11.870666675	-62.800000	0.0	0.0
11.484400	11.868157132	-62.933333	0.0	0.0
11.494100	11.860871727	-63.000000	0.0	0.0
11.503900	11.858329921	-63.066667	0.0	0.0
11.513700	11.846675302	-63.133333	0.0	0.0
11.523400	11.830268679	-63.233333	0.0	0.0
11.533200	11.818607594	-63.400000	0.0	0.0
11.543000	11.811472904	-63.466667	0.0	0.0
11.552700	11.804121150	-63.600000	0.0	0.0
11.562500	11.796961394	-63.633333	0.0	0.0
11.572300	11.776223356	-63.666667	0.0	0.0
11.582000	11.759814048	-63.766667	0.0	0.0
11.591800	11.748121394	-63.900000	0.0	0.0
11.601600	11.740928471	-64.000000	0.0	0.0
11.611300	11.733521102	-63.966667	0.0	0.0
11.621100	11.775909968	-63.933333	0.0	0.0
11.630900	11.764134384	-64.000000	0.0	0.0
11.640600	11.747642780	-64.100000	0.0	0.0
11.650400	11.672978161	-64.366667	0.0	0.0
11.660200	11.661256084	-64.433333	0.0	0.0
11.669900	11.658274295	-64.533333	0.0	0.0
11.679700	11.659950560	-64.566667	0.0	0.0
11.689500	11.643723145	-64.666667	0.0	0.0
11.699200	11.631766196	-64.766667	0.0	0.0
11.709000	11.611088769	-64.800000	0.0	0.0
11.718800	11.594880707	-64.900000	0.0	0.0
11.728500	11.587371857	-65.000000	0.0	0.0
11.738300	11.588940759	-65.066667	0.0	0.0
11.748000	11.581403932	-65.166667	0.0	0.0
11.757800	11.569612244	-65.233333	0.0	0.0
11.767600	11.553381879	-65.300000	0.0	0.0
11.777300	11.541390683	-65.366667	0.0	0.0
11.787100	11.538444605	-65.400000	0.0	0.0
11.796900	11.522210258	-65.500000	0.0	0.0
11.806600	11.514622375	-65.600000	0.0	0.0
11.816400	11.498389993	-65.733333	0.0	0.0
11.826200	11.490980968	-65.800000	0.0	0.0
11.835900	11.478960843	-65.866667	0.0	0.0
11.845700	11.471533014	-65.966667	0.0	0.0
11.855500	11.455298657	-66.066667	0.0	0.0
11.865200	11.438878827	-66.066667	0.0	0.0
11.875000	11.422659646	-66.066667	0.0	0.0
11.884800	11.432742504	-66.133333	0.0	0.0
11.894500	11.425074692	-66.333333	0.0	0.0
11.904300	11.408828698	-66.400000	0.0	0.0
11.914100	11.401337856	-66.466667	0.0	0.0
11.923800	11.389273772	-66.533333	0.0	0.0
11.933600	11.390504329	-66.600000	0.0	0.0
11.943400	11.378611999	-66.666667	0.0	0.0
11.953100	11.370889496	-66.800000	0.0	0.0
11.962900	11.354628898	-66.900000	0.0	0.0
11.972700	11.342728434	-67.000000	0.0	0.0
11.982400	11.317598766	-67.133333	0.0	0.0
11.992200	11.310046549	-67.200000	0.0	0.0
12.002000	11.293812627	-67.233333	0.0	0.0
12.011700	11.290390257	-67.233333	0.0	0.0
12.021500	11.287141984	-67.300000	0.0	0.0
12.031300	11.275222274	-67.366667	0.0	0.0
12.041000	11.263113125	-67.433333	0.0	0.0
12.050800	11.251189106	-67.566667	0.0	0.0
12.060500	11.234764139	-67.700000	0.0	0.0
12.070300	11.227148371	-67.766667	0.0	0.0
12.080100	11.236758803	-67.766667	0.0	0.0
12.089800	11.228926339	-67.833333	0.0	0.0
12.099600	11.216964872	-67.900000	0.0	0.0
12.109400	11.183521670	-68.033333	0.0	0.0
12.119100	11.171394918	-68.133333	0.0	0.0
12.128900	11.159451032	-68.166667	0.0	0.0
12.138700	11.164630554	-68.233333	0.0	0.0
12.148400	11.156761938	-68.300000	0.0	0.0
12.158200	11.153347486	-68.366667	0.0	0.0
12.168000	11.132816962	-68.466667	0.0	0.0
12.177700	11.124927989	-68.533333	0.0	0.0
12.187500	11.112947366	-68.633333	0.0	0.0
12.197300	11.113753108	-68.666667	0.0	0.0
12.207000	11.097314371	-68.700000	0.0	0.0
12.216800	11.085320694	-68.833333	0.0	0.0
12.226600	11.064829899	-68.900000	0.0	0.0
12.236300	11.052662250	-69.033333	0.0	0.0
12.246100	11.032203638	-69.133333	0.0	0.0
12.255900	11.020223881	-69.200000	0.0	0.0
12.265600	11.016515804	-69.233333	0.0	0.0
12.275400	11.008749056	-69.266667	0.0	0.0
12.285200	10.992533441	-69.366667	0.0	0.0
12.294900	10.980362255	-69.466667	0.0	0.0
12.304700	10.972579244	-69.533333	0.0	0.0
12.314500	10.964787839	-69.633333	0.0	0.0
12.324200	10.952606254	-69.700000	0.0	0.0
12.334000	10.949002498	-69.800000	0.0	0.0
12.343800	10.945386108	-69.900000	0.0	0.0
12.353500	10.937381795	-69.933333	0.0	0.0
12.363300	10.916970801	-70.000000	0.0	0.0
12.373000	10.904774583	-70.100000	0.0	0.0
12.382800	10.905302503	-70.166667	0.0	0.0
12.392600	10.901632328	-70.233333	0.0	0.0
12.402300	10.881058151	-70.333333	0.0	0.0
12.412100	10.873195543	-70.366667	0.0	0.0
12.421900	10.865325070	-70.400000	0.0	0.0
12.431600	10.861439537	-70.500000	0.0	0.0
12.441400	10.845223498	-70.533333	0.0	0.0
12.451200	10.824863240	-70.566667	0.0	0.0
12.460900	10.812650238	-70.600000	0.0	0.0
12.470700	10.808904098	-70.700000	0.0	0.0
12.480500	10.801000078	-70.800000	0.0	0.0
12.490200	10.788774566	-70.866667	0.0	0.0
12.500000	10.776722320	-70.966667	0.0	0.0
12.509800	10.764670304	-71.033333	0.0	0.0
12.519500	10.760702772	-71.133333	0.0	0.0
12.529300	10.752768177	-71.233333	0.0	0.0
12.539100	10.744826285	-71.266667	0.0	0.0
12.548800	10.740827176	-71.333333	0.0	0.0
12.558600	10.724633413	-71.466667	0.0	0.0
12.568400	10.712561333	-71.566667	0.0	0.0
12.578100	10.700319687	-71.600000	0.0	0.0
12.587900	10.696455818	-71.633333	0.0	0.0
12.597700	10.700790392	-71.766667	0.0	0.0
12.607400	10.688523855	-71.833333	0.0	0.0
12.617200	10.676427974	-71.933333	0.0	0.0
12.627000	10.656150878	-71.933333	0.0	0.0
12.636700	10.647983037	-72.000000	0.0	0.0
12.646500	10.635894726	-72.100000	0.0	0.0
12.656300	10.627885199	-72.233333	0.0	0.0
12.666000	10.611553485	-72.266667	0.0	0.0
12.675800	10.595401615	-72.300000	0.0	0.0
12.685500	10.583155548	-72.333333	0.0	0.0
12.695300	10.575135387	-72.433333	0.0	0.0
12.705100	10.571164767	-72.533333	0.0	0.0
12.714800	10.562962382	-72.600000	0.0	0.0
12.724600	10.550870150	-72.633333	0.0	0.0
12.734400	10.534735629	-72.666667	0.0	0.0
12.744100	10.530565034	-72.766667	0.0	0.0
12.753900	10.526548965	-72.833333	0.0	0.0
12.763700	10.510414472	-72.900000	0.0	0.0
12.773400	10.490101525	-72.933333	0.0	0.0
12.783200	10.473998342	-73.100000	0.0	0.0
12.793000	10.473973396	-73.200000	0.0	0.0
12.802700	10.461721100	-73.300000	0.0	0.0
12.812500	10.453645221	-73.366667	0.0	0.0
12.822300	10.449572756	-73.366667	0.0	0.0
12.832000	10.457359425	-73.433333	0.0	0.0
12.841800	10.433222527	-73.566667	0.0	0.0
12.851600	10.417121584	-73.700000	0.0	0.0
12.861300	10.396880937	-73.733333	0.0	0.0
12.871100	10.404742318	-73.733333	0.0	0.0
12.880900	10.392636816	-73.766667	0.0	0.0
12.890600	10.388342616	-73.866667	0.0	0.0
12.900400	10.368271314	-74.000000	0.0	0.0
12.910200	10.364124161	-74.033333	0.0	0.0
12.919900	10.355831398	-74.066667	0.0	0.0
12.929700	10.359613748	-74.133333	0.0	0.0
12.939500	10.347489392	-74.233333	0.0	0.0
12.949200	10.331242219	-74.266667	0.0	0.0
12.959000	10.323088401	-74.333333	0.0	0.0
12.968800	10.310971479	-74.400000	0.0	0.0
12.978500	10.306605890	-74.400000	0.0	0.0
12.988300	10.298436352	-74.500000	0.0	0.0
12.998000	10.290103237	-74.566667	0.0	0.0
13.007800	10.281923502	-74.700000	0.0	0.0
13.017600	10.269796670	-74.833333	0.0	0.0
13.027300	10.265390991	-74.900000	0.0	0.0
13.037100	10.241462839	-74.966667	0.0	0.0
13.046900	10.237203442	-75.000000	0.0	0.0
13.056600	10.224926590	-75.066667	0.0	0.0
13.066400	10.224574211	-75.066667	0.0	0.0
13.076200	10.212446058	-75.166667	0.0	0.0
13.085900	10.196251230	-75.233333	0.0	0.0
13.095700	10.188042981	-75.266667	0.0	0.0
13.105500	10.207213282	-75.433333	0.0	0.0
13.115200	10.194904662	-75.500000	0.0	0.0
13.125000	10.174942356	-75.566667	0.0	0.0
13.134800	10.139431259	-75.533333	0.0	0.0
13.144500	10.138837011	-75.600000	0.0	0.0
13.154300	10.122834841	-75.633333	0.0	0.0
13.164100	10.114606978	-75.766667	0.0	0.0
13.173800	10.117863088	-75.766667	0.0	0.0
13.183600	10.117379382	-75.900000	0.0	0.0
13.193400	10.105243727	-75.933333	0.0	0.0
13.203100	10.085214942	-76.033333	0.0	0.0
13.212900	10.073095766	-76.133333	0.0	0.0
13.222700	10.068705136	-76.200000	0.0	0.0
13.232400	10.068016252	-76.233333	0.0	0.0
13.242200	10.059744542	-76.266667	0.0	0.0
13.252000	10.043756791	-76.366667	0.0	0.0
13.261700	10.027632253	-76.400000	0.0	0.0
13.271500	10.015516624	-76.500000	0.0	0.0
13.281300	10.007244409	-76.500000	0.0	0.0
13.291000	9.998817677	-76.566667	0.0	0.0
13.300800	10.002046278	-76.633333	0.0	0.0
13.310500	9.989768087	-76.766667	0.0	0.0
13.320300	9.989137984	-76.900000	0.0	0.0
13.330100	9.973175960	-76.966667	0.0	0.0
13.339800	9.968549507	-77.000000	0.0	0.0
13.349600	9.952598991	-77.066667	0.0	0.0
13.359400	9.936663287	-77.133333	0.0	0.0
13.369100	9.916787571	-77.233333	0.0	0.0
13.378900	9.927521020	-77.300000	0.0	0.0
13.388700	9.930630454	-77.366667	0.0	0.0
13.398400	9.925960557	-77.400000	0.0	0.0
13.408200	9.902411250	-77.400000	0.0	0.0
13.418000	9.894083588	-77.466667	0.0	0.0
13.427700	9.885605140	-77.566667	0.0	0.0
13.437500	9.869692481	-77.666667	0.0	0.0
13.447300	9.850014147	-77.700000	0.0	0.0
13.457000	9.837766375	-77.733333	0.0	0.0
13.466800	9.840764088	-77.833333	0.0	0.0
13.476600	9.839975334	-77.866667	0.0	0.0
13.486300	9.831481488	-77.966667	0.0	0.0
13.496100	9.819361338	-78.033333	0.0	0.0
13.505900	9.803482839	-78.100000	0.0	0.0
13.515600	9.802510744	-78.133333	0.0	0.0
13.525400	9.794153409	-78.233333	0.0	0.0
13.535200	9.785792925	-78.300000	0.0	0.0
13.544900	9.792305169	-78.266667	0.0	0.0
13.554700	9.780171865	-78.333333	0.0	0.0
13.564500	9.760549009	-78.400000	0.0	0.0
13.574200	9.737074378	-78.600000	0.0	0.0
13.584000	9.728711970	-78.566667	0.0	0.0
13.593800	9.731544033	-78.633333	0.0	0.0
13.603500	9.715563365	-78.733333	0.0	0.0
13.613300	9.710915250	-78.800000	0.0	0.0
13.623000	9.706116802	-78.833333	0.0	0.0
13.632800	9.690290429	-78.966667	0.0	0.0
13.642600	9.689342143	-79.033333	0.0	0.0
13.652300	9.680808875	-79.133333	0.0	0.0
13.662100	9.679841653	-79.200000	0.0	0.0
13.671900	9.667727776	-79.200000	0.0	0.0
13.681600	9.655477990	-79.300000	0.0	0.0
13.691400	9.647076390	-79.300000	0.0	0.0
13.701200	9.634973957	-79.400000	0.0	0.0
13.710900	9.626430064	-79.466667	0.0	0.0
13.720700	9.621716078	-79.600000	0.0	0.0
13.730500	9.616994588	-79.633333	0.0	0.0
13.740200	9.608437626	-79.600000	0.0	0.0
13.750000	9.600018346	-79.733333	0.0	0.0
13.759800	9.576884349	-79.766667	0.0	0.0
13.769500	9.557324696	-79.833333	0.0	0.0
13.779300	9.548921239	-79.866667	0.0	0.0
13.789100	9.555171998	-79.900000	0.0	0.0
13.798800	9.542949817	-80.000000	0.0	0.0
13.808600	9.530871893	-80.066667	0.0	0.0
13.818400	9.526108419	-80.200000	0.0	0.0
13.828100	9.528510636	-80.233333	0.0	0.0
13.837900	9.527384861	-80.233333	0.0	0.0
13.847700	9.515288474	-80.233333	0.0	0.0
13.857400	9.506708404	-80.333333	0.0	0.0
13.867200	9.458252236	-80.466667	0.0	0.0
13.877000	9.449841188	-80.533333	0.0	0.0
13.886700	9.448541467	-80.600000	0.0	0.0
13.896500	9.469147106	-80.633333	0.0	0.0
13.906300	9.457068215	-80.700000	0.0	0.0
13.916000	9.441235705	-80.800000	0.0	0.0
13.925800	9.440035784	-80.800000	0.0	0.0
13.935500	9.424213392	-80.900000	0.0	0.0
13.945300	9.415767434	-80.900000	0.0	0.0
13.955100	9.407319753	-80.966667	0.0	0.0
13.964800	9.398735774	-81.000000	0.0	0.0
13.974600	9.383080412	-81.133333	0.0	0.0
13.984400	9.374634451	-81.133333	0.0	0.0
13.994100	9.369648081	-81.233333	0.0	0.0
14.003900	9.357604126	-81.300000	0.0	0.0
14.013700	9.356332176	-81.333333	0.0	0.0
14.023400	9.344153780	-81.400000	0.0	0.0
14.033200	9.339280719	-81.533333	0.0	0.0
14.043000	9.327239426	-81.600000	0.0	0.0
14.052700	9.322224337	-81.633333	0.0	0.0
14.062500	9.313760605	-81.700000	0.0	0.0
14.072300	9.301725165	-81.733333	0.0	0.0
14.082000	9.286000014	-81.800000	0.0	0.0
14.091800	9.273982560	-81.866667	0.0	0.0
14.101600	9.272641080	-81.966667	0.0	0.0
14.111300	9.271159437	-82.000000	0.0	0.0
14.121100	9.276918126	-82.100000	0.0	0.0
14.130900	9.264876745	-82.100000	0.0	0.0
14.140600	9.256262766	-82.133333	0.0	0.0
14.150400	9.244230513	-82.233333	0.0	0.0
14.160200	9.228662735	-82.333333	0.0	0.0
14.169900	9.212982312	-82.366667	0.0	0.0
14.179700	9.204511652	-82.333333	0.0	0.0
14.189500	9.199569782	-82.333333	0.0	0.0
14.199200	9.205083933	-82.466667	0.0	0.0
14.209000	9.193065657	-82.500000	0.0	0.0
14.218800	9.195158599	-82.566667	0.0	0.0
14.228500	9.172440497	-82.633333	0.0	0.0
14.238300	9.170991238	-82.633333	0.0	0.0
14.248000	9.165886594	-82.766667	0.0	0.0
14.257800	9.150363990	-82.833333	0.0	0.0
14.267600	9.141872998	-82.900000	0.0	0.0
14.277300	9.129748983	-82.900000	0.0	0.0
14.287100	9.138778873	-83.000000	0.0	0.0
14.296900	9.137283342	-83.133333	0.0	0.0
14.306600	9.128642576	-83.233333	0.0	0.0
14.316400	9.102645889	-83.233333	0.0	0.0
14.326200	9.101130735	-83.333333	0.0	0.0
14.335900	9.092498941	-83.366667	0.0	0.0
14.345700	9.090968559	-83.433333	0.0	0.0
14.355500	9.058090325	-83.466667	0.0	0.0
14.365200	9.035593556	-83.433333	0.0	0.0
14.375000	9.030581298	-83.500000	0.0	0.0
14.384800	9.029027783	-83.566667	0.0	0.0
14.394500	9.034272127	-83.700000	0.0	0.0
14.404300	9.032701305	-83.800000	0.0	0.0
14.414100	9.020730914	-83.900000	0.0	0.0
14.423800	9.019020700	-83.933333	0.0	0.0
14.433600	9.010509128	-83.966667	0.0	0.0
14.443400	9.008909229	-84.000000	0.0	0.0
14.453100	9.000266070	-84.000000	0.0	0.0
14.462900	8.984848670	-84.066667	0.0	0.0
14.472700	8.969449445	-84.100000	0.0	0.0
14.482400	8.957381610	-84.233333	0.0	0.0
14.492200	8.955750194	-84.333333	0.0	0.0
14.502000	8.943808016	-84.366667	0.0	0.0
14.511700	8.938608510	-84.466667	0.0	0.0
14.521500	8.926672978	-84.533333	0.0	0.0
14.531300	8.925014653	-84.533333	0.0	0.0
14.541000	8.909538637	-84.533333	0.0	0.0
14.550800	8.894203791	-84.566667	0.0	0.0
14.560500	8.878765327	-84.666667	0.0	0.0
14.570300	8.880491191	-84.733333	0.0	0.0
14.580100	8.885618683	-84.733333	0.0	0.0
14.589800	8.887207980	-84.800000	0.0	0.0
14.599600	8.871871597	-84.866667	0.0	0.0
14.609400	8.853155522	-84.933333	0.0	0.0
14.619100	8.841133336	-84.933333	0.0	0.0
14.628900	8.832629407	-85.000000	0.0	0.0
14.638700	8.827512771	-85.066667	0.0	0.0
14.648400	8.822270737	-85.133333	0.0	0.0
14.658200	8.820528740	-85.200000	0.0	0.0
14.668000	8.801873769	-85.233333	0.0	0.0
14.677700	8.793248508	-85.333333	0.0	0.0
14.687500	8.774635656	-85.433333	0.0	0.0
14.697300	8.772871836	-85.500000	0.0	0.0
14.707000	8.767615952	-85.566667	0.0	0.0
14.716800	8.765838044	-85.566667	0.0	0.0
14.726600	8.767416699	-85.600000	0.0	0.0
14.736300	8.762141087	-85.666667	0.0	0.0
14.746100	8.756979831	-85.700000	0.0	0.0
14.755900	8.745099196	-85.766667	0.0	0.0
14.765600	8.726408349	-85.866667	0.0	0.0
14.775400	8.721245138	-85.933333	0.0	0.0
14.785200	8.706048334	-85.900000	0.0	0.0
14.794900	8.704103933	-85.933333	0.0	0.0
14.804700	8.692256952	-85.966667	0.0	0.0
14.814500	8.690417945	-86.133333	0.0	0.0
14.824200	8.675127463	-86.200000	0.0	0.0
14.834000	8.676606117	-86.233333	0.0	0.0
14.843800	8.671419333	-86.366667	0.0	0.0
14.853500	8.666111407	-86.433333	0.0	0.0
14.863300	8.637680861	-86.466667	0.0	0.0
14.873000	8.629066632	-86.566667	0.0	0.0
14.882800	8.610650420	-86.566667	0.0	0.0
14.892600	8.615378920	-86.700000	0.0	0.0
14.902300	8.606764845	-86.666667	0.0	0.0
14.912100	8.608172239	-86.766667	0.0	0.0
14.921900	8.612877105	-86.833333	0.0	0.0
14.931600	8.610850074	-86.933333	0.0	0.0
14.941400	8.602326426	-86.933333	0.0	0.0
14.951200	8.590506459	-86.966667	0.0	0.0
14.960900	8.578580682	-86.966667	0.0	0.0
14.970700	8.576647253	-87.066667	0.0	0.0
14.980500	8.564840596	-87.133333	0.0	0.0
14.990200	8.562781351	-87.233333	0.0	0.0
15.000000	8.554261417	-87.233333	0.0	0.0
15.009800	8.545742665	-87.333333	0.0	0.0
15.019500	8.533835829	-87.366667	0.0	0.0
15.029300	8.522051878	-87.433333	0.0	0.0
15.039100	8.510276963	-87.433333	0.0	0.0
15.048800	8.504923420	-87.400000	0.0	0.0
15.058600	8.499679070	-87.466667	0.0	0.0
15.068400	8.487913544	-87.566667	0.0	0.0
15.078100	8.476044704	-87.666667	0.0	0.0
15.087900	8.461049983	-87.700000	0.0	0.0
15.097700	8.459049822	-87.766667	0.0	0.0
15.107400	8.450442606	-87.833333	0.0	0.0
15.117200	8.438709777	-87.900000	0.0	0.0
15.127000	8.433456590	-87.900000	0.0	0.0
15.136700	8.418390626	-87.966667	0.0	0.0
15.146500	8.413136044	-88.066667	0.0	0.0
15.156300	8.401426894	-88.133333	0.0	0.0
15.166000	8.399280852	-88.200000	0.0	0.0
15.175800	8.387577039	-88.200000	0.0	0.0
15.185500	8.375772235	-88.266667	0.0	0.0
15.195300	8.364087308	-88.333333	0.0	0.0
15.205100	8.358824907	-88.366667	0.0	0.0
15.214800	8.347040021	-88.366667	0.0	0.0
15.224600	8.341774564	-88.433333	0.0	0.0
15.234400	8.330109472	-88.533333	0.0	0.0
15.244100	8.321537567	-88.600000	0.0	0.0
15.253900	8.309887097	-88.633333	0.0	0.0
15.263700	8.301431269	-88.666667	0.0	0.0
15.273400	8.289686721	-88.700000	0.0	0.0
15.283200	8.274884225	-88.800000	0.0	0.0
15.293000	8.269616638	-88.866667	0.0	0.0
15.302700	8.248395219	-89.033333	0.0	0.0
15.312500	8.243131032	-89.033333	0.0	0.0
15.322300	8.222071628	-89.133333	0.0	0.0
15.332000	8.219857485	-89.100000	0.0	0.0
15.341800	8.198844200	-89.166667	0.0	0.0
15.351600	8.203023553	-89.200000	0.0	0.0
15.361300	8.191358654	-89.266667	0.0	0.0
15.371100	8.179810249	-89.266667	0.0	0.0
15.380900	8.158872827	-89.333333	0.0	0.0
15.390600	8.147251110	-89.400000	0.0	0.0
15.400400	8.141991953	-89.566667	0.0	0.0
15.410200	8.133607614	-89.600000	0.0	0.0
15.419900	8.122002420	-89.633333	0.0	0.0
15.429700	8.104289834	-89.566667	0.0	0.0
15.439500	8.092818436	-89.633333	0.0	0.0
15.449200	8.078151446	-89.733333	0.0	0.0
15.459000	8.060515072	-89.833333	0.0	0.0
15.468800	8.045997910	-89.833333	0.0	0.0
15.478500	8.034479427	-89.833333	0.0	0.0
15.488300	8.023074732	-89.900000	0.0	0.0
15.498000	8.011576422	-89.966667	0.0	0.0
15.507800	7.994053482	-90.100000	0.0	0.0
15.517600	7.979624203	-90.166667	0.0	0.0
15.527300	7.952894501	-90.200000	0.0	0.0
15.537100	7.941574028	-90.233333	0.0	0.0
15.546900	7.921138560	-90.300000	0.0	0.0
15.556600	7.909749021	-90.366667	0.0	0.0
15.566400	7.895440628	-90.400000	0.0	0.0
15.576200	7.887203201	-90.433333	0.0	0.0
15.585900	7.875843981	-90.466667	0.0	0.0
15.595700	7.861578312	-90.500000	0.0	0.0
15.605500	7.838302910	-90.600000	0.0	0.0
15.615200	7.823992680	-90.666667	0.0	0.0
15.625000	7.803810569	-90.666667	0.0	0.0
15.634800	7.792640841	-90.733333	0.0	0.0
15.644500	7.775411368	-90.833333	0.0	0.0
15.654300	7.755336353	-90.800000	0.0	0.0
15.664100	7.735307106	-90.833333	0.0	0.0
15.673800	7.709305718	-90.833333	0.0	0.0
15.683600	7.710067521	-90.933333	0.0	0.0
15.693400	7.701951073	-90.966667	0.0	0.0
15.703100	7.693739178	-91.033333	0.0	0.0
15.712900	7.679731324	-91.133333	0.0	0.0
15.722700	7.656922577	-91.233333	0.0	0.0
15.732400	7.631149466	-91.300000	0.0	0.0
15.742200	7.593887950	-91.300000	0.0	0.0
15.752000	7.568411546	-91.266667	0.0	0.0
15.761700	7.545814319	-91.300000	0.0	0.0
15.771500	7.514717645	-91.333333	0.0	0.0
15.781300	7.500995154	-91.366667	0.0	0.0
15.791000	7.475712662	-91.466667	0.0	0.0
15.800800	7.470645902	-91.433333	0.0	0.0
15.810500	7.451171207	-91.533333	0.0	0.0
15.820300	7.420436099	-91.533333	0.0	0.0
15.830100	7.389822098	-91.633333	0.0	0.0
15.839800	7.359235837	-91.666667	0.0	0.0
15.849600	7.348577509	-91.800000	0.0	0.0
15.859400	7.343563238	-91.800000	0.0	0.0
15.869100	7.324386617	-91.900000	0.0	0.0
15.878900	7.296940876	-91.900000	0.0	0.0
15.888700	7.255656769	-91.933333	0.0	0.0
15.898400	7.236693389	-91.966667	0.0	0.0
15.908200	7.220635431	-92.100000	0.0	0.0
15.918000	7.193556639	-92.200000	0.0	0.0
15.927700	7.166483977	-92.200000	0.0	0.0
15.937500	7.131382466	-92.233333	0.0	0.0
15.947300	7.112806517	-92.233333	0.0	0.0
15.957000	7.096907696	-92.433333	0.0	0.0
15.966800	7.067553489	-92.466667	0.0	0.0
15.976600	7.030216897	-92.500000	0.0	0.0
15.986300	6.998354172	-92.466667	0.0	0.0
15.996100	6.972067038	-92.533333	0.0	0.0
16.005900	6.945873429	-92.533333	0.0	0.0
16.015600	6.917031609	-92.633333	0.0	0.0
16.025400	6.891034491	-92.700000	0.0	0.0
16.035200	6.867765042	-92.800000	0.0	0.0
16.044900	6.841857576	-92.900000	0.0	0.0
16.054700	6.795233574	-93.033333	0.0	0.0
16.064500	6.764480135	-93.066667	0.0	0.0
16.074200	6.736361762	-93.066667	0.0	0.0
16.084000	6.726484238	-93.033333	0.0	0.0
16.093800	6.708887870	-93.166667	0.0	0.0
16.103500	6.678422469	-93.200000	0.0	0.0
16.113300	6.640523519	-93.200000	0.0	0.0
16.123000	6.590095497	-93.233333	0.0	0.0
16.132800	6.560236553	-93.300000	0.0	0.0
16.142600	6.530508076	-93.366667	0.0	0.0
16.152300	6.508317698	-93.466667	0.0	0.0
16.162100	6.476329141	-93.566667	0.0	0.0
16.171900	6.439548637	-93.633333	0.0	0.0
16.181600	6.410269024	-93.533333	0.0	0.0
16.191400	6.383646122	-93.533333	0.0	0.0
16.201200	6.352251727	-93.633333	0.0	0.0
16.210900	6.294302150	-93.733333	0.0	0.0
16.220700	6.270553116	-93.733333	0.0	0.0
16.230500	6.237307155	-93.766667	0.0	0.0
16.240200	6.225621978	-93.733333	0.0	0.0
16.250000	6.187854083	-93.800000	0.0	0.0
16.259800	6.152671556	-93.833333	0.0	0.0
16.269500	6.110570314	-93.900000	0.0	0.0
16.279300	6.068827404	-94.000000	0.0	0.0
16.289100	6.038941821	-94.100000	0.0	0.0
16.298800	6.013739264	-94.133333	0.0	0.0
16.308600	5.984116344	-94.166667	0.0	0.0
16.318400	5.947783460	-94.133333	0.0	0.0
16.328100	5.902526828	-94.233333	0.0	0.0
16.337900	5.862179788	-94.300000	0.0	0.0
16.347700	5.817637437	-94.400000	0.0	0.0
16.357400	5.788888898	-94.433333	0.0	0.0
16.367200	5.749306282	-94.733333	0.0	0.0
16.377000	5.720957191	-94.733333	0.0	0.0
16.386700	5.681761581	-94.766667	0.0	0.0
16.396500	5.651568208	-94.533333	0.0	0.0
16.406300	5.615062965	-94.566667	0.0	0.0
16.416000	5.578721573	-94.566667	0.0	0.0
16.425800	5.542679004	-94.700000	0.0	0.0
16.435500	5.506798364	-94.766667	0.0	0.0
16.445300	5.469113473	-94.766667	0.0	0.0
16.455100	5.433767499	-94.833333	0.0	0.0
16.464800	5.398580553	-94.866667	0.0	0.0
16.474600	5.347240993	-95.033333	0.0	0.0
16.484400	5.302487116	-95.133333	0.0	0.0
16.494100	5.264097362	-95.233333	0.0	0.0
16.503900	5.248153154	-95.200000	0.0	0.0
16.513700	5.218216751	-95.233333	0.0	0.0
16.523400	5.172480152	-95.200000	0.0	0.0
16.533200	5.119338405	-95.266667	0.0	0.0
16.543000	5.082318439	-95.300000	0.0	0.0
16.552700	5.049375727	-95.366667	0.0	0.0
16.562500	5.012854692	-95.400000	0.0	0.0
16.572300	4.967054284	-95.433333	0.0	0.0
16.582000	4.931062286	-95.433333	0.0	0.0
16.591800	4.897265785	-95.533333	0.0	0.0
16.601600	4.854373908	-95.633333	0.0	0.0
16.611300	4.806259807	-95.666667	0.0	0.0
16.621100	4.762330425	-95.600000	0.0	0.0
16.630900	4.726048466	-95.666667	0.0	0.0
16.640600	4.688183794	-95.800000	0.0	0.0
16.650400	4.643541620	-95.866667	0.0	0.0
16.660200	4.604619567	-95.800000	0.0	0.0
16.669900	4.569471670	-95.866667	0.0	0.0
16.679700	4.531164234	-95.933333	0.0	0.0
16.689500	4.493174841	-95.966667	0.0	0.0
16.699200	4.448613399	-96.033333	0.0	0.0
16.709000	4.411310064	-96.133333	0.0	0.0
16.718800	4.362581350	-96.100000	0.0	0.0
16.728500	4.319306286	-96.166667	0.0	0.0
16.738300	4.284722449	-96.200000	0.0	0.0
16.748000	4.250361846	-96.400000	0.0	0.0
16.757800	4.216324285	-96.333333	0.0	0.0
16.767600	4.168135322	-96.333333	0.0	0.0
16.777300	4.126775156	-96.400000	0.0	0.0
16.787100	4.074910005	-96.166667	0.0	0.0
16.796900	4.040715498	-96.200000	0.0	0.0
16.806600	4.000611642	-96.300000	0.0	0.0
16.816400	3.971605086	-96.666667	0.0	0.0
16.826200	3.935247879	-96.666667	0.0	0.0
16.835900	3.891699886	-96.600000	0.0	0.0
16.845700	3.850154208	-96.766667	0.0	0.0
16.855500	3.807587974	-96.833333	0.0	0.0
16.865200	3.769782767	-96.933333	0.0	0.0
16.875000	3.730962606	-96.933333	0.0	0.0
16.884800	3.671344809	-96.733333	0.0	0.0
16.894500	3.632096286	-96.800000	0.0	0.0
16.904300	3.591928775	-96.966667	0.0	0.0
16.914100	3.569969079	-97.233333	0.0	0.0
16.923800	3.530442170	-97.200000	0.0	0.0
16.933600	3.491391848	-97.200000	0.0	0.0
16.943400	3.458075420	-97.200000	0.0	0.0
16.953100	3.419780626	-97.266667	0.0	0.0
16.962900	3.383245688	-97.266667	0.0	0.0
16.972700	3.339400721	-97.300000	0.0	0.0
16.982400	3.298613752	-97.333333	0.0	0.0
16.992200	3.255861250	-97.400000	0.0	0.0
17.002000	3.223542178	-97.400000	0.0	0.0
17.011700	3.189055646	-97.500000	0.0	0.0
17.021500	3.153762549	-97.533333	0.0	0.0
17.031300	3.114074019	-97.733333	0.0	0.0
17.041000	3.072487700	-97.633333	0.0	0.0
17.050800	3.007157586	-97.433333	0.0	0.0
17.060500	2.960171299	-97.300000	0.0	0.0
17.070300	2.926278393	-97.500000	0.0	0.0
17.080100	2.916178820	-97.800000	0.0	0.0
17.089800	2.888288873	-97.966667	0.0	0.0
17.099600	2.853022758	-97.900000	0.0	0.0
17.109400	2.813862637	-98.000000	0.0	0.0
17.119100	2.776271007	-98.000000	0.0	0.0
17.128900	2.744472907	-98.100000	0.0	0.0
17.138700	2.707836390	-98.066667	0.0	0.0
17.148400	2.670630946	-98.300000	0.0	0.0
17.158200	2.630934998	-98.400000	0.0	0.0
17.168000	2.599796826	-98.400000	0.0	0.0
17.177700	2.564070886	-98.300000	0.0	0.0
17.187500	2.533720794	-98.266667	0.0	0.0
17.197300	2.499887902	-98.300000	0.0	0.0
17.207000	2.465530148	-98.433333	0.0	0.0
17.216800	2.429805639	-98.433333	0.0	0.0
17.226600	2.392759995	-98.633333	0.0	0.0
17.236300	2.358059480	-98.600000	0.0	0.0
17.246100	2.322996025	-98.666667	0.0	0.0
17.255900	2.294608320	-98.666667	0.0	0.0
17.265600	2.263931855	-98.766667	0.0	0.0
17.275400	2.233689952	-98.933333	0.0	0.0
17.285200	2.197094910	-98.966667	0.0	0.0
17.294900	2.155275426	-98.933333	0.0	0.0
17.304700	2.124034089	-98.833333	0.0	0.0
17.314500	2.094047729	-98.900000	0.0	0.0
17.324200	2.068424680	-98.966667	0.0	0.0
17.334000	2.036092876	-99.133333	0.0	0.0
17.343800	2.006573999	-99.033333	0.0	0.0
17.353500	1.973668275	-99.075333	0.0	0.0
17.363300	1.945798531	-99.117333	0.0	0.0
17.373000	1.915356586	-99.159333	0.0	0.0
17.382800	1.888307857	-99.201333	0.0	0.0
17.392600	1.855933246	-99.243333	0.0	0.0
17.402300	1.824791723	-99.285333	0.0	0.0
17.412100	1.797638271	-99.327333	0.0	0.0
17.421900	1.767492989	-99.369333	0.0	0.0
17.431600	1.737165397	-99.411333	0.0	0.0
17.441400	1.709343525	-99.453333	0.0	0.0
17.451200	1.681966177	-99.495333	0.0	0.0
17.460900	1.651200901	-99.537333	0.0	0.0
17.470700	1.624129342	-99.579333	0.0	0.0
17.480500	1.596274961	-99.621333	0.0	0.0
17.490200	1.572496007	-99.663333	0.0	0.0
17.500000	1.544339444	-99.705333	0.0	0.0
17.509800	1.518433247	-99.747333	0.0	0.0
17.519500	1.493516694	-99.789333	0.0	0.0
17.529300	1.467334563	-99.831333	0.0	0.0
17.539100	1.441610517	-99.873333	0.0	0.0
17.548800	1.411978820	-99.915333	0.0	0.0
17.558600	1.387755969	-99.957333	0.0	0.0
17.568400	1.366567502	-99.999333	0.0	0.0
17.578100	1.342591402	-100.041333	0.0	0.0
17.587900	1.318544046	-100.083333	0.0	0.0
17.597700	1.292444252	-100.125333	0.0	0.0
17.607400	1.268792086	-100.167333	0.0	0.0
17.617200	1.243675568	-100.209333	0.0	0.0
17.627000	1.223273241	-100.251333	0.0	0.0
17.636700	1.201806795	-100.293333	0.0	0.0
17.646500	1.179371135	-100.335333	0.0	0.0
17.656300	1.154691757	-100.377333	0.0	0.0
17.666000	1.130949255	-100.419333	0.0	0.0
17.675800	1.111539305	-100.461333	0.0	0.0
17.685500	1.090355249	-100.503333	0.0	0.0
17.695300	1.070818486	-100.545333	0.0	0.0
17.705100	1.046799327	-100.587333	0.0	0.0
17.714800	1.026453249	-100.629333	0.0	0.0
17.724600	1.006513380	-100.671333	0.0	0.0
17.734400	0.991515862	-100.713333	0.0	0.0
17.744100	0.970006444	-100.755333	0.0	0.0
17.753900	0.949702407	-100.797333	0.0	0.0
17.763700	0.927684272	-100.839333	0.0	0.0
17.773400	0.912447103	-100.881333	0.0	0.0
17.783200	0.892318353	-100.923333	0.0	0.0
17.793000	0.870626117	-100.965333	0.0	0.0
17.802700	0.851736150	-101.007333	0.0	0.0
17.812500	0.835185774	-101.049333	0.0	0.0
17.822300	0.818014182	-101.091333	0.0	0.0
17.832000	0.800878763	-101.133333	0.0	0.0
17.841800	0.783509019	-101.175333	0.0	0.0
17.851600	0.767693083	-101.217333	0.0	0.0
17.861300	0.748731543	-101.259333	0.0	0.0
17.871100	0.732491467	-101.301333	0.0	0.0
17.880900	0.717428704	-101.343333	0.0	0.0
17.890600	0.703746873	-101.385333	0.0	0.0
17.900400	0.687425236	-101.427333	0.0	0.0
17.910200	0.673029661	-101.469333	0.0	0.0
17.919900	0.656655869	-101.511333	0.0	0.0
17.929700	0.642903879	-101.553333	0.0	0.0
17.939500	0.627028579	-101.595333	0.0	0.0
17.949200	0.612947851	-101.637333	0.0	0.0
17.959000	0.599189647	-101.679333	0.0	0.0
17.968800	0.586189655	-101.721333	0.0	0.0
17.978500	0.573025007	-101.763333	0.0	0.0
17.988300	0.558230520	-101.805333	0.0	0.0
17.998000	0.544647057	-101.847333	0.0	0.0
18.007800	0.533647711	-101.889333	0.0	0.0
18.017600	0.520467819	-101.931333	0.0	0.0
18.027300	0.499874948	-101.973333	0.0	0.0
18.037100	0.486594011	-102.015333	0.0	0.0
18.046900	0.474757561	-102.057333	0.0	0.0
18.056600	0.470910768	-102.099333	0.0	0.0
18.066400	0.457519817	-102.141333	0.0	0.0
18.076200	0.447075574	-102.183333	0.0	0.0
18.085900	0.436194565	-102.225333	0.0	0.0
18.095700	0.425582840	-102.267333	0.0	0.0
18.105500	0.415229033	-102.309333	0.0	0.0
18.115200	0.404501000	-102.351333	0.0	0.0
18.125000	0.393903068	-102.393333	0.0	0.0
18.134800	0.383729812	-102.435333	0.0	0.0
18.144500	0.374245577	-102.477333	0.0	0.0
18.154300	0.365560292	-102.519333	0.0	0.0
18.164100	0.354754382	-102.561333	0.0	0.0
18.173800	0.345057514	-102.603333	0.0	0.0
18.183600	0.335500423	-102.645333	0.0	0.0
18.193400	0.328469011	-102.687333	0.0	0.0
18.203100	0.319490079	-102.729333	0.0	0.0
18.212900	0.310164108	-102.771333	0.0	0.0
18.222700	0.301688520	-102.813333	0.0	0.0
18.232400	0.294343430	-102.855333	0.0	0.0
18.242200	0.286519659	-102.897333	0.0	0.0
18.252000	0.278262225	-102.939333	0.0	0.0
18.261700	0.269928707	-102.981333	0.0	0.0
18.271500	0.261847484	-103.023333	0.0	0.0
18.281300	0.253813169	-103.065333	0.0	0.0
18.291000	0.246495067	-103.107333	0.0	0.0
18.300800	0.240587735	-103.149333	0.0	0.0
18.310500	0.233113312	-103.191333	0.0	0.0
18.320300	0.226567961	-103.233333	0.0	0.0
18.330100	0.219447010	-103.275333	0.0	0.0
18.339800	0.213856534	-103.317333	0.0	0.0
18.349600	0.207453072	-103.359333	0.0	0.0
18.359400	0.201241232	-103.401333	0.0	0.0
18.369100	0.195438036	-103.443333	0.0	0.0
18.378900	0.189877001	-103.485333	0.0	0.0
18.388700	0.184474095	-103.527333	0.0	0.0
18.398400	0.179016659	-103.569333	0.0	0.0
18.408200	0.173123483	-103.611333	0.0	0.0
18.418000	0.168261570	-103.653333	0.0	0.0
18.427700	0.163033030	-103.695333	0.0	0.0
18.437500	0.157544798	-103.737333	0.0	0.0
18.447300	0.152650754	-103.779333	0.0	0.0
18.457000	0.147623520	-103.821333	0.0	0.0
18.466800	0.143863280	-103.863333	0.0	0.0
18.476600	0.138860091	-103.905333	0.0	0.0
18.486300	0.134596364	-103.947333	0.0	0.0
18.496100	0.130966533	-103.989333	0.0	0.0
18.505900	0.126751689	-104.031333	0.0	0.0
18.515600	0.122671096	-104.073333	0.0	0.0
18.525400	0.118677536	-104.115333	0.0	0.0
18.535200	0.115388152	-104.157333	0.0	0.0
18.544900	0.111202784	-104.199333	0.0	0.0
18.554700	0.106759830	-104.241333	0.0	0.0
18.564500	0.102848946	-104.283333	0.0	0.0
18.574200	0.099805292	-104.325333	0.0	0.0
18.584000	0.096555806	-104.367333	0.0	0.0
18.593800	0.093412066	-104.409333	0.0	0.0
18.603500	0.090196424	-104.451333	0.0	0.0
18.613300	0.087192692	-104.493333	0.0	0.0
18.623000	0.083965192	-104.535333	0.0	0.0
18.632800	0.080733958	-104.577333	0.0	0.0
18.642600	0.077776124	-104.619333	0.0	0.0
18.652300	0.075012122	-104.661333	0.0	0.0
18.662100	0.072681022	-104.703333	0.0	0.0
18.671900	0.070368295	-104.745333	0.0	0.0
18.681600	0.067893491	-104.787333	0.0	0.0
18.691400	0.065682599	-104.829333	0.0	0.0
18.701200	0.063130459	-104.871333	0.0	0.0
18.710900	0.060746700	-104.913333	0.0	0.0
18.720700	0.058296726	-104.955333	0.0	0.0
18.730500	0.056160643	-104.997333	0.0	0.0
18.740200	0.054143764	-105.039333	0.0	0.0
18.750000	0.052059806	-105.081333	0.0	0.0
18.759800	0.050056031	-105.123333	0.0	0.0
18.769500	0.048332442	-105.165333	0.0	0.0
18.779300	0.046365200	-105.207333	0.0	0.0
18.789100	0.044478004	-105.249333	0.0	0.0
18.798800	0.042471108	-105.291333	0.0	0.0
18.808600	0.040914722	-105.333333	0.0	0.0
18.818400	0.039445614	-105.375333	0.0	0.0
18.828100	0.038014241	-105.417333	0.0	0.0
18.837900	0.036410919	-105.459333	0.0	0.0
18.847700	0.035022735	-105.501333	0.0	0.0
18.857400	0.033609622	-105.543333	0.0	0.0
18.867200	0.032291006	-105.585333	0.0	0.0
18.877000	0.030917138	-105.627333	0.0	0.0
18.886700	0.029544649	-105.669333	0.0	0.0
18.896500	0.028363691	-105.711333	0.0	0.0
18.906300	0.027366111	-105.753333	0.0	0.0
18.916000	0.026586343	-105.795333	0.0	0.0
18.925800	0.025386831	-105.837333	0.0	0.0
18.935500	0.024092779	-105.879333	0.0	0.0
18.945300	0.022794827	-105.921333	0.0	0.0
18.955100	0.021858423	-105.963333	0.0	0.0
18.964800	0.020871958	-106.005333	0.0	0.0
18.974600	0.019785419	-106.047333	0.0	0.0
18.984400	0.018907194	-106.089333	0.0	0.0
18.994100	0.018165085	-106.131333	0.0	0.0
19.003900	0.017385431	-106.173333	0.0	0.0
19.013700	0.016639232	-106.215333	0.0	0.0
19.023400	0.015827401	-106.257333	0.0	0.0
19.033200	0.015294089	-106.299333	0.0	0.0
19.043000	0.014542444	-106.341333	0.0	0.0
19.052700	0.013896744	-106.383333	0.0	0.0
19.062500	0.013092614	-106.425333	0.0	0.0
19.072300	0.012473054	-106.467333	0.0	0.0
19.082000	0.011900936	-106.509333	0.0	0.0
19.091800	0.011429496	-106.551333	0.0	0.0
19.101600	0.010788792	-106.593333	0.0	0.0
19.111300	0.010278123	-106.635333	0.0	0.0
19.121100	0.009765453	-106.677333	0.0	0.0
19.130900	0.009396601	-106.719333	0.0	0.0
19.140600	0.008934654	-106.761333	0.0	0.0
19.150400	0.008482471	-106.803333	0.0	0.0
19.160200	0.007985463	-106.845333	0.0	0.0
19.169900	0.007508843	-106.887333	0.0	0.0
19.179700	0.007096055	-106.929333	0.0	0.0
19.189500	0.006755031	-106.971333	0.0	0.0
19.199200	0.006489824	-107.013333	0.0	0.0
19.209000	0.006151903	-107.055333	0.0	0.0
19.218800	0.005845018	-107.097333	0.0	0.0
19.228500	0.005542735	-107.139333	0.0	0.0
19.238300	0.005270276	-107.181333	0.0	0.0
19.248000	0.004970933	-107.223333	0.0	0.0
19.257800	0.004690437	-107.265333	0.0	0.0
19.267600	0.004395301	-107.307333	0.0	0.0
19.277300	0.004156800	-107.349333	0.0	0.0
19.287100	0.003964611	-107.391333	0.0	0.0
19.296900	0.003763932	-107.433333	0.0	0.0
19.306600	0.003537895	-107.475333	0.0	0.0
19.316400	0.003273551	-107.517333	0.0	0.0
19.326200	0.003054637	-107.559333	0.0	0.0
19.335900	0.002888875	-107.601333	0.0	0.0
19.345700	0.002739485	-107.643333	0.0	0.0
19.355500	0.002601809	-107.685333	0.0	0.0
19.365200	0.002469130	-107.727333	0.0	0.0
19.375000	0.002281130	-107.769333	0.0	0.0
19.384800	0.002118797	-107.811333	0.0	0.0
19.394500	0.001948456	-107.853333	0.0	0.0
19.404300	0.001814663	-107.895333	0.0	0.0
19.414100	0.001716200	-107.937333	0.0	0.0
19.423800	0.001610652	-107.979333	0.0	0.0
19.433600	0.001519754	-108.021333	0.0	0.0
19.443400	0.001406731	-108.063333	0.0	0.0
19.453100	0.001311126	-108.105333	0.0	0.0
19.462900	0.001246183	-108.147333	0.0	0.0
19.472700	0.001174498	-108.189333	0.0	0.0
19.482400	0.001118454	-108.231333	0.0	0.0
19.492200	0.001026176	-108.273333	0.0	0.0
19.502000	0.000944405	-108.315333	0.0	0.0
19.511700	0.000862496	-108.357333	0.0	0.0
19.521500	0.000816005	-108.399333	0.0	0.0
19.531300	0.000840677	-108.441333	0.0	0.0
19.541000	0.000786853	-108.483333	0.0	0.0
19.550800	0.000741872	-108.525333	0.0	0.0
19.560500	0.000644308	-108.567333	0.0	0.0
19.570300	0.000596616	-108.609333	0.0	0.0
19.580100	0.000519354	-108.651333	0.0	0.0
19.589800	0.000487409	-108.693333	0.0	0.0
19.599600	0.000453762	-108.735333	0.0	0.0
19.609400	0.000370193	-108.777333	0.0	0.0
19.619100	0.000306096	-108.819333	0.0	0.0
19.628900	0.000262901	-108.861333	0.0	0.0
19.638700	0.000307533	-108.903333	0.0	0.0
19.648400	0.000289615	-108.945333	0.0	0.0
19.658200	0.000307200	-108.987333	0.0	0.0
19.668000	0.000268135	-109.029333	0.0	0.0
19.677700	0.000306748	-109.071333	0.0	0.0
19.687500	0.000261948	-109.113333	0.0	0.0
19.697300	0.000226541	-109.155333	0.0	0.0
19.707000	0.000164844	-109.197333	0.0	0.0
19.716800	0.000146613	-109.239333	0.0	0.0
19.726600	0.000141559	-109.281333	0.0	0.0
19.736300	0.000153296	-109.323333	0.0	0.0
19.746100	0.000133494	-109.365333	0.0	0.0
19.755900	0.000116384	-109.407333	0.0	0.0
19.765600	0.000111726	-109.449333	0.0	0.0
19.775400	0.000114793	-109.491333	0.0	0.0
19.785200	0.000160638	-109.533333	0.0	0.0
19.794900	0.000145191	-109.575333	0.0	0.0
19.804700	0.000146792	-109.617333	0.0	0.0
19.814500	0.000098848	-109.659333	0.0	0.0
19.824200	0.000119644	-109.701333	0.0	0.0
19.834000	0.000120546	-109.743333	0.0	0.0
19.843800	0.000105986	-109.785333	0.0	0.0
19.853500	0.000087634	-109.827333	0.0	0.0
19.863300	0.000080033	-109.869333	0.0	0.0
19.873000	0.000090024	-109.911333	0.0	0.0
19.882800	0.000089013	-109.953333	0.0	0.0
19.892600	0.000081824	-109.995333	0.0	0.0
19.902300	0.000087560	-110.037333	0.0	0.0
19.912100	0.000110213	-110.079333	0.0	0.0
19.921900	0.000116769	-110.121333	0.0	0.0
19.931600	0.000122391	-110.163333	0.0	0.0
19.941400	0.000114686	-110.205333	0.0	0.0
19.951200	0.000116575	-110.247333	0.0	0.0
19.960900	0.000086105	-110.289333	0.0	0.0
19.970700	0.000065056	-110.331333	0.0	0.0
19.980500	0.000071704	-110.373333	0.0	0.0
19.990200	0.000081590	-110.415333	0.0	0.0
