# Displacement response for PS10 broad-band channels
# with the Guralp 3T sensor that is flat to velocity
# from 50 Hz to 120 seconds. PAZ represented in radians/second.
#
# SCHQ.BHZ  SCHQ.BHN  SCHQ.BHE
#
# Third zero added at 0.0 to convert to displacement.
#
# GD2 FIR1 for 40 samples/second
# 1000 Hz to 200 Hz
# Chebyshev FIR Lowpass Filter Coefficients 
# Design: Pass = 0.016000  Stop = 0.180000  Ripple =-136.5000  #coeff =  63
# Actual: Pass = 0.015177  Stop = 0.179988  Ripple =-150.6196
#
# GD2 FIR2 for 40 samples/second
# 200 Hz to 40 Hz
# Chebyshev FIR Lowpass Filter Coefficients 
# Design: Pass = 0.084360  Stop = 0.100560  Ripple =-140.1000  #coeff = 699
# Actual: Pass = 0.084921  Stop = 0.099982  Ripple =-152.3772
#
# descript    sn  description  type comment
 theoretical  1   instrument    paz Philip S.Munro;Geological Survey of Canada
5.715077e+08
5
-0.037024E+00 -0.037024E+00  0.000000E+00  0.000000E+00
-0.037024E+00 +0.037024E+00  0.000000E+00  0.000000E+00
-1.130973E+03  0.000000E+00  0.000000E+00  0.000000E+00
-1.005310E+03  0.000000E+00  0.000000E+00  0.000000E+00
-5.026550E+02  0.000000E+00  0.000000E+00  0.000000E+00
3
0.000000E+00  0.000000E+00  0.000000E+00  0.000000E+00
0.000000E+00  0.000000E+00  0.000000E+00  0.000000E+00
0.000000E+00  0.000000E+00  0.000000E+00  0.000000E+00
 theoretical  2   digitizer     fir Bob Meldrum; Geological Survey of Canada
1000
63
3.259629E-08	0.00E+00
-2.046581E-07	0.00E+00
-1.440058E-06	0.00E+00
-4.399102E-06	0.00E+00
-7.921830E-06	0.00E+00
-6.144168E-06	0.00E+00
1.236261E-05	0.00E+00
5.860464E-05	0.00E+00
1.273779E-04	0.00E+00
1.770712E-04	0.00E+00
1.226799E-04	0.00E+00
-1.339249E-04	0.00E+00
-6.245503E-04	0.00E+00
-1.210118E-03	0.00E+00
-1.521153E-03	0.00E+00
-1.035708E-03	0.00E+00
6.523848E-04	0.00E+00
3.433962E-03	0.00E+00
6.355244E-03	0.00E+00
7.642343E-03	0.00E+00
5.289873E-03	0.00E+00
-1.833242E-03	0.00E+00
-1.276042E-02	0.00E+00
-2.374317E-02	0.00E+00
-2.872192E-02	0.00E+00
-2.114932E-02	0.00E+00
3.302625E-03	0.00E+00
4.421625E-02	0.00E+00
9.531865E-02	0.00E+00
1.455880E-01	0.00E+00
1.824562E-01	0.00E+00
1.960000E-01	0.00E+00
1.824562E-01	0.00E+00
1.455880E-01	0.00E+00
9.531865E-02	0.00E+00
4.421625E-02	0.00E+00
3.302625E-03	0.00E+00
-2.114932E-02	0.00E+00
-2.872192E-02	0.00E+00
-2.374317E-02	0.00E+00
-1.276042E-02	0.00E+00
-1.833242E-03	0.00E+00
5.289873E-03	0.00E+00
7.642343E-03	0.00E+00
6.355244E-03	0.00E+00
3.433962E-03	0.00E+00
6.523848E-04	0.00E+00
-1.035708E-03	0.00E+00
-1.521153E-03	0.00E+00
-1.210118E-03	0.00E+00
-6.245503E-04	0.00E+00
-1.339249E-04	0.00E+00
1.226799E-04	0.00E+00
1.770712E-04	0.00E+00
1.273779E-04	0.00E+00
5.860464E-05	0.00E+00
1.236261E-05	0.00E+00
-6.144168E-06	0.00E+00
-7.921830E-06	0.00E+00
-4.399102E-06	0.00E+00
-1.440058E-06	0.00E+00
-2.046581E-07	0.00E+00
3.259629E-08	0.00E+00
0
 theoretical  3   digitizer     fir Bob Meldrum; Geological Survey of Canada
200
699
1.001172E-08	0.00E+00
2.793968E-09	0.00E+00
1.629815E-09	0.00E+00
-1.629815E-09	0.00E+00
-5.587936E-09	0.00E+00
-9.546057E-09	0.00E+00
-1.140870E-08	0.00E+00
-9.080396E-09	0.00E+00
-2.793968E-09	0.00E+00
6.752089E-09	0.00E+00
1.676381E-08	0.00E+00
2.281740E-08	0.00E+00
2.188608E-08	0.00E+00
1.187436E-08	0.00E+00
-5.355105E-09	0.00E+00
-2.537854E-08	0.00E+00
-4.074537E-08	0.00E+00
-4.423783E-08	0.00E+00
-3.189780E-08	0.00E+00
-4.423783E-09	0.00E+00
3.143214E-08	0.00E+00
6.356277E-08	0.00E+00
7.916242E-08	0.00E+00
6.845221E-08	0.00E+00
2.980232E-08	0.00E+00
-2.840534E-08	0.00E+00
-8.847565E-08	0.00E+00
-1.278240E-07	0.00E+00
-1.280569E-07	0.00E+00
-8.079224E-08	0.00E+00
5.587936E-09	0.00E+00
1.068693E-07	0.00E+00
1.881272E-07	0.00E+00
2.156012E-07	0.00E+00
1.695007E-07	0.00E+00
5.285256E-08	0.00E+00
-1.043081E-07	0.00E+00
-2.512243E-07	0.00E+00
-3.324822E-07	0.00E+00
-3.073365E-07	0.00E+00
-1.662411E-07	0.00E+00
5.890616E-08	0.00E+00
3.003516E-07	0.00E+00
4.728791E-07	0.00E+00
5.031471E-07	0.00E+00
3.569294E-07	0.00E+00
5.913899E-08	0.00E+00
-3.068708E-07	0.00E+00
-6.195624E-07	0.00E+00
-7.580966E-07	0.00E+00
-6.461051E-07	0.00E+00
-2.861489E-07	0.00E+00
2.293382E-07	0.00E+00
7.390045E-07	0.00E+00
1.059147E-06	0.00E+00
1.047971E-06	0.00E+00
6.621704E-07	0.00E+00
-1.373701E-08	0.00E+00
-7.792842E-07	0.00E+00
-1.374167E-06	0.00E+00
-1.562759E-06	0.00E+00
-1.223292E-06	0.00E+00
-4.046597E-07	0.00E+00
6.663613E-07	0.00E+00
1.642853E-06	0.00E+00
2.166489E-06	0.00E+00
1.993030E-06	0.00E+00
1.094071E-06	0.00E+00
-3.052410E-07	0.00E+00
-1.773704E-06	0.00E+00
-2.800953E-06	0.00E+00
-2.970221E-06	0.00E+00
-2.115499E-06	0.00E+00
-4.132744E-07	0.00E+00
1.640059E-06	0.00E+00
3.363705E-06	0.00E+00
4.112488E-06	0.00E+00
3.507827E-06	0.00E+00
1.603272E-06	0.00E+00
-1.083594E-06	0.00E+00
-3.700611E-06	0.00E+00
-5.322043E-06	0.00E+00
-5.266630E-06	0.00E+00
-3.364636E-06	0.00E+00
-7.566996E-08	0.00E+00
3.603753E-06	0.00E+00
6.430317E-06	0.00E+00
7.322757E-06	0.00E+00
5.759998E-06	0.00E+00
2.022833E-06	0.00E+00
-2.817018E-06	0.00E+00
-7.188647E-06	0.00E+00
-9.518816E-06	0.00E+00
-8.782605E-06	0.00E+00
-4.918082E-06	0.00E+00
1.052162E-06	0.00E+00
7.266179E-06	0.00E+00
1.158821E-05	0.00E+00
1.232489E-05	0.00E+00
8.861302E-06	0.00E+00
1.982786E-06	0.00E+00
-6.260816E-06	0.00E+00
-1.314259E-05	0.00E+00
-1.614308E-05	0.00E+00
-1.384667E-05	0.00E+00
-6.540213E-06	0.00E+00
3.723661E-06	0.00E+00
1.367112E-05	0.00E+00
1.982926E-05	0.00E+00
1.971284E-05	0.00E+00
1.277938E-05	0.00E+00
7.962809E-07	0.00E+00
-1.255795E-05	0.00E+00
-2.279482E-05	0.00E+00
-2.609682E-05	0.00E+00
-2.070028E-05	0.00E+00
-7.689931E-06	0.00E+00
9.121607E-06	0.00E+00
2.427236E-05	0.00E+00
3.239350E-05	0.00E+00
3.007380E-05	0.00E+00
1.720875E-05	0.00E+00
-2.678717E-06	0.00E+00
-2.334151E-05	0.00E+00
-3.773463E-05	0.00E+00
-4.037586E-05	0.00E+00
-2.937089E-05	0.00E+00
-7.365132E-06	0.00E+00
1.898874E-05	0.00E+00
4.099356E-05	0.00E+00
5.073357E-05	0.00E+00
4.386506E-05	0.00E+00
2.140249E-05	0.00E+00
-1.019891E-05	0.00E+00
-4.082686E-05	0.00E+00
-5.989755E-05	0.00E+00
-5.995809E-05	0.00E+00
-3.949437E-05	0.00E+00
-3.917376E-06	0.00E+00
3.575627E-05	0.00E+00
6.625243E-05	0.00E+00
7.642317E-05	0.00E+00
6.123609E-05	0.00E+00
2.396526E-05	0.00E+00
-2.430077E-05	0.00E+00
-6.787503E-05	0.00E+00
-9.150501E-05	0.00E+00
-8.563232E-05	0.00E+00
-5.008979E-05	0.00E+00
5.150680E-06	0.00E+00
6.265147E-05	0.00E+00
1.029347E-04	0.00E+00
1.110025E-04	0.00E+00
8.179178E-05	0.00E+00
2.261554E-05	0.00E+00
-4.845555E-05	0.00E+00
-1.080125E-04	0.00E+00
-1.349326E-04	0.00E+00
-1.177604E-04	0.00E+00
-5.929289E-05	0.00E+00
2.338854E-05	0.00E+00
1.037673E-04	0.00E+00
1.542999E-04	0.00E+00
1.557474E-04	0.00E+00
1.043035E-04	0.00E+00
1.393375E-05	0.00E+00
-8.719694E-05	0.00E+00
-1.653831E-04	0.00E+00
-1.925032E-04	0.00E+00
-1.559742E-04	0.00E+00
-6.405940E-05	0.00E+00
5.558576E-05	0.00E+00
1.640748E-04	0.00E+00
2.238103E-04	0.00E+00
2.113674E-04	0.00E+00
1.263761E-04	0.00E+00
-6.886665E-06	0.00E+00
-1.461988E-04	0.00E+00
-2.446275E-04	0.00E+00
-2.661993E-04	0.00E+00
-1.988178E-04	0.00E+00
-5.985727E-05	0.00E+00
1.079254E-04	0.00E+00
2.493649E-04	0.00E+00
3.148758E-04	0.00E+00
2.776389E-04	0.00E+00
1.440889E-04	0.00E+00
-4.626974E-05	0.00E+00
-2.322958E-04	0.00E+00
-3.506795E-04	0.00E+00
-3.573038E-04	0.00E+00
-2.433497E-04	0.00E+00
-4.036213E-05	0.00E+00
1.880906E-04	0.00E+00
3.661176E-04	0.00E+00
4.305265E-04	0.00E+00
3.529843E-04	0.00E+00
1.516224E-04	0.00E+00
-1.124563E-04	0.00E+00
-3.534421E-04	0.00E+00
-4.884969E-04	0.00E+00
-4.659859E-04	0.00E+00
-2.847181E-04	0.00E+00
2.835877E-06	0.00E+00
3.053288E-04	0.00E+00
5.213141E-04	0.00E+00
5.730312E-04	0.00E+00
4.340215E-04	0.00E+00
1.408837E-04	0.00E+00
-2.156822E-04	0.00E+00
-5.186319E-04	0.00E+00
-6.627464E-04	0.00E+00
-5.908523E-04	0.00E+00
-3.157219E-04	0.00E+00
8.052379E-05	0.00E+00
4.705007E-04	0.00E+00
7.222293E-04	0.00E+00
7.434954E-04	0.00E+00
5.150913E-04	0.00E+00
1.011116E-04	0.00E+00
-3.683723E-04	0.00E+00
-7.378327E-04	0.00E+00
-8.774968E-04	0.00E+00
-7.284910E-04	0.00E+00
-3.263422E-04	0.00E+00
2.062048E-04	0.00E+00
6.961902E-04	0.00E+00
9.762727E-04	0.00E+00
9.414810E-04	0.00E+00
5.877645E-04	0.00E+00
1.841015E-05	0.00E+00
-5.854438E-04	0.00E+00
-1.022034E-03	0.00E+00
-1.135991E-03	0.00E+00
-8.730214E-04	0.00E+00
-3.031895E-04	0.00E+00
3.966007E-04	0.00E+00
9.970091E-04	0.00E+00
1.291000E-03	0.00E+00
1.164697E-03	0.00E+00
6.402766E-04	0.00E+00
-1.249276E-04	0.00E+00
-8.849088E-04	0.00E+00
-1.383592E-03	0.00E+00
-1.440601E-03	0.00E+00
-1.015635E-03	0.00E+00
-2.287205E-04	0.00E+00
6.725598E-04	0.00E+00
1.390366E-03	0.00E+00
1.674485E-03	0.00E+00
1.408811E-03	0.00E+00
6.567622E-04	0.00E+00
-3.515978E-04	0.00E+00
-1.289141E-03	0.00E+00
-1.837188E-03	0.00E+00
-1.793134E-03	0.00E+00
-1.144048E-03	0.00E+00
-7.990120E-05	0.00E+00
1.060856E-03	0.00E+00
1.898198E-03	0.00E+00
2.136400E-03	0.00E+00
1.667421E-03	0.00E+00
6.159763E-04	0.00E+00
-6.915671E-04	0.00E+00
-1.827537E-03	0.00E+00
-2.402030E-03	0.00E+00
-2.195749E-03	0.00E+00
-1.241653E-03	0.00E+00
1.743822E-04	0.00E+00
1.597882E-03	0.00E+00
2.550669E-03	0.00E+00
2.690459E-03	0.00E+00
1.932227E-03	0.00E+00
4.887914E-04	0.00E+00
-1.186773E-03	0.00E+00
-2.542123E-03	0.00E+00
-3.106563E-03	0.00E+00
-2.653027E-03	0.00E+00
-1.285828E-03	0.00E+00
5.787425E-04	0.00E+00
2.337494E-03	0.00E+00
3.394087E-03	0.00E+00
3.359668E-03	0.00E+00
2.193387E-03	0.00E+00
2.327967E-04	0.00E+00
-1.901316E-03	0.00E+00
-3.499736E-03	0.00E+00
-3.998719E-03	0.00E+00
-3.176405E-03	0.00E+00
-1.244078E-03	0.00E+00
1.203445E-03	0.00E+00
3.368562E-03	0.00E+00
4.508613E-03	0.00E+00
4.188023E-03	0.00E+00
2.440080E-03	0.00E+00
-2.203942E-04	0.00E+00
-2.945222E-03	0.00E+00
-4.820452E-03	0.00E+00
-5.169816E-03	0.00E+00
-3.794299E-03	0.00E+00
-1.064292E-03	0.00E+00
2.174257E-03	0.00E+00
4.858133E-03	0.00E+00
6.051948E-03	0.00E+00
5.269292E-03	0.00E+00
2.661196E-03	0.00E+00
-9.984005E-04	0.00E+00
-4.536696E-03	0.00E+00
-6.752529E-03	0.00E+00
-6.817976E-03	0.00E+00
-4.578703E-03	0.00E+00
-6.468604E-04	0.00E+00
3.756885E-03	0.00E+00
7.174700E-03	0.00E+00
8.385671E-03	0.00E+00
6.831081E-03	0.00E+00
2.846137E-03	0.00E+00
-2.391525E-03	0.00E+00
-7.198198E-03	0.00E+00
-9.912757E-03	0.00E+00
-9.455368E-03	0.00E+00
-5.733051E-03	0.00E+00
2.532469E-04	0.00E+00
6.657472E-03	0.00E+00
1.133781E-02	0.00E+00
1.254863E-02	0.00E+00
9.558538E-03	0.00E+00
2.985610E-03	0.00E+00
-5.283652E-03	0.00E+00
-1.260102E-02	0.00E+00
-1.636159E-02	0.00E+00
-1.487355E-02	0.00E+00
-8.018182E-03	0.00E+00
2.531603E-03	0.00E+00
1.364758E-02	0.00E+00
2.158757E-02	0.00E+00
2.313168E-02	0.00E+00
1.669433E-02	0.00E+00
3.072372E-03	0.00E+00
-1.443100E-02	0.00E+00
-3.060455E-02	0.00E+00
-3.954537E-02	0.00E+00
-3.620393E-02	0.00E+00
-1.785478E-02	0.00E+00
1.491587E-02	0.00E+00
5.800573E-02	0.00E+00
1.044778E-01	0.00E+00
1.459966E-01	0.00E+00
1.746815E-01	0.00E+00
1.849200E-01	0.00E+00
1.746815E-01	0.00E+00
1.459966E-01	0.00E+00
1.044778E-01	0.00E+00
5.800573E-02	0.00E+00
1.491587E-02	0.00E+00
-1.785478E-02	0.00E+00
-3.620393E-02	0.00E+00
-3.954537E-02	0.00E+00
-3.060455E-02	0.00E+00
-1.443100E-02	0.00E+00
3.072372E-03	0.00E+00
1.669433E-02	0.00E+00
2.313168E-02	0.00E+00
2.158757E-02	0.00E+00
1.364758E-02	0.00E+00
2.531603E-03	0.00E+00
-8.018182E-03	0.00E+00
-1.487355E-02	0.00E+00
-1.636159E-02	0.00E+00
-1.260102E-02	0.00E+00
-5.283652E-03	0.00E+00
2.985610E-03	0.00E+00
9.558538E-03	0.00E+00
1.254863E-02	0.00E+00
1.133781E-02	0.00E+00
6.657472E-03	0.00E+00
2.532469E-04	0.00E+00
-5.733051E-03	0.00E+00
-9.455368E-03	0.00E+00
-9.912757E-03	0.00E+00
-7.198198E-03	0.00E+00
-2.391525E-03	0.00E+00
2.846137E-03	0.00E+00
6.831081E-03	0.00E+00
8.385671E-03	0.00E+00
7.174700E-03	0.00E+00
3.756885E-03	0.00E+00
-6.468604E-04	0.00E+00
-4.578703E-03	0.00E+00
-6.817976E-03	0.00E+00
-6.752529E-03	0.00E+00
-4.536696E-03	0.00E+00
-9.984005E-04	0.00E+00
2.661196E-03	0.00E+00
5.269292E-03	0.00E+00
6.051948E-03	0.00E+00
4.858133E-03	0.00E+00
2.174257E-03	0.00E+00
-1.064292E-03	0.00E+00
-3.794299E-03	0.00E+00
-5.169816E-03	0.00E+00
-4.820452E-03	0.00E+00
-2.945222E-03	0.00E+00
-2.203942E-04	0.00E+00
2.440080E-03	0.00E+00
4.188023E-03	0.00E+00
4.508613E-03	0.00E+00
3.368562E-03	0.00E+00
1.203445E-03	0.00E+00
-1.244078E-03	0.00E+00
-3.176405E-03	0.00E+00
-3.998719E-03	0.00E+00
-3.499736E-03	0.00E+00
-1.901316E-03	0.00E+00
2.327967E-04	0.00E+00
2.193387E-03	0.00E+00
3.359668E-03	0.00E+00
3.394087E-03	0.00E+00
2.337494E-03	0.00E+00
5.787425E-04	0.00E+00
-1.285828E-03	0.00E+00
-2.653027E-03	0.00E+00
-3.106563E-03	0.00E+00
-2.542123E-03	0.00E+00
-1.186773E-03	0.00E+00
4.887914E-04	0.00E+00
1.932227E-03	0.00E+00
2.690459E-03	0.00E+00
2.550669E-03	0.00E+00
1.597882E-03	0.00E+00
1.743822E-04	0.00E+00
-1.241653E-03	0.00E+00
-2.195749E-03	0.00E+00
-2.402030E-03	0.00E+00
-1.827537E-03	0.00E+00
-6.915671E-04	0.00E+00
6.159763E-04	0.00E+00
1.667421E-03	0.00E+00
2.136400E-03	0.00E+00
1.898198E-03	0.00E+00
1.060856E-03	0.00E+00
-7.990120E-05	0.00E+00
-1.144048E-03	0.00E+00
-1.793134E-03	0.00E+00
-1.837188E-03	0.00E+00
-1.289141E-03	0.00E+00
-3.515978E-04	0.00E+00
6.567622E-04	0.00E+00
1.408811E-03	0.00E+00
1.674485E-03	0.00E+00
1.390366E-03	0.00E+00
6.725598E-04	0.00E+00
-2.287205E-04	0.00E+00
-1.015635E-03	0.00E+00
-1.440601E-03	0.00E+00
-1.383592E-03	0.00E+00
-8.849088E-04	0.00E+00
-1.249276E-04	0.00E+00
6.402766E-04	0.00E+00
1.164697E-03	0.00E+00
1.291000E-03	0.00E+00
9.970091E-04	0.00E+00
3.966007E-04	0.00E+00
-3.031895E-04	0.00E+00
-8.730214E-04	0.00E+00
-1.135991E-03	0.00E+00
-1.022034E-03	0.00E+00
-5.854438E-04	0.00E+00
1.841015E-05	0.00E+00
5.877645E-04	0.00E+00
9.414810E-04	0.00E+00
9.762727E-04	0.00E+00
6.961902E-04	0.00E+00
2.062048E-04	0.00E+00
-3.263422E-04	0.00E+00
-7.284910E-04	0.00E+00
-8.774968E-04	0.00E+00
-7.378327E-04	0.00E+00
-3.683723E-04	0.00E+00
1.011116E-04	0.00E+00
5.150913E-04	0.00E+00
7.434954E-04	0.00E+00
7.222293E-04	0.00E+00
4.705007E-04	0.00E+00
8.052379E-05	0.00E+00
-3.157219E-04	0.00E+00
-5.908523E-04	0.00E+00
-6.627464E-04	0.00E+00
-5.186319E-04	0.00E+00
-2.156822E-04	0.00E+00
1.408837E-04	0.00E+00
4.340215E-04	0.00E+00
5.730312E-04	0.00E+00
5.213141E-04	0.00E+00
3.053288E-04	0.00E+00
2.835877E-06	0.00E+00
-2.847181E-04	0.00E+00
-4.659859E-04	0.00E+00
-4.884969E-04	0.00E+00
-3.534421E-04	0.00E+00
-1.124563E-04	0.00E+00
1.516224E-04	0.00E+00
3.529843E-04	0.00E+00
4.305265E-04	0.00E+00
3.661176E-04	0.00E+00
1.880906E-04	0.00E+00
-4.036213E-05	0.00E+00
-2.433497E-04	0.00E+00
-3.573038E-04	0.00E+00
-3.506795E-04	0.00E+00
-2.322958E-04	0.00E+00
-4.626974E-05	0.00E+00
1.440889E-04	0.00E+00
2.776389E-04	0.00E+00
3.148758E-04	0.00E+00
2.493649E-04	0.00E+00
1.079254E-04	0.00E+00
-5.985727E-05	0.00E+00
-1.988178E-04	0.00E+00
-2.661993E-04	0.00E+00
-2.446275E-04	0.00E+00
-1.461988E-04	0.00E+00
-6.886665E-06	0.00E+00
1.263761E-04	0.00E+00
2.113674E-04	0.00E+00
2.238103E-04	0.00E+00
1.640748E-04	0.00E+00
5.558576E-05	0.00E+00
-6.405940E-05	0.00E+00
-1.559742E-04	0.00E+00
-1.925032E-04	0.00E+00
-1.653831E-04	0.00E+00
-8.719694E-05	0.00E+00
1.393375E-05	0.00E+00
1.043035E-04	0.00E+00
1.557474E-04	0.00E+00
1.542999E-04	0.00E+00
1.037673E-04	0.00E+00
2.338854E-05	0.00E+00
-5.929289E-05	0.00E+00
-1.177604E-04	0.00E+00
-1.349326E-04	0.00E+00
-1.080125E-04	0.00E+00
-4.845555E-05	0.00E+00
2.261554E-05	0.00E+00
8.179178E-05	0.00E+00
1.110025E-04	0.00E+00
1.029347E-04	0.00E+00
6.265147E-05	0.00E+00
5.150680E-06	0.00E+00
-5.008979E-05	0.00E+00
-8.563232E-05	0.00E+00
-9.150501E-05	0.00E+00
-6.787503E-05	0.00E+00
-2.430077E-05	0.00E+00
2.396526E-05	0.00E+00
6.123609E-05	0.00E+00
7.642317E-05	0.00E+00
6.625243E-05	0.00E+00
3.575627E-05	0.00E+00
-3.917376E-06	0.00E+00
-3.949437E-05	0.00E+00
-5.995809E-05	0.00E+00
-5.989755E-05	0.00E+00
-4.082686E-05	0.00E+00
-1.019891E-05	0.00E+00
2.140249E-05	0.00E+00
4.386506E-05	0.00E+00
5.073357E-05	0.00E+00
4.099356E-05	0.00E+00
1.898874E-05	0.00E+00
-7.365132E-06	0.00E+00
-2.937089E-05	0.00E+00
-4.037586E-05	0.00E+00
-3.773463E-05	0.00E+00
-2.334151E-05	0.00E+00
-2.678717E-06	0.00E+00
1.720875E-05	0.00E+00
3.007380E-05	0.00E+00
3.239350E-05	0.00E+00
2.427236E-05	0.00E+00
9.121607E-06	0.00E+00
-7.689931E-06	0.00E+00
-2.070028E-05	0.00E+00
-2.609682E-05	0.00E+00
-2.279482E-05	0.00E+00
-1.255795E-05	0.00E+00
7.962809E-07	0.00E+00
1.277938E-05	0.00E+00
1.971284E-05	0.00E+00
1.982926E-05	0.00E+00
1.367112E-05	0.00E+00
3.723661E-06	0.00E+00
-6.540213E-06	0.00E+00
-1.384667E-05	0.00E+00
-1.614308E-05	0.00E+00
-1.314259E-05	0.00E+00
-6.260816E-06	0.00E+00
1.982786E-06	0.00E+00
8.861302E-06	0.00E+00
1.232489E-05	0.00E+00
1.158821E-05	0.00E+00
7.266179E-06	0.00E+00
1.052162E-06	0.00E+00
-4.918082E-06	0.00E+00
-8.782605E-06	0.00E+00
-9.518816E-06	0.00E+00
-7.188647E-06	0.00E+00
-2.817018E-06	0.00E+00
2.022833E-06	0.00E+00
5.759998E-06	0.00E+00
7.322757E-06	0.00E+00
6.430317E-06	0.00E+00
3.603753E-06	0.00E+00
-7.566996E-08	0.00E+00
-3.364636E-06	0.00E+00
-5.266630E-06	0.00E+00
-5.322043E-06	0.00E+00
-3.700611E-06	0.00E+00
-1.083594E-06	0.00E+00
1.603272E-06	0.00E+00
3.507827E-06	0.00E+00
4.112488E-06	0.00E+00
3.363705E-06	0.00E+00
1.640059E-06	0.00E+00
-4.132744E-07	0.00E+00
-2.115499E-06	0.00E+00
-2.970221E-06	0.00E+00
-2.800953E-06	0.00E+00
-1.773704E-06	0.00E+00
-3.052410E-07	0.00E+00
1.094071E-06	0.00E+00
1.993030E-06	0.00E+00
2.166489E-06	0.00E+00
1.642853E-06	0.00E+00
6.663613E-07	0.00E+00
-4.046597E-07	0.00E+00
-1.223292E-06	0.00E+00
-1.562759E-06	0.00E+00
-1.374167E-06	0.00E+00
-7.792842E-07	0.00E+00
-1.373701E-08	0.00E+00
6.621704E-07	0.00E+00
1.047971E-06	0.00E+00
1.059147E-06	0.00E+00
7.390045E-07	0.00E+00
2.293382E-07	0.00E+00
-2.861489E-07	0.00E+00
-6.461051E-07	0.00E+00
-7.580966E-07	0.00E+00
-6.195624E-07	0.00E+00
-3.068708E-07	0.00E+00
5.913899E-08	0.00E+00
3.569294E-07	0.00E+00
5.031471E-07	0.00E+00
4.728791E-07	0.00E+00
3.003516E-07	0.00E+00
5.890616E-08	0.00E+00
-1.662411E-07	0.00E+00
-3.073365E-07	0.00E+00
-3.324822E-07	0.00E+00
-2.512243E-07	0.00E+00
-1.043081E-07	0.00E+00
5.285256E-08	0.00E+00
1.695007E-07	0.00E+00
2.156012E-07	0.00E+00
1.881272E-07	0.00E+00
1.068693E-07	0.00E+00
5.587936E-09	0.00E+00
-8.079224E-08	0.00E+00
-1.280569E-07	0.00E+00
-1.278240E-07	0.00E+00
-8.847565E-08	0.00E+00
-2.840534E-08	0.00E+00
2.980232E-08	0.00E+00
6.845221E-08	0.00E+00
7.916242E-08	0.00E+00
6.356277E-08	0.00E+00
3.143214E-08	0.00E+00
-4.423783E-09	0.00E+00
-3.189780E-08	0.00E+00
-4.423783E-08	0.00E+00
-4.074537E-08	0.00E+00
-2.537854E-08	0.00E+00
-5.355105E-09	0.00E+00
1.187436E-08	0.00E+00
2.188608E-08	0.00E+00
2.281740E-08	0.00E+00
1.676381E-08	0.00E+00
6.752089E-09	0.00E+00
-2.793968E-09	0.00E+00
-9.080396E-09	0.00E+00
-1.140870E-08	0.00E+00
-9.546057E-09	0.00E+00
-5.587936E-09	0.00E+00
-1.629815E-09	0.00E+00
1.629815E-09	0.00E+00
2.793968E-09	0.00E+00
1.001172E-08	0.00E+00
0
