# Response info for SOAR Broad Band site.     
#                                               
# Effective: 23 Jun. 2004                                       
# Creation date: 24 Jun. 2004
#                       
# Source: James Neely (CTI)                                     
# System equipment: KS54000 seismometer and AIM24S-3 digitizer. 
#                                                                       
# The response file was derived from equations of state.
# Displacement response normalized to 1.0 at 1.0 Hz.   
#                                                                       
# The calib values for this configuration are:
#
# SO31 BHZ is 0.006180 nm/count at 1.0 Hz.
# SO31 BHN is 0.006760 nm/count at 1.0 Hz.
# SO31 BHE is 0.006850 nm/count at 1.0 Hz.
#                                                                       
# Freq(Hz)        Amp              Phase(deg)   Error(amp) Error(phase)    
#                               
	theoretical     0       instrument      fap
63
0.010000000	  0.000071315      224.53734780	    0.0	    0.0
0.016660000	  0.000239583	   210.37466920	    0.0	    0.0
0.020000000	  0.000360007	   205.90240900	    0.0	    0.0
0.025000000	  0.00058365	   201.04084890	    0.0	    0.0
0.030000000	  0.000858497	   197.57191540	    0.0	    0.0
0.033300000	  0.001067721	   195.7821508	    0.0	    0.0
0.040000000	  0.001560248	   192.95733540	    0.0	    0.0
0.050000000	  0.002463728	   190.00565640	    0.0     0.0
0.060000000	  0.003568475	   187.92707070	    0.0	    0.0
0.066660000	  0.004415813	   186.8405041	    0.0	    0.0
0.070000000	  0.004874313      186.36038900	    0.0	    0.0
0.080000000	  0.006381160	   185.11855140	    0.0	    0.0
0.090000000	  0.008088972	   184.09539830	    0.0	    0.0
0.100000000	  0.009990056	   183.22634140	    0.0	    0.0
0.200000000	  0.040105793	   177.95752570	    0.0	    0.0
0.300000000	  0.090292982	   174.56768520	    0.0	    0.0
0.400000000	  0.160537363	   171.64777310	    0.0	    0.0
0.500000000	  0.250810605	   168.91358750	    0.0	    0.0
0.600000000	  0.361064100	   166.26966240	    0.0	    0.0
0.700000000	  0.491224121	   163.67456300	    0.0	    0.0
0.800000000	  0.641189426	   161.10714020	    0.0	    0.0
0.900000000	  0.810831889	   158.55527270	    0.0	    0.0
1.000000000	  1.000000000	   156.01136330	    0.0	    0.0
1.428500000	  2.02890295	   145.1033264	    0.0	    0.0
2.000000000	  3.921048873	   130.32419920	    0.0	    0.0
2.860000000	  7.702484893	   107.2679051	    0.0	    0.0
3.000000000	  8.383679070	   103.41761370	    0.0	    0.0
4.000000000	 13.381281050	    75.44336310	    0.0	    0.0
5.000000000	 17.370087670	    47.96198100	    0.0	    0.0
6.000000000	 19.425959660	    23.04050800	    0.0	    0.0
6.667000000	 19.598478630	     8.87841266     0.0	    0.0
7.000000000	 19.684738120	     1.79736500	    0.0	    0.0
8.000000000	 18.879010520	   -15.83768300	    0.0	    0.0
9.000000000	 17.594517960	   -30.46687300	    0.0	    0.0
10.00000000	 16.138151640	   -42.73250000	    0.0	    0.0
11.00000000	 14.715218920	   -53.15638900	    0.0	    0.0
12.00000000	 13.369276870	   -62.13030800	    0.0	    0.0
13.00000000	 12.136895990	   -69.94405800	    0.0	    0.0
14.00000000	 11.033674940	   -76.81399000	    0.0	    0.0
15.00000000	 10.037562700	   -82.90444700	    0.0     0.0
15.10000000	  9.933621201	   -83.47578000	    0.0	    0.0
15.20000000	  9.821015817	   -84.04072300	    0.0	    0.0
15.30000000	  9.696070219	   -84.59938300	    0.0	    0.0
15.40000000	  9.554813346	   -85.15186700	    0.0	    0.0
15.50000000	  9.393180687	   -85.69827600	    0.0	    0.0
15.60000000	  9.207246396	   -86.23871100	    0.0	    0.0
15.70000000	  8.993470356	   -86.77327100	    0.0	    0.0
15.80000000	  8.748942696	   -87.30205200	    0.0     0.0
15.90000000	  8.471607370	   -87.82514700	    0.0	    0.0
16.00000000	  8.160448033	   -88.34264900	    0.0	    0.0
16.10000000	  7.815621330	   -88.85464800	    0.0	    0.0
16.20000000	  7.438527107	   -89.36123000	    0.0	    0.0
16.30000000	  7.031809173	   -89.86248300	    0.0	    0.0
16.40000000	  6.599285700	   -90.35849000	    0.0	    0.0
16.50000000	  6.145813301	   -90.84933300	    0.0	    0.0
16.60000000	  5.677093526	   -91.33509400	    0.0	    0.0
16.70000000	  5.199434691	   -91.81585100	    0.0	    0.0
16.80000000	  4.719484379	   -92.29168100	    0.0	    0.0
16.90000000	  4.243949813	   -92.76265900	    0.0	    0.0
17.00000000	  3.779323352	   -93.22886100	    0.0	    0.0
18.00000000	  0.631834071	   -97.64337000	    0.0	    0.0
19.00000000    	  0.020644048	  -101.65137100	    0.0	    0.0
20.00000000       0.000000223	  -105.30644900	    0.0	    0.0
