# Response file TX31-TX32_BB_20060704
#
# Treaty ID: PS46
# Station Code: TXAR
# Prepared by: Rod Stewart, IMS/SM
# Date: 2006-07-04
# Revision: 
# Format:  fap
# Purpose: CD1.1 upgrade
# Comments:   
#    File supplied by AFTAC, 2006-07-03
#
# End of IMS header ######################################################################
#
# UNCLASSIFIED
#
# Calibration info for TX31 and TX32 BB sites.
# 
# Created:  21 Apr. 2006
# File name: tx31_tx32_bb_2006110_rsp.txt / TXAR.BB.1139948580
# Inid:  
# Source:  James Neely (TTD)
# System equipment:  KS54000-01M1 seismometer and AIM24S-3 digitizer.
# 
# The response file was derived from the ave of actual RB calibrations.
# Displacement response relative to 1.0 at 1.0 Hz.
# 
# The nominal calib values are as follows:
# 
# TX31 BHZ is 0.006310 nm/count at 1.0 Hz. effective 16 Feb 2006
# TX31 BHN is 0.006520 nm/count at 1.0 Hz. effective 16 Feb 2006
# TX31 BHE is 0.006320 nm/count at 1.0 Hz. effective 16 Feb 2006
# TX32 BHZ is 0.006300 nm/count at 1.0 Hz. effective 11 Apr 2006
# TX32 BHN is 0.006300 nm/count at 1.0 Hz. effective 11 Apr 2006
# TX32 BHE is 0.006300 nm/count at 1.0 Hz. effective 11 Apr 2006
# 
# Freq(Hz)     Amp(counts/nm)   Phase(deg)  Error(amp)  Error(phase)
# 
theoretical  0   instrument    fap
2047
0.009800	0.000066037	221.000000	0.0	0.0
0.019500	0.000318348	208.833333	0.0	0.0
0.029300	0.000786566	200.133333	0.0	0.0
0.039100	0.001465054	195.200000	0.0	0.0
0.048800	0.002319208	191.300000	0.0	0.0
0.058600	0.003380352	188.533333	0.0	0.0
0.068400	0.004648136	186.700000	0.0	0.0
0.078100	0.006090254	185.466667	0.0	0.0
0.087900	0.007732343	184.433333	0.0	0.0
0.097700	0.009559954	183.533333	0.0	0.0
0.107400	0.011561350	182.800000	0.0	0.0
0.117200	0.013746387	182.000000	0.0	0.0
0.127000	0.016141384	181.333333	0.0	0.0
0.136700	0.018701238	180.800000	0.0	0.0
0.146500	0.021528243	180.333333	0.0	0.0
0.156300	0.024523623	179.866667	0.0	0.0
0.166000	0.027672571	179.266667	0.0	0.0
0.175800	0.031036381	178.900000	0.0	0.0
0.185500	0.034582349	178.500000	0.0	0.0
0.195300	0.038288747	178.133333	0.0	0.0
0.205100	0.042195356	177.833333	0.0	0.0
0.214800	0.046209920	177.400000	0.0	0.0
0.224600	0.050522656	177.100000	0.0	0.0
0.234400	0.055048888	176.633333	0.0	0.0
0.244100	0.059813914	176.333333	0.0	0.0
0.253900	0.064737919	176.000000	0.0	0.0
0.263700	0.069858661	175.700000	0.0	0.0
0.273400	0.075063767	175.333333	0.0	0.0
0.283200	0.080541522	175.000000	0.0	0.0
0.293000	0.086179091	174.633333	0.0	0.0
0.302700	0.092014904	174.366667	0.0	0.0
0.312500	0.098069368	174.000000	0.0	0.0
0.322300	0.104316725	173.766667	0.0	0.0
0.332000	0.110647813	173.433333	0.0	0.0
0.341800	0.117231445	173.233333	0.0	0.0
0.351600	0.124145524	172.900000	0.0	0.0
0.361300	0.131240917	172.700000	0.0	0.0
0.371100	0.138403979	172.400000	0.0	0.0
0.380900	0.145922394	172.100000	0.0	0.0
0.390600	0.153272584	171.766667	0.0	0.0
0.400400	0.161183830	171.466667	0.0	0.0
0.410200	0.169040712	171.233333	0.0	0.0
0.419900	0.177129848	170.933333	0.0	0.0
0.429700	0.185494359	170.700000	0.0	0.0
0.439500	0.193902954	170.433333	0.0	0.0
0.449200	0.202556490	170.200000	0.0	0.0
0.459000	0.211491072	169.866667	0.0	0.0
0.468800	0.220618472	169.633333	0.0	0.0
0.478500	0.229842613	169.300000	0.0	0.0
0.488300	0.239537465	169.100000	0.0	0.0
0.498000	0.248957579	168.800000	0.0	0.0
0.507800	0.258753000	168.566667	0.0	0.0
0.517600	0.268630427	168.266667	0.0	0.0
0.527300	0.278686251	168.000000	0.0	0.0
0.537100	0.289141417	167.733333	0.0	0.0
0.546900	0.300134450	167.466667	0.0	0.0
0.556600	0.310875434	167.133333	0.0	0.0
0.566400	0.322042475	166.933333	0.0	0.0
0.576200	0.333283010	166.666667	0.0	0.0
0.585900	0.344598722	166.433333	0.0	0.0
0.595700	0.356222926	166.133333	0.0	0.0
0.605500	0.368181216	165.933333	0.0	0.0
0.615200	0.380217983	165.666667	0.0	0.0
0.625000	0.392729358	165.533333	0.0	0.0
0.634800	0.404986459	165.233333	0.0	0.0
0.644500	0.417457733	164.933333	0.0	0.0
0.654300	0.429754574	164.566667	0.0	0.0
0.664100	0.442554703	164.266667	0.0	0.0
0.673800	0.455577234	164.033333	0.0	0.0
0.683600	0.468745856	163.800000	0.0	0.0
0.693400	0.482281950	163.633333	0.0	0.0
0.703100	0.495299089	163.333333	0.0	0.0
0.712900	0.509202542	163.100000	0.0	0.0
0.722700	0.523298443	162.800000	0.0	0.0
0.732400	0.537852681	162.566667	0.0	0.0
0.742200	0.552342634	162.300000	0.0	0.0
0.752000	0.567460559	162.066667	0.0	0.0
0.761700	0.581747570	161.866667	0.0	0.0
0.771500	0.597271595	161.566667	0.0	0.0
0.781300	0.612306658	161.266667	0.0	0.0
0.791000	0.627845762	161.000000	0.0	0.0
0.800800	0.642758945	160.733333	0.0	0.0
0.810500	0.657919419	160.533333	0.0	0.0
0.820300	0.674184489	160.233333	0.0	0.0
0.830100	0.690654471	160.033333	0.0	0.0
0.839800	0.706889842	159.766667	0.0	0.0
0.849600	0.722929046	159.466667	0.0	0.0
0.859400	0.739986901	159.266667	0.0	0.0
0.869100	0.756785554	159.000000	0.0	0.0
0.878900	0.774245926	158.733333	0.0	0.0
0.888700	0.790394107	158.433333	0.0	0.0
0.898400	0.807742287	158.233333	0.0	0.0
0.908200	0.825460561	157.933333	0.0	0.0
0.918000	0.843371063	157.766667	0.0	0.0
0.927700	0.861288099	157.466667	0.0	0.0
0.937500	0.879581094	157.233333	0.0	0.0
0.947300	0.898411029	157.000000	0.0	0.0
0.957000	0.916904017	156.766667	0.0	0.0
0.966800	0.935061014	156.500000	0.0	0.0
0.976600	0.953747560	156.266667	0.0	0.0
0.986300	0.973161083	156.000000	0.0	0.0
0.996100	0.992215210	155.766667	0.0	0.0
1.005900	1.011834810	155.500000	0.0	0.0
1.015600	1.031443360	155.233333	0.0	0.0
1.025400	1.051445160	154.966667	0.0	0.0
1.035200	1.072050376	154.733333	0.0	0.0
1.044900	1.091397091	154.466667	0.0	0.0
1.054700	1.111965276	154.266667	0.0	0.0
1.064500	1.131856402	154.000000	0.0	0.0
1.074200	1.152135688	153.733333	0.0	0.0
1.084000	1.173703945	153.433333	0.0	0.0
1.093800	1.194563309	153.166667	0.0	0.0
1.103500	1.216311114	152.933333	0.0	0.0
1.113300	1.238010757	152.700000	0.0	0.0
1.123000	1.259677907	152.500000	0.0	0.0
1.132800	1.280284479	152.233333	0.0	0.0
1.142600	1.302532113	152.033333	0.0	0.0
1.152300	1.325249931	151.733333	0.0	0.0
1.162100	1.348404942	151.433333	0.0	0.0
1.171900	1.371243058	151.266667	0.0	0.0
1.181600	1.394036991	151.033333	0.0	0.0
1.191400	1.415625982	150.766667	0.0	0.0
1.201200	1.439010558	150.433333	0.0	0.0
1.210900	1.461784071	150.133333	0.0	0.0
1.220700	1.486110910	149.933333	0.0	0.0
1.230500	1.509488827	149.633333	0.0	0.0
1.240200	1.533969722	149.400000	0.0	0.0
1.250000	1.557112625	149.133333	0.0	0.0
1.259800	1.581623860	148.933333	0.0	0.0
1.269500	1.604841244	148.700000	0.0	0.0
1.279300	1.629088957	148.466667	0.0	0.0
1.289100	1.654143630	148.166667	0.0	0.0
1.298800	1.678486657	147.933333	0.0	0.0
1.308600	1.703258240	147.666667	0.0	0.0
1.318400	1.728864893	147.433333	0.0	0.0
1.328100	1.754398390	147.200000	0.0	0.0
1.337900	1.781068574	146.900000	0.0	0.0
1.347700	1.806563051	146.633333	0.0	0.0
1.357400	1.832661922	146.366667	0.0	0.0
1.367200	1.858506565	146.100000	0.0	0.0
1.377000	1.883798936	145.900000	0.0	0.0
1.386700	1.911899374	145.666667	0.0	0.0
1.396500	1.939018176	145.466667	0.0	0.0
1.406300	1.965573493	145.200000	0.0	0.0
1.416000	1.992017610	144.900000	0.0	0.0
1.425800	2.018136579	144.600000	0.0	0.0
1.435500	2.045689552	144.366667	0.0	0.0
1.445300	2.072920622	144.133333	0.0	0.0
1.455100	2.101933707	143.900000	0.0	0.0
1.464800	2.130050971	143.633333	0.0	0.0
1.474600	2.157819561	143.333333	0.0	0.0
1.484400	2.186596044	143.100000	0.0	0.0
1.494100	2.212717640	142.866667	0.0	0.0
1.503900	2.241839853	142.600000	0.0	0.0
1.513700	2.271152458	142.300000	0.0	0.0
1.523400	2.299470818	142.100000	0.0	0.0
1.533200	2.330044889	141.800000	0.0	0.0
1.543000	2.359926727	141.633333	0.0	0.0
1.552700	2.389691136	141.333333	0.0	0.0
1.562500	2.417167346	141.066667	0.0	0.0
1.572300	2.446644265	140.833333	0.0	0.0
1.582000	2.475025199	140.566667	0.0	0.0
1.591800	2.505784205	140.300000	0.0	0.0
1.601600	2.536733165	140.033333	0.0	0.0
1.611300	2.567553377	139.800000	0.0	0.0
1.621100	2.599877855	139.600000	0.0	0.0
1.630900	2.630397191	139.300000	0.0	0.0
1.640600	2.658716808	139.033333	0.0	0.0
1.650400	2.690574963	138.833333	0.0	0.0
1.660200	2.720533965	138.533333	0.0	0.0
1.669900	2.752417198	138.333333	0.0	0.0
1.679700	2.783749238	138.033333	0.0	0.0
1.689500	2.815246273	137.733333	0.0	0.0
1.699200	2.846573042	137.533333	0.0	0.0
1.709000	2.878397654	137.333333	0.0	0.0
1.718800	2.911503769	137.066667	0.0	0.0
1.728500	2.944458478	136.766667	0.0	0.0
1.738300	2.977941260	136.500000	0.0	0.0
1.748000	3.011268792	136.233333	0.0	0.0
1.757800	3.043959854	135.966667	0.0	0.0
1.767600	3.076814539	135.766667	0.0	0.0
1.777300	3.109482725	135.466667	0.0	0.0
1.787100	3.143868529	135.166667	0.0	0.0
1.796900	3.178443414	134.900000	0.0	0.0
1.806600	3.211618950	134.633333	0.0	0.0
1.816400	3.242821072	134.433333	0.0	0.0
1.826200	3.277907371	134.166667	0.0	0.0
1.835900	3.314093144	133.933333	0.0	0.0
1.845700	3.348283513	133.666667	0.0	0.0
1.855500	3.381337991	133.400000	0.0	0.0
1.865200	3.416783650	133.133333	0.0	0.0
1.875000	3.451457612	132.900000	0.0	0.0
1.884800	3.488969821	132.600000	0.0	0.0
1.894500	3.522269260	132.400000	0.0	0.0
1.904300	3.558803985	132.100000	0.0	0.0
1.914100	3.591390089	131.866667	0.0	0.0
1.923800	3.627882178	131.600000	0.0	0.0
1.933600	3.663531596	131.366667	0.0	0.0
1.943400	3.700761211	131.100000	0.0	0.0
1.953100	3.734928509	130.800000	0.0	0.0
1.962900	3.776849535	130.566667	0.0	0.0
1.972700	3.813192725	130.300000	0.0	0.0
1.982400	3.849307253	130.033333	0.0	0.0
1.992200	3.881496553	129.766667	0.0	0.0
2.002000	3.919778077	129.533333	0.0	0.0
2.011700	3.954817360	129.300000	0.0	0.0
2.021500	3.991910766	129.100000	0.0	0.0
2.031300	4.027616738	128.800000	0.0	0.0
2.041000	4.066174472	128.566667	0.0	0.0
2.050800	4.105316243	128.300000	0.0	0.0
2.060500	4.142653133	128.000000	0.0	0.0
2.070300	4.178944124	127.700000	0.0	0.0
2.080100	4.216982137	127.433333	0.0	0.0
2.089800	4.254770274	127.166667	0.0	0.0
2.099600	4.301366630	126.966667	0.0	0.0
2.109400	4.339948240	126.666667	0.0	0.0
2.119100	4.379954204	126.433333	0.0	0.0
2.128900	4.413778389	126.133333	0.0	0.0
2.138700	4.451090306	125.866667	0.0	0.0
2.148400	4.486389278	125.633333	0.0	0.0
2.158200	4.527412265	125.333333	0.0	0.0
2.168000	4.568621954	125.066667	0.0	0.0
2.177700	4.607826332	124.866667	0.0	0.0
2.187500	4.647607638	124.633333	0.0	0.0
2.197300	4.685745658	124.333333	0.0	0.0
2.207000	4.727207503	124.033333	0.0	0.0
2.216800	4.765623100	123.766667	0.0	0.0
2.226600	4.809697278	123.500000	0.0	0.0
2.236300	4.849833111	123.266667	0.0	0.0
2.246100	4.892432499	123.000000	0.0	0.0
2.255900	4.929539548	122.800000	0.0	0.0
2.265600	4.968208407	122.500000	0.0	0.0
2.275400	5.009359199	122.200000	0.0	0.0
2.285200	5.052602091	122.000000	0.0	0.0
2.294900	5.097542616	121.700000	0.0	0.0
2.304700	5.143145416	121.400000	0.0	0.0
2.314500	5.184987379	121.166667	0.0	0.0
2.324200	5.226532561	120.966667	0.0	0.0
2.334000	5.262616262	120.666667	0.0	0.0
2.343800	5.306902392	120.433333	0.0	0.0
2.353500	5.344762422	120.166667	0.0	0.0
2.363300	5.387298545	119.866667	0.0	0.0
2.373000	5.425363106	119.633333	0.0	0.0
2.382800	5.470266896	119.333333	0.0	0.0
2.392600	5.509009612	119.066667	0.0	0.0
2.402300	5.555900796	118.833333	0.0	0.0
2.412100	5.597025480	118.533333	0.0	0.0
2.421900	5.646930133	118.266667	0.0	0.0
2.431600	5.690069916	118.033333	0.0	0.0
2.441400	5.733826495	117.833333	0.0	0.0
2.451200	5.771085332	117.533333	0.0	0.0
2.460900	5.812388023	117.300000	0.0	0.0
2.470700	5.854278297	116.966667	0.0	0.0
2.480500	5.896284939	116.700000	0.0	0.0
2.490200	5.942489973	116.433333	0.0	0.0
2.500000	5.984759241	116.133333	0.0	0.0
2.509800	6.031771718	115.866667	0.0	0.0
2.519500	6.073821978	115.566667	0.0	0.0
2.529300	6.114120889	115.333333	0.0	0.0
2.539100	6.154502385	115.066667	0.0	0.0
2.548800	6.201615696	114.866667	0.0	0.0
2.558600	6.249397142	114.566667	0.0	0.0
2.568400	6.292530402	114.366667	0.0	0.0
2.578100	6.340149779	114.066667	0.0	0.0
2.587900	6.388442367	113.700000	0.0	0.0
2.597700	6.429511667	113.433333	0.0	0.0
2.607400	6.485079768	113.200000	0.0	0.0
2.617200	6.526402033	113.033333	0.0	0.0
2.627000	6.570324393	112.766667	0.0	0.0
2.636700	6.603711702	112.466667	0.0	0.0
2.646500	6.647787522	112.100000	0.0	0.0
2.656300	6.694542627	111.866667	0.0	0.0
2.666000	6.743524766	111.633333	0.0	0.0
2.675800	6.785376736	111.366667	0.0	0.0
2.685500	6.832038632	111.133333	0.0	0.0
2.695300	6.874074310	110.833333	0.0	0.0
2.705100	6.918840445	110.600000	0.0	0.0
2.714800	6.968548832	110.300000	0.0	0.0
2.724600	7.013565188	110.033333	0.0	0.0
2.734400	7.061399093	109.733333	0.0	0.0
2.744100	7.106130862	109.500000	0.0	0.0
2.753900	7.156977723	109.200000	0.0	0.0
2.763700	7.202475623	108.900000	0.0	0.0
2.773400	7.250339712	108.633333	0.0	0.0
2.783200	7.296067302	108.433333	0.0	0.0
2.793000	7.339084218	108.133333	0.0	0.0
2.802700	7.378813954	107.900000	0.0	0.0
2.812500	7.419108611	107.600000	0.0	0.0
2.822300	7.465169703	107.333333	0.0	0.0
2.832000	7.522343562	107.033333	0.0	0.0
2.841800	7.574495057	106.800000	0.0	0.0
2.851600	7.626826708	106.533333	0.0	0.0
2.861300	7.658201510	106.300000	0.0	0.0
2.871100	7.707791739	106.033333	0.0	0.0
2.880900	7.760499951	105.733333	0.0	0.0
2.890600	7.815846055	105.466667	0.0	0.0
2.900400	7.862894699	105.266667	0.0	0.0
2.910200	7.907010935	104.966667	0.0	0.0
2.919900	7.947599178	104.666667	0.0	0.0
2.929700	7.997967508	104.433333	0.0	0.0
2.939500	8.042299869	104.166667	0.0	0.0
2.949200	8.083047243	103.833333	0.0	0.0
2.959000	8.127492866	103.533333	0.0	0.0
2.968800	8.178278254	103.266667	0.0	0.0
2.978500	8.238128127	102.966667	0.0	0.0
2.988300	8.279708677	102.733333	0.0	0.0
2.998000	8.327153883	102.466667	0.0	0.0
3.007800	8.365615699	102.166667	0.0	0.0
3.017600	8.410529571	101.933333	0.0	0.0
3.027300	8.458192956	101.666667	0.0	0.0
3.037100	8.513043455	101.366667	0.0	0.0
3.046900	8.564783741	101.100000	0.0	0.0
3.056600	8.612790515	100.833333	0.0	0.0
3.066400	8.671434457	100.533333	0.0	0.0
3.076200	8.716908133	100.333333	0.0	0.0
3.085900	8.751792862	100.033333	0.0	0.0
3.095700	8.793958282	99.766667	0.0	0.0
3.105500	8.846328596	99.500000	0.0	0.0
3.115200	8.901677751	99.233333	0.0	0.0
3.125000	8.950900100	98.933333	0.0	0.0
3.134800	9.031356994	98.666667	0.0	0.0
3.144500	9.076878694	98.366667	0.0	0.0
3.154300	9.133543999	98.166667	0.0	0.0
3.164100	9.151671053	97.833333	0.0	0.0
3.173800	9.197273718	97.533333	0.0	0.0
3.183600	9.243511632	97.300000	0.0	0.0
3.193400	9.289805941	97.033333	0.0	0.0
3.203100	9.342741403	96.800000	0.0	0.0
3.212900	9.381978149	96.466667	0.0	0.0
3.222700	9.428438186	96.200000	0.0	0.0
3.232400	9.474366838	95.933333	0.0	0.0
3.242200	9.531902753	95.666667	0.0	0.0
3.252000	9.585933397	95.400000	0.0	0.0
3.261700	9.635805547	95.100000	0.0	0.0
3.271500	9.682641430	94.866667	0.0	0.0
3.281300	9.737000905	94.566667	0.0	0.0
3.291000	9.787139186	94.333333	0.0	0.0
3.300800	9.837960804	93.966667	0.0	0.0
3.310500	9.876896840	93.700000	0.0	0.0
3.320300	9.927837291	93.366667	0.0	0.0
3.330100	9.971210478	93.166667	0.0	0.0
3.339800	10.029383871	92.900000	0.0	0.0
3.349600	10.061264411	92.566667	0.0	0.0
3.359400	10.108578835	92.233333	0.0	0.0
3.369100	10.155340045	91.966667	0.0	0.0
3.378900	10.210586237	91.766667	0.0	0.0
3.388700	10.258083865	91.566667	0.0	0.0
3.398400	10.308979044	91.266667	0.0	0.0
3.408200	10.360565902	91.066667	0.0	0.0
3.418000	10.408243647	90.700000	0.0	0.0
3.427700	10.455358826	90.466667	0.0	0.0
3.437500	10.511194693	90.233333	0.0	0.0
3.447300	10.550948229	89.933333	0.0	0.0
3.457000	10.586004942	89.733333	0.0	0.0
3.466800	10.637940963	89.366667	0.0	0.0
3.476600	10.685859303	89.066667	0.0	0.0
3.486300	10.753822037	88.733333	0.0	0.0
3.496100	10.806067917	88.466667	0.0	0.0
3.505900	10.858396984	88.233333	0.0	0.0
3.515600	10.901817602	87.966667	0.0	0.0
3.525400	10.950067601	87.633333	0.0	0.0
3.535200	10.998361168	87.333333	0.0	0.0
3.544900	11.046074726	87.066667	0.0	0.0
3.554700	11.090196513	86.833333	0.0	0.0
3.564500	11.138599057	86.600000	0.0	0.0
3.574200	11.186417764	86.333333	0.0	0.0
3.584000	11.239215592	86.033333	0.0	0.0
3.593800	11.292093756	85.733333	0.0	0.0
3.603500	11.340069584	85.466667	0.0	0.0
3.613300	11.388714576	85.233333	0.0	0.0
3.623000	11.436768616	84.933333	0.0	0.0
3.632800	11.489901646	84.733333	0.0	0.0
3.642600	11.529831661	84.433333	0.0	0.0
3.652300	11.577982441	84.166667	0.0	0.0
3.662100	11.613427112	83.833333	0.0	0.0
3.671900	11.666708772	83.566667	0.0	0.0
3.681600	11.714934624	83.300000	0.0	0.0
3.691400	11.768349266	83.000000	0.0	0.0
3.701200	11.817304882	82.700000	0.0	0.0
3.710900	11.865658253	82.466667	0.0	0.0
3.720700	11.914687110	82.200000	0.0	0.0
3.730500	11.959162176	81.900000	0.0	0.0
3.740200	12.007602938	81.600000	0.0	0.0
3.750000	12.070609555	81.366667	0.0	0.0
3.759800	12.115169290	81.066667	0.0	0.0
3.769500	12.159083156	80.800000	0.0	0.0
3.779300	12.198957969	80.500000	0.0	0.0
3.789100	12.238798959	80.200000	0.0	0.0
3.798800	12.296821211	79.900000	0.0	0.0
3.808600	12.336654237	79.700000	0.0	0.0
3.818400	12.390709528	79.466667	0.0	0.0
3.828100	12.444187563	79.200000	0.0	0.0
3.837900	12.527198984	78.866667	0.0	0.0
3.847700	12.576768685	78.533333	0.0	0.0
3.857400	12.625716081	78.266667	0.0	0.0
3.867200	12.636494115	78.033333	0.0	0.0
3.877000	12.676273534	77.766667	0.0	0.0
3.886700	12.715361371	77.533333	0.0	0.0
3.896500	12.759961416	77.233333	0.0	0.0
3.906300	12.799642917	76.966667	0.0	0.0
3.916000	12.853420022	76.700000	0.0	0.0
3.925800	12.902969619	76.400000	0.0	0.0
3.935500	12.946921063	76.133333	0.0	0.0
3.945300	12.991522954	75.833333	0.0	0.0
3.955100	13.041121382	75.533333	0.0	0.0
3.964800	13.100138968	75.333333	0.0	0.0
3.974600	13.144786090	75.033333	0.0	0.0
3.984400	13.194487606	74.800000	0.0	0.0
3.994100	13.228315207	74.533333	0.0	0.0
4.003900	13.267826314	74.233333	0.0	0.0
4.013700	13.317513639	73.933333	0.0	0.0
4.023400	13.351183241	73.600000	0.0	0.0
4.033200	13.406009322	73.333333	0.0	0.0
4.043000	13.450573934	73.133333	0.0	0.0
4.052700	13.499641833	72.866667	0.0	0.0
4.062500	13.533810191	72.533333	0.0	0.0
4.072300	13.578324871	72.266667	0.0	0.0
4.082000	13.627389446	72.000000	0.0	0.0
4.091800	13.677145362	71.700000	0.0	0.0
4.101600	13.716393702	71.400000	0.0	0.0
4.111300	13.770773543	71.100000	0.0	0.0
4.121100	13.804678793	70.866667	0.0	0.0
4.130900	13.854452358	70.600000	0.0	0.0
4.140600	13.898242622	70.366667	0.0	0.0
4.150400	13.953395648	70.100000	0.0	0.0
4.160200	13.992492603	69.800000	0.0	0.0
4.169900	14.030870413	69.500000	0.0	0.0
4.179700	14.069874459	69.233333	0.0	0.0
4.189500	14.114247309	69.000000	0.0	0.0
4.199200	14.152498565	68.700000	0.0	0.0
4.209000	14.202272836	68.400000	0.0	0.0
4.218800	14.235668777	68.133333	0.0	0.0
4.228500	14.279269923	67.833333	0.0	0.0
4.238300	14.312540272	67.533333	0.0	0.0
4.248000	14.361584223	67.300000	0.0	0.0
4.257800	14.411322884	67.066667	0.0	0.0
4.267600	14.455532005	66.800000	0.0	0.0
4.277300	14.493482712	66.533333	0.0	0.0
4.287100	14.548801810	66.300000	0.0	0.0
4.296900	14.598575938	66.000000	0.0	0.0
4.306600	14.636449505	65.700000	0.0	0.0
4.316400	14.674952394	65.400000	0.0	0.0
4.326200	14.696475194	65.133333	0.0	0.0
4.335900	14.734153210	64.833333	0.0	0.0
4.345700	14.772459820	64.566667	0.0	0.0
4.355500	14.822087389	64.300000	0.0	0.0
4.365200	14.865343864	64.066667	0.0	0.0
4.375000	14.914983642	63.866667	0.0	0.0
4.384800	14.953157629	63.600000	0.0	0.0
4.394500	14.996351257	63.333333	0.0	0.0
4.404300	15.040206073	63.033333	0.0	0.0
4.414100	15.078252167	62.700000	0.0	0.0
4.423800	15.109762403	62.433333	0.0	0.0
4.433600	15.141875938	62.133333	0.0	0.0
4.443400	15.185560325	61.900000	0.0	0.0
4.453100	15.216854771	61.600000	0.0	0.0
4.462900	15.260460700	61.366667	0.0	0.0
4.472700	15.304043998	61.066667	0.0	0.0
4.482400	15.335144958	60.766667	0.0	0.0
4.492200	15.378648371	60.466667	0.0	0.0
4.502000	15.422128402	60.266667	0.0	0.0
4.511700	15.464899241	59.966667	0.0	0.0
4.521500	15.502380907	59.733333	0.0	0.0
4.531300	15.551739234	59.433333	0.0	0.0
4.541000	15.582471352	59.233333	0.0	0.0
4.550800	15.613807911	58.933333	0.0	0.0
4.560500	15.662397919	58.633333	0.0	0.0
4.570300	15.699629997	58.366667	0.0	0.0
4.580100	15.736805867	58.066667	0.0	0.0
4.589800	15.767185965	57.833333	0.0	0.0
4.599600	15.798170525	57.533333	0.0	0.0
4.609400	15.829072259	57.300000	0.0	0.0
4.619100	15.859204369	57.033333	0.0	0.0
4.628900	15.908244747	56.766667	0.0	0.0
4.638700	15.938932778	56.533333	0.0	0.0
4.648400	15.968850376	56.266667	0.0	0.0
4.658200	16.017802289	56.000000	0.0	0.0
4.668000	16.060597371	55.700000	0.0	0.0
4.677700	16.096497899	55.466667	0.0	0.0
4.687500	16.126838179	55.166667	0.0	0.0
4.697300	16.163296108	54.966667	0.0	0.0
4.707000	16.205224923	54.633333	0.0	0.0
4.716800	16.241579304	54.400000	0.0	0.0
4.726600	16.271629038	54.100000	0.0	0.0
4.736300	16.300905865	53.833333	0.0	0.0
4.746100	16.311995854	53.533333	0.0	0.0
4.755900	16.354305093	53.300000	0.0	0.0
4.765600	16.389605777	53.100000	0.0	0.0
4.775400	16.431839220	52.800000	0.0	0.0
4.785200	16.474042731	52.500000	0.0	0.0
4.794900	16.502855932	52.266667	0.0	0.0
4.804700	16.551316824	52.000000	0.0	0.0
4.814500	16.580681695	51.733333	0.0	0.0
4.824200	16.609272434	51.466667	0.0	0.0
4.834000	16.638466328	51.200000	0.0	0.0
4.843800	16.680372275	50.966667	0.0	0.0
4.853500	16.702317481	50.700000	0.0	0.0
4.863300	16.724845749	50.400000	0.0	0.0
4.873000	16.740155561	50.200000	0.0	0.0
4.882800	16.768898595	49.900000	0.0	0.0
4.892600	16.797555652	49.600000	0.0	0.0
4.902300	16.844822386	49.366667	0.0	0.0
4.912100	16.879816939	49.100000	0.0	0.0
4.921900	16.921242060	48.833333	0.0	0.0
4.931600	16.955438313	48.600000	0.0	0.0
4.941400	16.983740877	48.366667	0.0	0.0
4.951200	17.011956859	48.100000	0.0	0.0
4.960900	17.039399246	47.800000	0.0	0.0
4.970700	17.067442117	47.500000	0.0	0.0
4.980500	17.101960100	47.233333	0.0	0.0
4.990200	17.135728416	47.000000	0.0	0.0
5.000000	17.163532446	46.766667	0.0	0.0
5.009800	17.191249505	46.500000	0.0	0.0
5.019500	17.218193486	46.300000	0.0	0.0
5.029300	17.252356265	46.000000	0.0	0.0
5.039100	17.279822904	45.700000	0.0	0.0
5.048800	17.313159671	45.466667	0.0	0.0
5.058600	17.333809236	45.266667	0.0	0.0
5.068400	17.361014421	45.000000	0.0	0.0
5.078100	17.380776081	44.666667	0.0	0.0
5.087900	17.407796475	44.400000	0.0	0.0
5.097700	17.441421618	44.133333	0.0	0.0
5.107400	17.481005561	43.900000	0.0	0.0
5.117200	17.507794851	43.633333	0.0	0.0
5.127000	17.527768754	43.466667	0.0	0.0
5.136700	17.553689196	43.200000	0.0	0.0
5.146500	17.580205778	42.900000	0.0	0.0
5.156300	17.606634732	42.666667	0.0	0.0
5.166000	17.632293393	42.400000	0.0	0.0
5.175800	17.638228825	42.100000	0.0	0.0
5.185500	17.670463605	41.866667	0.0	0.0
5.195300	17.689732329	41.633333	0.0	0.0
5.205100	17.722493339	41.466667	0.0	0.0
5.214800	17.754508208	41.166667	0.0	0.0
5.224600	17.787138723	40.933333	0.0	0.0
5.234400	17.812866562	40.666667	0.0	0.0
5.244100	17.837826250	40.466667	0.0	0.0
5.253900	17.863378680	40.166667	0.0	0.0
5.263700	17.881979451	39.866667	0.0	0.0
5.273400	17.906667234	39.633333	0.0	0.0
5.283200	17.931946583	39.400000	0.0	0.0
5.293000	17.943360721	39.133333	0.0	0.0
5.302700	17.981563399	38.866667	0.0	0.0
5.312500	18.006579361	38.633333	0.0	0.0
5.322300	18.031507405	38.333333	0.0	0.0
5.332000	18.048742467	38.133333	0.0	0.0
5.341800	18.066550840	37.900000	0.0	0.0
5.351600	18.098140557	37.666667	0.0	0.0
5.361300	18.128987621	37.400000	0.0	0.0
5.371100	18.146511284	37.133333	0.0	0.0
5.380900	18.184854987	36.933333	0.0	0.0
5.390600	18.187550572	36.633333	0.0	0.0
5.400400	18.211757433	36.400000	0.0	0.0
5.410200	18.235876407	36.166667	0.0	0.0
5.419900	18.259233705	35.933333	0.0	0.0
5.429700	18.283177245	35.666667	0.0	0.0
5.439500	18.292987131	35.400000	0.0	0.0
5.449200	18.316064430	35.200000	0.0	0.0
5.459000	18.332689742	35.000000	0.0	0.0
5.468800	18.356254997	34.700000	0.0	0.0
5.478500	18.364960502	34.466667	0.0	0.0
5.488300	18.381277233	34.200000	0.0	0.0
5.498000	18.403883313	34.000000	0.0	0.0
5.507800	18.434144611	33.733333	0.0	0.0
5.517600	18.450172288	33.500000	0.0	0.0
5.527300	18.458344221	33.200000	0.0	0.0
5.537100	18.488346301	32.933333	0.0	0.0
5.546900	18.518281129	32.633333	0.0	0.0
5.556600	18.547481042	32.433333	0.0	0.0
5.566400	18.584411914	32.233333	0.0	0.0
5.576200	18.585604201	31.966667	0.0	0.0
5.585900	18.593150295	31.733333	0.0	0.0
5.595700	18.608391972	31.466667	0.0	0.0
5.605500	18.630680315	31.266667	0.0	0.0
5.615200	18.645060295	31.000000	0.0	0.0
5.625000	18.667165888	30.833333	0.0	0.0
5.634800	18.682013369	30.533333	0.0	0.0
5.644500	18.710452385	30.333333	0.0	0.0
5.654300	18.717924631	30.033333	0.0	0.0
5.664100	18.739665066	29.800000	0.0	0.0
5.673800	18.739070535	29.533333	0.0	0.0
5.683600	18.746218635	29.333333	0.0	0.0
5.693400	18.774860870	29.133333	0.0	0.0
5.703100	18.795561602	28.933333	0.0	0.0
5.712900	18.816835038	28.700000	0.0	0.0
5.722700	18.823568516	28.466667	0.0	0.0
5.732400	18.843994754	28.200000	0.0	0.0
5.742200	18.857753868	27.966667	0.0	0.0
5.752000	18.878656656	27.733333	0.0	0.0
5.761700	18.884317058	27.433333	0.0	0.0
5.771500	18.905031268	27.200000	0.0	0.0
5.781300	18.903882633	26.966667	0.0	0.0
5.791000	18.909227918	26.766667	0.0	0.0
5.800800	18.944178808	26.533333	0.0	0.0
5.810500	18.963871814	26.266667	0.0	0.0
5.820300	18.976847786	26.066667	0.0	0.0
5.830100	18.982438784	25.833333	0.0	0.0
5.839800	18.994561884	25.600000	0.0	0.0
5.849600	18.999944810	25.366667	0.0	0.0
5.859400	18.997930452	25.166667	0.0	0.0
5.869100	19.017044315	24.933333	0.0	0.0
5.878900	19.036721037	24.666667	0.0	0.0
5.888700	19.070944084	24.400000	0.0	0.0
5.898400	19.067852120	24.166667	0.0	0.0
5.908200	19.094591714	23.966667	0.0	0.0
5.918000	19.091933881	23.733333	0.0	0.0
5.927700	19.125190302	23.533333	0.0	0.0
5.937500	19.129659739	23.300000	0.0	0.0
5.947300	19.141370332	23.100000	0.0	0.0
5.957000	19.137646732	22.833333	0.0	0.0
5.966800	19.141808280	22.633333	0.0	0.0
5.976600	19.153216347	22.400000	0.0	0.0
5.986300	19.171243718	22.166667	0.0	0.0
5.996100	19.145691984	22.033333	0.0	0.0
6.005900	19.156795372	21.800000	0.0	0.0
6.015600	19.167165876	21.600000	0.0	0.0
6.025400	19.192804206	21.233333	0.0	0.0
6.035200	19.196261912	21.033333	0.0	0.0
6.044900	19.206353070	20.866667	0.0	0.0
6.054700	19.209611969	20.633333	0.0	0.0
6.064500	19.227522760	20.333333	0.0	0.0
6.074200	19.252102929	20.133333	0.0	0.0
6.084000	19.269853404	19.900000	0.0	0.0
6.093800	19.265327356	19.700000	0.0	0.0
6.103500	19.260071623	19.533333	0.0	0.0
6.113300	19.277531311	19.333333	0.0	0.0
6.123000	19.294277429	19.066667	0.0	0.0
6.132800	19.304161273	18.833333	0.0	0.0
6.142600	19.306540964	18.600000	0.0	0.0
6.152300	19.315606188	18.366667	0.0	0.0
6.162100	19.310379864	18.133333	0.0	0.0
6.171900	19.327295865	17.933333	0.0	0.0
6.181600	19.343503296	17.700000	0.0	0.0
6.191400	19.345400522	17.466667	0.0	0.0
6.201200	19.339777652	17.233333	0.0	0.0
6.210900	19.355708533	17.033333	0.0	0.0
6.220700	19.364747940	16.800000	0.0	0.0
6.230500	19.366261898	16.600000	0.0	0.0
6.240200	19.374493228	16.366667	0.0	0.0
6.250000	19.383254648	16.166667	0.0	0.0
6.259800	19.384484176	15.933333	0.0	0.0
6.269500	19.399884610	15.733333	0.0	0.0
6.279300	19.393482301	15.533333	0.0	0.0
6.289100	19.409320610	15.333333	0.0	0.0
6.298800	19.409557643	15.066667	0.0	0.0
6.308600	19.417768387	14.866667	0.0	0.0
6.318400	19.448266609	14.633333	0.0	0.0
6.328100	19.455691310	14.500000	0.0	0.0
6.337900	19.448708412	14.200000	0.0	0.0
6.347700	19.426718773	13.966667	0.0	0.0
6.357400	19.411499057	13.766667	0.0	0.0
6.367200	19.426608293	13.600000	0.0	0.0
6.377000	19.441637176	13.400000	0.0	0.0
6.386700	19.448511441	13.200000	0.0	0.0
6.396500	19.448441659	13.000000	0.0	0.0
6.406300	19.440818454	12.800000	0.0	0.0
6.416000	19.447422251	12.600000	0.0	0.0
6.425800	19.439618682	12.366667	0.0	0.0
6.435500	19.453507763	12.100000	0.0	0.0
6.445300	19.460452748	11.900000	0.0	0.0
6.455100	19.474782490	11.700000	0.0	0.0
6.464800	19.480952504	11.500000	0.0	0.0
6.474600	19.472687121	11.266667	0.0	0.0
6.484400	19.479281223	11.033333	0.0	0.0
6.494100	19.470238753	10.866667	0.0	0.0
6.503900	19.476655251	10.666667	0.0	0.0
6.513700	19.468037389	10.466667	0.0	0.0
6.523400	19.518570990	10.166667	0.0	0.0
6.533200	19.509759095	9.966667	0.0	0.0
6.543000	19.523327547	9.766667	0.0	0.0
6.552700	19.483810809	9.633333	0.0	0.0
6.562500	19.474753358	9.400000	0.0	0.0
6.572300	19.473084937	9.200000	0.0	0.0
6.582000	19.493167859	9.000000	0.0	0.0
6.591800	19.483847012	8.833333	0.0	0.0
6.601600	19.504361869	8.533333	0.0	0.0
6.611300	19.494273840	8.300000	0.0	0.0
6.621100	19.492174666	8.100000	0.0	0.0
6.630900	19.482512197	8.000000	0.0	0.0
6.640600	19.487134178	7.800000	0.0	0.0
6.650400	19.499742137	7.600000	0.0	0.0
6.660200	19.504786837	7.366667	0.0	0.0
6.669900	19.501677883	7.166667	0.0	0.0
6.679700	19.499070773	7.000000	0.0	0.0
6.689500	19.503863529	6.800000	0.0	0.0
6.699200	19.507991324	6.633333	0.0	0.0
6.709000	19.520109539	6.400000	0.0	0.0
6.718800	19.517166200	6.166667	0.0	0.0
6.728500	19.528543202	5.933333	0.0	0.0
6.738300	19.510452942	5.733333	0.0	0.0
6.748000	19.521663143	5.600000	0.0	0.0
6.757800	19.510901466	5.400000	0.0	0.0
6.767600	19.522526911	5.166667	0.0	0.0
6.777300	19.533500917	4.966667	0.0	0.0
6.787100	19.522487921	4.766667	0.0	0.0
6.796900	19.511399775	4.633333	0.0	0.0
6.806600	19.484703079	4.433333	0.0	0.0
6.816400	19.488427699	4.200000	0.0	0.0
6.826200	19.492072450	4.000000	0.0	0.0
6.835900	19.487587068	3.766667	0.0	0.0
6.845700	19.491072017	3.600000	0.0	0.0
6.855500	19.486997840	3.400000	0.0	0.0
6.865200	19.482277318	3.233333	0.0	0.0
6.875000	19.455634775	3.000000	0.0	0.0
6.884800	19.451330996	2.800000	0.0	0.0
6.894500	19.453849506	2.566667	0.0	0.0
6.904300	19.464323206	2.400000	0.0	0.0
6.914100	19.474724072	2.200000	0.0	0.0
6.923800	19.462069935	2.100000	0.0	0.0
6.933600	19.457374314	1.933333	0.0	0.0
6.943400	19.452602104	1.733333	0.0	0.0
6.953100	19.469596498	1.466667	0.0	0.0
6.962900	19.464667194	1.266667	0.0	0.0
6.972700	19.459662042	1.100000	0.0	0.0
6.982400	19.461491272	0.900000	0.0	0.0
6.992200	19.448868986	0.700000	0.0	0.0
7.002000	19.436178527	0.533333	0.0	0.0
7.011700	19.422866234	0.366667	0.0	0.0
7.021500	19.417491946	0.166667	0.0	0.0
7.031300	19.426948529	-0.033333	0.0	0.0
7.041000	19.435782125	-0.166667	0.0	0.0
7.050800	19.437636596	-0.466667	0.0	0.0
7.060500	19.423951339	-0.633333	0.0	0.0
7.070300	19.425655541	-0.833333	0.0	0.0
7.080100	19.427285245	-0.966667	0.0	0.0
7.089800	19.428292570	-1.166667	0.0	0.0
7.099600	19.422319534	-1.366667	0.0	0.0
7.109400	19.423727042	-1.566667	0.0	0.0
7.119100	19.431970991	-1.700000	0.0	0.0
7.128900	19.410871987	-1.900000	0.0	0.0
7.138700	19.404610482	-2.100000	0.0	0.0
7.148400	19.390292436	-2.300000	0.0	0.0
7.158200	19.398775788	-2.466667	0.0	0.0
7.168000	19.399743746	-2.666667	0.0	0.0
7.177700	19.407545146	-2.866667	0.0	0.0
7.187500	19.393478605	-3.066667	0.0	0.0
7.197300	19.379350204	-3.266667	0.0	0.0
7.207000	19.386930085	-3.466667	0.0	0.0
7.216800	19.365230602	-3.666667	0.0	0.0
7.226600	19.343484068	-3.866667	0.0	0.0
7.236300	19.335992107	-3.966667	0.0	0.0
7.246100	19.328967083	-4.166667	0.0	0.0
7.255900	19.321873927	-4.366667	0.0	0.0
7.265600	19.321594755	-4.533333	0.0	0.0
7.275400	19.329194291	-4.666667	0.0	0.0
7.285200	19.314477226	-4.866667	0.0	0.0
7.294900	19.313990750	-5.033333	0.0	0.0
7.304700	19.291741567	-5.200000	0.0	0.0
7.314500	19.291646197	-5.333333	0.0	0.0
7.324200	19.283553034	-5.533333	0.0	0.0
7.334000	19.283320132	-5.800000	0.0	0.0
7.343800	19.283018371	-6.000000	0.0	0.0
7.353500	19.274725133	-6.100000	0.0	0.0
7.363300	19.266891732	-6.300000	0.0	0.0
7.373000	19.258470876	-6.466667	0.0	0.0
7.382800	19.265289539	-6.533333	0.0	0.0
7.392600	19.257256536	-6.700000	0.0	0.0
7.402300	19.241253632	-6.900000	0.0	0.0
7.412100	19.225716762	-7.166667	0.0	0.0
7.421900	19.232254486	-7.200000	0.0	0.0
7.431600	19.230828083	-7.366667	0.0	0.0
7.441400	19.215099302	-7.533333	0.0	0.0
7.451200	19.199316788	-7.900000	0.0	0.0
7.460900	19.197695762	-8.100000	0.0	0.0
7.470700	19.203892242	-8.300000	0.0	0.0
7.480500	19.187920977	-8.466667	0.0	0.0
7.490200	19.193469860	-8.600000	0.0	0.0
7.500000	19.177376448	-8.733333	0.0	0.0
7.509800	19.168585905	-8.900000	0.0	0.0
7.519500	19.159224544	-9.066667	0.0	0.0
7.529300	19.150312707	-9.233333	0.0	0.0
7.539100	19.148687330	-9.400000	0.0	0.0
7.548800	19.124459583	-9.600000	0.0	0.0
7.558600	19.108036387	-9.800000	0.0	0.0
7.568400	19.106222050	-9.966667	0.0	0.0
7.578100	19.096509670	-10.100000	0.0	0.0
7.587900	19.094569183	-10.233333	0.0	0.0
7.597700	19.077916735	-10.400000	0.0	0.0
7.607400	19.075349525	-10.533333	0.0	0.0
7.617200	19.073221433	-10.733333	0.0	0.0
7.627000	19.071030444	-10.900000	0.0	0.0
7.636700	19.046336820	-11.066667	0.0	0.0
7.646500	19.036716942	-11.233333	0.0	0.0
7.656300	19.034342712	-11.400000	0.0	0.0
7.666000	19.016808355	-11.600000	0.0	0.0
7.675800	19.021611202	-11.733333	0.0	0.0
7.685500	19.003966396	-11.900000	0.0	0.0
7.695300	18.994058771	-12.100000	0.0	0.0
7.705100	18.991381548	-12.233333	0.0	0.0
7.714800	18.973582658	-12.400000	0.0	0.0
7.724600	18.963507433	-12.600000	0.0	0.0
7.734400	18.938834873	-12.766667	0.0	0.0
7.744100	18.942701026	-12.900000	0.0	0.0
7.753900	18.932460444	-13.066667	0.0	0.0
7.763700	18.929427989	-13.266667	0.0	0.0
7.773400	18.918587095	-13.366667	0.0	0.0
7.783200	18.915437070	-13.566667	0.0	0.0
7.793000	18.904971159	-13.766667	0.0	0.0
7.802700	18.901219202	-13.933333	0.0	0.0
7.812500	18.890642420	-14.100000	0.0	0.0
7.822300	18.872768058	-14.233333	0.0	0.0
7.832000	18.861606968	-14.400000	0.0	0.0
7.841800	18.843642522	-14.566667	0.0	0.0
7.851600	18.832862374	-14.700000	0.0	0.0
7.861300	18.821550904	-14.833333	0.0	0.0
7.871100	18.803449441	-15.100000	0.0	0.0
7.880900	18.799730936	-15.266667	0.0	0.0
7.890600	18.781058104	-15.400000	0.0	0.0
7.900400	18.777228619	-15.533333	0.0	0.0
7.910200	18.780548060	-15.700000	0.0	0.0
7.919900	18.783336090	-15.900000	0.0	0.0
7.929700	18.779333780	-16.033333	0.0	0.0
7.939500	18.760869942	-16.233333	0.0	0.0
7.949200	18.734704514	-16.366667	0.0	0.0
7.959000	18.759316443	-16.566667	0.0	0.0
7.968800	18.740701969	-16.733333	0.0	0.0
7.978500	18.735954890	-16.866667	0.0	0.0
7.988300	18.702890569	-17.000000	0.0	0.0
7.998000	18.698042084	-17.133333	0.0	0.0
8.007800	18.672097321	-17.266667	0.0	0.0
8.017600	18.660449635	-17.400000	0.0	0.0
8.027300	18.641133693	-17.566667	0.0	0.0
8.037100	18.643698769	-17.733333	0.0	0.0
8.046900	18.624753862	-17.966667	0.0	0.0
8.056600	18.641045679	-18.166667	0.0	0.0
8.066400	18.636292080	-18.300000	0.0	0.0
8.076200	18.617189984	-18.400000	0.0	0.0
8.085900	18.590456975	-18.533333	0.0	0.0
8.095700	18.571293169	-18.666667	0.0	0.0
8.105500	18.559215741	-18.833333	0.0	0.0
8.115200	18.553753757	-19.000000	0.0	0.0
8.125000	18.534465771	-19.200000	0.0	0.0
8.134800	18.508039878	-19.300000	0.0	0.0
8.144500	18.523747621	-19.466667	0.0	0.0
8.154300	18.518538292	-19.633333	0.0	0.0
8.164100	18.506173577	-19.800000	0.0	0.0
8.173800	18.486215609	-19.933333	0.0	0.0
8.183600	18.487951252	-20.066667	0.0	0.0
8.193400	18.482539729	-20.233333	0.0	0.0
8.203100	18.462450548	-20.466667	0.0	0.0
8.212900	18.435704421	-20.600000	0.0	0.0
8.222700	18.423079429	-20.733333	0.0	0.0
8.232400	18.402899792	-20.833333	0.0	0.0
8.242200	18.397252284	-21.000000	0.0	0.0
8.252000	18.398613881	-21.100000	0.0	0.0
8.261700	18.406540675	-21.300000	0.0	0.0
8.271500	18.379564423	-21.400000	0.0	0.0
8.281300	18.345534472	-21.600000	0.0	0.0
8.291000	18.325134193	-21.800000	0.0	0.0
8.300800	18.333268550	-21.900000	0.0	0.0
8.310500	18.326842223	-22.100000	0.0	0.0
8.320300	18.320808617	-22.233333	0.0	0.0
8.330100	18.300674501	-22.400000	0.0	0.0
8.339800	18.280073526	-22.500000	0.0	0.0
8.349600	18.259883720	-22.700000	0.0	0.0
8.359400	18.239665958	-22.800000	0.0	0.0
8.369100	18.232974068	-22.966667	0.0	0.0
8.378900	18.233666810	-23.066667	0.0	0.0
8.388700	18.241308707	-23.233333	0.0	0.0
8.398400	18.241467657	-23.366667	0.0	0.0
8.408200	18.214030807	-23.500000	0.0	0.0
8.418000	18.193566513	-23.666667	0.0	0.0
8.427700	18.179620037	-23.800000	0.0	0.0
8.437500	18.159096575	-23.966667	0.0	0.0
8.447300	18.145509605	-24.066667	0.0	0.0
8.457000	18.138414736	-24.233333	0.0	0.0
8.466800	18.117791978	-24.400000	0.0	0.0
8.476600	18.117991282	-24.566667	0.0	0.0
8.486300	18.103814638	-24.700000	0.0	0.0
8.496100	18.090027661	-24.833333	0.0	0.0
8.505900	18.083141412	-25.000000	0.0	0.0
8.515600	18.075785259	-25.166667	0.0	0.0
8.525400	18.061876259	-25.266667	0.0	0.0
8.535200	18.047930265	-25.400000	0.0	0.0
8.544900	18.026606105	-25.566667	0.0	0.0
8.554700	18.012592949	-25.733333	0.0	0.0
8.564500	18.040034375	-25.833333	0.0	0.0
8.574200	18.025495803	-25.966667	0.0	0.0
8.584000	18.025172016	-26.066667	0.0	0.0
8.593800	17.962653177	-26.233333	0.0	0.0
8.603500	17.968713854	-26.433333	0.0	0.0
8.613300	17.947576554	-26.533333	0.0	0.0
8.623000	17.932882609	-26.666667	0.0	0.0
8.632800	17.918570472	-26.833333	0.0	0.0
8.642600	17.911095929	-26.966667	0.0	0.0
8.652300	17.896295351	-27.066667	0.0	0.0
8.662100	17.881874929	-27.200000	0.0	0.0
8.671900	17.874278578	-27.366667	0.0	0.0
8.681600	17.873085963	-27.566667	0.0	0.0
8.691400	17.858547863	-27.700000	0.0	0.0
8.701200	17.837129650	-27.833333	0.0	0.0
8.710900	17.822121069	-27.933333	0.0	0.0
8.720700	17.807489349	-28.133333	0.0	0.0
8.730500	17.785997763	-28.233333	0.0	0.0
8.740200	17.784544285	-28.400000	0.0	0.0
8.750000	17.776630254	-28.533333	0.0	0.0
8.759800	17.768675166	-28.633333	0.0	0.0
8.769500	17.753459681	-28.766667	0.0	0.0
8.779300	17.738617920	-28.900000	0.0	0.0
8.789100	17.716943964	-29.066667	0.0	0.0
8.798800	17.708436791	-29.166667	0.0	0.0
8.808600	17.686712299	-29.366667	0.0	0.0
8.818400	17.678534300	-29.433333	0.0	0.0
8.828100	17.676698504	-29.533333	0.0	0.0
8.837900	17.675220207	-29.733333	0.0	0.0
8.847700	17.666917340	-29.900000	0.0	0.0
8.857400	17.644628370	-30.000000	0.0	0.0
8.867200	17.622722729	-30.133333	0.0	0.0
8.877000	17.600801286	-30.233333	0.0	0.0
8.886700	17.598718262	-30.366667	0.0	0.0
8.896500	17.583488140	-30.533333	0.0	0.0
8.906300	17.568228563	-30.633333	0.0	0.0
8.916000	17.545811244	-30.766667	0.0	0.0
8.925800	17.537228857	-30.933333	0.0	0.0
8.935500	17.521490666	-31.066667	0.0	0.0
8.945300	17.506116742	-31.200000	0.0	0.0
8.955100	17.490714322	-31.333333	0.0	0.0
8.964800	17.474893739	-31.533333	0.0	0.0
8.974600	17.466137261	-31.633333	0.0	0.0
8.984400	17.464044327	-31.800000	0.0	0.0
8.994100	17.441430049	-31.933333	0.0	0.0
9.003900	17.425877601	-32.133333	0.0	0.0
9.013700	17.416980502	-32.166667	0.0	0.0
9.023400	17.400981799	-32.300000	0.0	0.0
9.033200	17.378671940	-32.400000	0.0	0.0
9.043000	17.376343571	-32.600000	0.0	0.0
9.052700	17.373590871	-32.700000	0.0	0.0
9.062500	17.364516922	-32.800000	0.0	0.0
9.072300	17.335437470	-32.900000	0.0	0.0
9.082000	17.319273153	-33.066667	0.0	0.0
9.091800	17.296825893	-33.166667	0.0	0.0
9.101600	17.294266889	-33.266667	0.0	0.0
9.111300	17.291288610	-33.400000	0.0	0.0
9.121100	17.268757903	-33.566667	0.0	0.0
9.130900	17.246216736	-33.700000	0.0	0.0
9.140600	17.236512893	-33.800000	0.0	0.0
9.150400	17.233764675	-33.900000	0.0	0.0
9.160200	17.217757176	-34.066667	0.0	0.0
9.169900	17.201349997	-34.200000	0.0	0.0
9.179700	17.191890777	-34.333333	0.0	0.0
9.189500	17.175804869	-34.500000	0.0	0.0
9.199200	17.165908316	-34.600000	0.0	0.0
9.209000	17.143188978	-34.733333	0.0	0.0
9.218800	17.133606416	-34.833333	0.0	0.0
9.228500	17.117049232	-35.000000	0.0	0.0
9.238300	17.107404426	-35.133333	0.0	0.0
9.248000	17.103919433	-35.233333	0.0	0.0
9.257800	17.094205554	-35.400000	0.0	0.0
9.267600	17.077903758	-35.500000	0.0	0.0
9.277300	17.067760282	-35.600000	0.0	0.0
9.287100	17.038325489	-35.700000	0.0	0.0
9.296900	17.021963406	-35.866667	0.0	0.0
9.306600	16.998689058	-36.033333	0.0	0.0
9.316400	16.975774077	-36.166667	0.0	0.0
9.326200	16.965869259	-36.333333	0.0	0.0
9.335900	16.962077729	-36.400000	0.0	0.0
9.345700	16.952106489	-36.533333	0.0	0.0
9.355500	16.948606872	-36.633333	0.0	0.0
9.365200	16.938207398	-36.766667	0.0	0.0
9.375000	16.921643951	-36.866667	0.0	0.0
9.384800	16.911548557	-37.000000	0.0	0.0
9.394500	16.901062516	-37.033333	0.0	0.0
9.404300	16.877946902	-37.166667	0.0	0.0
9.414100	16.854826297	-37.333333	0.0	0.0
9.423800	16.837804180	-37.500000	0.0	0.0
9.433600	16.821120231	-37.600000	0.0	0.0
9.443400	16.804416544	-37.700000	0.0	0.0
9.453100	16.806676378	-37.866667	0.0	0.0
9.462900	16.802806831	-38.000000	0.0	0.0
9.472700	16.792456561	-38.100000	0.0	0.0
9.482400	16.775283797	-38.200000	0.0	0.0
9.492200	16.752016563	-38.300000	0.0	0.0
9.502000	16.709497339	-38.433333	0.0	0.0
9.511700	16.705120842	-38.600000	0.0	0.0
9.521500	16.669045939	-38.733333	0.0	0.0
9.531300	16.664960115	-38.833333	0.0	0.0
9.541000	16.660490823	-38.966667	0.0	0.0
9.550800	16.662730423	-39.033333	0.0	0.0
9.560500	16.645411843	-39.133333	0.0	0.0
9.570300	16.622044358	-39.333333	0.0	0.0
9.580100	16.617795804	-39.433333	0.0	0.0
9.589800	16.613167087	-39.566667	0.0	0.0
9.599600	16.589741061	-39.666667	0.0	0.0
9.609400	16.579033534	-39.766667	0.0	0.0
9.619100	16.567953972	-39.933333	0.0	0.0
9.628900	16.550839207	-40.033333	0.0	0.0
9.638700	16.527364041	-40.133333	0.0	0.0
9.648400	16.509880634	-40.233333	0.0	0.0
9.658200	16.505387402	-40.333333	0.0	0.0
9.668000	16.488201394	-40.466667	0.0	0.0
9.677700	16.483305599	-40.566667	0.0	0.0
9.687500	16.466075322	-40.733333	0.0	0.0
9.697300	16.455143072	-40.866667	0.0	0.0
9.707000	16.424924903	-40.966667	0.0	0.0
9.716800	16.420253625	-41.066667	0.0	0.0
9.726600	16.402955713	-41.233333	0.0	0.0
9.736300	16.397887188	-41.333333	0.0	0.0
9.746100	16.380546728	-41.433333	0.0	0.0
9.755900	16.369472328	-41.533333	0.0	0.0
9.765600	16.339215338	-41.633333	0.0	0.0
9.775400	16.315575904	-41.800000	0.0	0.0
9.785200	16.310705511	-41.933333	0.0	0.0
9.794900	16.311729578	-42.000000	0.0	0.0
9.804700	16.288032218	-42.133333	0.0	0.0
9.814500	16.264336787	-42.233333	0.0	0.0
9.824200	16.259020941	-42.333333	0.0	0.0
9.834000	16.247769199	-42.433333	0.0	0.0
9.843800	16.248959747	-42.533333	0.0	0.0
9.853500	16.231090846	-42.633333	0.0	0.0
9.863300	16.207317953	-42.766667	0.0	0.0
9.873000	16.201862446	-42.933333	0.0	0.0
9.882800	16.190490760	-43.033333	0.0	0.0
9.892600	16.172887470	-43.133333	0.0	0.0
9.902300	16.148746824	-43.200000	0.0	0.0
9.912100	16.131125983	-43.333333	0.0	0.0
9.921900	16.113492868	-43.466667	0.0	0.0
9.931600	16.101701563	-43.600000	0.0	0.0
9.941400	16.102566325	-43.733333	0.0	0.0
9.951200	16.078699167	-43.833333	0.0	0.0
9.960900	16.073007977	-43.933333	0.0	0.0
9.970700	16.055283008	-44.066667	0.0	0.0
9.980500	16.043702417	-44.166667	0.0	0.0
9.990200	16.037931915	-44.300000	0.0	0.0
10.000000	16.026302406	-44.366667	0.0	0.0
10.009800	16.014650569	-44.533333	0.0	0.0
10.019500	16.002657093	-44.633333	0.0	0.0
10.029300	15.984825927	-44.766667	0.0	0.0
10.039100	15.960857759	-44.833333	0.0	0.0
10.048800	15.948814441	-44.933333	0.0	0.0
10.058600	15.924839936	-45.066667	0.0	0.0
10.068400	15.919188379	-45.166667	0.0	0.0
10.078100	15.894882677	-45.300000	0.0	0.0
10.087900	15.889181903	-45.400000	0.0	0.0
10.097700	15.871266870	-45.500000	0.0	0.0
10.107400	15.859113470	-45.633333	0.0	0.0
10.117200	15.847253459	-45.733333	0.0	0.0
10.127000	15.835372601	-45.833333	0.0	0.0
10.136700	15.823158817	-45.966667	0.0	0.0
10.146500	15.799106237	-46.100000	0.0	0.0
10.156300	15.787173242	-46.133333	0.0	0.0
10.166000	15.774909537	-46.233333	0.0	0.0
10.175800	15.762936467	-46.400000	0.0	0.0
10.185500	15.756679679	-46.500000	0.0	0.0
10.195300	15.738621307	-46.600000	0.0	0.0
10.205100	15.720554582	-46.700000	0.0	0.0
10.214800	15.696147419	-46.800000	0.0	0.0
10.224600	15.690109951	-46.900000	0.0	0.0
10.234400	15.672012658	-47.033333	0.0	0.0
10.244100	15.665621114	-47.166667	0.0	0.0
10.253900	15.653501124	-47.266667	0.0	0.0
10.263700	15.635360494	-47.366667	0.0	0.0
10.273400	15.634898367	-47.466667	0.0	0.0
10.283200	15.610730700	-47.600000	0.0	0.0
10.293000	15.598539806	-47.666667	0.0	0.0
10.302700	15.586027611	-47.800000	0.0	0.0
10.312500	15.573799879	-47.900000	0.0	0.0
10.322300	15.561553634	-48.000000	0.0	0.0
10.332000	15.531096865	-48.200000	0.0	0.0
10.341800	15.518828584	-48.266667	0.0	0.0
10.351600	15.506542144	-48.366667	0.0	0.0
10.361300	15.499885743	-48.366667	0.0	0.0
10.371100	15.493503823	-48.500000	0.0	0.0
10.380900	15.475214649	-48.600000	0.0	0.0
10.390600	15.462554836	-48.700000	0.0	0.0
10.400400	15.444247470	-48.833333	0.0	0.0
10.410200	15.420015601	-48.966667	0.0	0.0
10.419900	15.413233892	-49.066667	0.0	0.0
10.429700	15.406723901	-49.100000	0.0	0.0
10.439500	15.400189466	-49.233333	0.0	0.0
10.449200	15.375624003	-49.333333	0.0	0.0
10.459000	15.369048909	-49.466667	0.0	0.0
10.468800	15.356555226	-49.566667	0.0	0.0
10.478500	15.343751943	-49.666667	0.0	0.0
10.488300	15.331225407	-49.800000	0.0	0.0
10.498000	15.300764713	-49.833333	0.0	0.0
10.507800	15.288220204	-50.000000	0.0	0.0
10.517600	15.269798278	-50.033333	0.0	0.0
10.527300	15.280374514	-50.200000	0.0	0.0
10.537100	15.267767458	-50.266667	0.0	0.0
10.546900	15.249291158	-50.366667	0.0	0.0
10.556600	15.236368416	-50.466667	0.0	0.0
10.566400	15.212038918	-50.600000	0.0	0.0
10.576200	15.211054059	-50.700000	0.0	0.0
10.585900	15.192254983	-50.800000	0.0	0.0
10.595700	15.197050510	-50.900000	0.0	0.0
10.605500	15.178503785	-51.000000	0.0	0.0
10.615200	15.159668183	-51.133333	0.0	0.0
10.625000	15.135306174	-51.266667	0.0	0.0
10.634800	15.122560145	-51.333333	0.0	0.0
10.644500	15.121116727	-50.966667	0.0	0.0
10.654300	15.108331638	-51.033333	0.0	0.0
10.664100	15.083950012	-51.166667	0.0	0.0
10.673800	15.059300122	-51.700000	0.0	0.0
10.683600	15.052266730	-51.866667	0.0	0.0
10.693400	15.045211303	-51.966667	0.0	0.0
10.703100	15.032083039	-52.033333	0.0	0.0
10.712900	15.007698697	-52.100000	0.0	0.0
10.722700	14.994833377	-52.200000	0.0	0.0
10.732400	14.993178145	-52.333333	0.0	0.0
10.742200	14.980275521	-52.466667	0.0	0.0
10.752000	14.967359087	-52.533333	0.0	0.0
10.761700	14.954151027	-52.633333	0.0	0.0
10.771500	14.924015963	-52.733333	0.0	0.0
10.781300	14.905352861	-52.866667	0.0	0.0
10.791000	14.897842722	-52.933333	0.0	0.0
10.800800	14.896303605	-53.033333	0.0	0.0
10.810500	14.888749700	-53.133333	0.0	0.0
10.820300	14.864327683	-53.233333	0.0	0.0
10.830100	14.851315812	-53.333333	0.0	0.0
10.839800	14.832324054	-53.433333	0.0	0.0
10.849600	14.824980157	-53.533333	0.0	0.0
10.859400	14.823303278	-53.633333	0.0	0.0
10.869100	14.804275855	-53.733333	0.0	0.0
10.878900	14.791196365	-53.833333	0.0	0.0
10.888700	14.772434228	-53.933333	0.0	0.0
10.898400	14.747740501	-54.033333	0.0	0.0
10.908200	14.740295302	-54.133333	0.0	0.0
10.918000	14.721526552	-54.200000	0.0	0.0
10.927700	14.708132293	-54.233333	0.0	0.0
10.937500	14.694995770	-54.333333	0.0	0.0
10.947300	14.681847407	-54.500000	0.0	0.0
10.957000	14.674049845	-54.566667	0.0	0.0
10.966800	14.660873509	-54.700000	0.0	0.0
10.976600	14.647685610	-54.800000	0.0	0.0
10.986300	14.639837002	-54.900000	0.0	0.0
10.996100	14.626621669	-55.000000	0.0	0.0
11.005900	14.613395051	-55.066667	0.0	0.0
11.015600	14.588690633	-55.133333	0.0	0.0
11.025400	14.581046976	-55.233333	0.0	0.0
11.035200	14.573384297	-55.300000	0.0	0.0
11.044900	14.559850297	-55.433333	0.0	0.0
11.054700	14.540988219	-55.533333	0.0	0.0
11.064500	14.516555748	-55.633333	0.0	0.0
11.074200	14.508573868	-55.733333	0.0	0.0
11.084000	14.495271945	-55.833333	0.0	0.0
11.093800	14.487518300	-55.933333	0.0	0.0
11.103500	14.479485393	-56.033333	0.0	0.0
11.113300	14.466142637	-56.133333	0.0	0.0
11.123000	14.452529830	-56.233333	0.0	0.0
11.132800	14.450253994	-56.333333	0.0	0.0
11.142600	14.442412580	-56.433333	0.0	0.0
11.152300	14.423219751	-56.533333	0.0	0.0
11.162100	14.404288726	-56.633333	0.0	0.0
11.171900	14.379840845	-56.700000	0.0	0.0
11.181600	14.366177819	-56.766667	0.0	0.0
11.191400	14.347255648	-56.866667	0.0	0.0
11.201200	14.339338053	-56.966667	0.0	0.0
11.210900	14.259828119	-57.200000	0.0	0.0
11.220700	14.262858343	-57.266667	0.0	0.0
11.230500	14.254922189	-57.333333	0.0	0.0
11.240200	14.290521499	-57.300000	0.0	0.0
11.250000	14.277046639	-57.433333	0.0	0.0
11.259800	14.263562836	-57.533333	0.0	0.0
11.269500	14.260758624	-57.600000	0.0	0.0
11.279300	14.247247292	-57.700000	0.0	0.0
11.289100	14.211894454	-57.766667	0.0	0.0
11.298800	14.192687569	-57.866667	0.0	0.0
11.308600	14.179176837	-57.900000	0.0	0.0
11.318400	14.176534407	-58.100000	0.0	0.0
11.328100	14.168182694	-58.200000	0.0	0.0
11.337900	14.149200836	-58.300000	0.0	0.0
11.347700	14.151930647	-58.333333	0.0	0.0
11.357400	14.132679491	-58.433333	0.0	0.0
11.367200	14.119099620	-58.500000	0.0	0.0
11.377000	14.110926059	-58.600000	0.0	0.0
11.386700	14.097077607	-58.666667	0.0	0.0
11.396500	14.088875228	-58.766667	0.0	0.0
11.406300	14.080656798	-58.933333	0.0	0.0
11.416000	14.061379200	-59.033333	0.0	0.0
11.425800	14.036965600	-59.100000	0.0	0.0
11.435500	14.033854939	-59.166667	0.0	0.0
11.445300	14.014825503	-59.266667	0.0	0.0
11.455100	14.006547647	-59.333333	0.0	0.0
11.464800	13.987270249	-59.400000	0.0	0.0
11.474600	13.973604388	-59.466667	0.0	0.0
11.484400	13.959931513	-59.566667	0.0	0.0
11.494100	13.940658090	-59.666667	0.0	0.0
11.503900	13.932322830	-59.800000	0.0	0.0
11.513700	13.918629847	-59.866667	0.0	0.0
11.523400	13.910025989	-59.933333	0.0	0.0
11.533200	13.890983004	-60.100000	0.0	0.0
11.543000	13.877270635	-60.200000	0.0	0.0
11.552700	13.868633077	-60.300000	0.0	0.0
11.562500	13.860221097	-60.366667	0.0	0.0
11.572300	13.835856027	-60.400000	0.0	0.0
11.582000	13.827185457	-60.500000	0.0	0.0
11.591800	13.818739358	-60.600000	0.0	0.0
11.601600	13.804979802	-60.700000	0.0	0.0
11.611300	13.796270220	-60.800000	0.0	0.0
11.621100	13.798370753	-60.866667	0.0	0.0
11.630900	13.779283753	-60.933333	0.0	0.0
11.640600	13.770532423	-61.033333	0.0	0.0
11.650400	13.735622285	-61.100000	0.0	0.0
11.660200	13.721828887	-61.200000	0.0	0.0
11.669900	13.713056619	-61.300000	0.0	0.0
11.679700	13.709766001	-61.400000	0.0	0.0
11.689500	13.690685812	-61.500000	0.0	0.0
11.699200	13.671379243	-61.600000	0.0	0.0
11.709000	13.657554598	-61.633333	0.0	0.0
11.718800	13.638489849	-61.733333	0.0	0.0
11.728500	13.634889135	-61.833333	0.0	0.0
11.738300	13.621044428	-61.900000	0.0	0.0
11.748000	13.617410901	-62.000000	0.0	0.0
11.757800	13.603546239	-62.100000	0.0	0.0
11.767600	13.589676812	-62.133333	0.0	0.0
11.777300	13.570363336	-62.200000	0.0	0.0
11.787100	13.561693849	-62.300000	0.0	0.0
11.796900	13.537416660	-62.433333	0.0	0.0
11.806600	13.533694425	-62.500000	0.0	0.0
11.816400	13.514615719	-62.600000	0.0	0.0
11.826200	13.516277679	-62.700000	0.0	0.0
11.835900	13.491779696	-62.766667	0.0	0.0
11.845700	13.488224713	-62.866667	0.0	0.0
11.855500	13.489828127	-62.966667	0.0	0.0
11.865200	13.480834991	-63.033333	0.0	0.0
11.875000	13.456555386	-63.100000	0.0	0.0
11.884800	13.437457039	-63.200000	0.0	0.0
11.894500	13.423292321	-63.300000	0.0	0.0
11.904300	13.409349983	-63.366667	0.0	0.0
11.914100	13.405689269	-63.500000	0.0	0.0
11.923800	13.396644489	-63.533333	0.0	0.0
11.933600	13.387812463	-63.600000	0.0	0.0
11.943400	13.373834830	-63.700000	0.0	0.0
11.953100	13.359630266	-63.800000	0.0	0.0
11.962900	13.340525730	-63.900000	0.0	0.0
11.972700	13.321430634	-63.966667	0.0	0.0
11.982400	13.307228874	-64.033333	0.0	0.0
11.992200	13.288146037	-64.100000	0.0	0.0
12.002000	13.279261141	-64.200000	0.0	0.0
12.011700	13.275237119	-64.266667	0.0	0.0
12.021500	13.271417801	-64.333333	0.0	0.0
12.031300	13.257402610	-64.433333	0.0	0.0
12.041000	13.238083399	-64.533333	0.0	0.0
12.050800	13.224068521	-64.666667	0.0	0.0
12.060500	13.214902382	-64.733333	0.0	0.0
12.070300	13.205944327	-64.833333	0.0	0.0
12.080100	13.207107886	-64.933333	0.0	0.0
12.089800	13.192838100	-64.966667	0.0	0.0
12.099600	13.178784602	-65.033333	0.0	0.0
12.109400	13.149581070	-65.100000	0.0	0.0
12.119100	13.140364273	-65.200000	0.0	0.0
12.128900	13.131353641	-65.266667	0.0	0.0
12.138700	13.122332054	-65.333333	0.0	0.0
12.148400	13.108052322	-65.433333	0.0	0.0
12.158200	13.099012794	-65.533333	0.0	0.0
12.168000	13.079919428	-65.600000	0.0	0.0
12.177700	13.065635608	-65.666667	0.0	0.0
12.187500	13.056574688	-65.700000	0.0	0.0
12.197300	13.047503180	-65.800000	0.0	0.0
12.207000	13.033204884	-65.900000	0.0	0.0
12.216800	13.024116180	-66.033333	0.0	0.0
12.226600	13.010023325	-66.033333	0.0	0.0
12.236300	12.995716607	-66.133333	0.0	0.0
12.246100	12.981621318	-66.200000	0.0	0.0
12.255900	12.967524708	-66.300000	0.0	0.0
12.265600	12.953215628	-66.400000	0.0	0.0
12.275400	12.944083489	-66.500000	0.0	0.0
12.285200	12.939906219	-66.600000	0.0	0.0
12.294900	12.925578856	-66.700000	0.0	0.0
12.304700	12.911461146	-66.800000	0.0	0.0
12.314500	12.897342493	-66.833333	0.0	0.0
12.324200	12.892905765	-66.933333	0.0	0.0
12.334000	12.883718330	-66.966667	0.0	0.0
12.343800	12.864643418	-67.066667	0.0	0.0
12.353500	12.855235561	-67.166667	0.0	0.0
12.363300	12.836170646	-67.266667	0.0	0.0
12.373000	12.816910722	-67.333333	0.0	0.0
12.382800	12.807697168	-67.400000	0.0	0.0
12.392600	12.803386743	-67.466667	0.0	0.0
12.402300	12.793944565	-67.533333	0.0	0.0
12.412100	12.779794344	-67.633333	0.0	0.0
12.421900	12.770543795	-67.666667	0.0	0.0
12.431600	12.765976940	-67.733333	0.0	0.0
12.441400	12.746917443	-67.833333	0.0	0.0
12.451200	12.732756045	-67.866667	0.0	0.0
12.460900	12.723272289	-67.933333	0.0	0.0
12.470700	12.704229489	-68.033333	0.0	0.0
12.480500	12.690068583	-68.133333	0.0	0.0
12.490200	12.680570274	-68.166667	0.0	0.0
12.500000	12.671266529	-68.266667	0.0	0.0
12.509800	12.657095773	-68.366667	0.0	0.0
12.519500	12.652430750	-68.466667	0.0	0.0
12.529300	12.643101255	-68.566667	0.0	0.0
12.539100	12.628915726	-68.633333	0.0	0.0
12.548800	12.614529653	-68.733333	0.0	0.0
12.558600	12.600345575	-68.833333	0.0	0.0
12.568400	12.590993162	-68.933333	0.0	0.0
12.578100	12.581432339	-68.933333	0.0	0.0
12.587900	12.562417856	-68.966667	0.0	0.0
12.597700	12.543416905	-69.066667	0.0	0.0
12.607400	12.529038127	-69.166667	0.0	0.0
12.617200	12.524468589	-69.266667	0.0	0.0
12.627000	12.515081849	-69.333333	0.0	0.0
12.636700	12.505489155	-69.433333	0.0	0.0
12.646500	12.496086708	-69.500000	0.0	0.0
12.656300	12.486676335	-69.566667	0.0	0.0
12.666000	12.477061068	-69.666667	0.0	0.0
12.675800	12.462851583	-69.700000	0.0	0.0
12.685500	12.453225319	-69.800000	0.0	0.0
12.695300	12.434240681	-69.833333	0.0	0.0
12.705100	12.424802917	-69.933333	0.0	0.0
12.714800	12.415162257	-70.000000	0.0	0.0
12.724600	12.405709623	-70.066667	0.0	0.0
12.734400	12.391493157	-70.133333	0.0	0.0
12.744100	12.377084081	-70.200000	0.0	0.0
12.753900	12.367616641	-70.300000	0.0	0.0
12.763700	12.358141849	-70.366667	0.0	0.0
12.773400	12.343728420	-70.433333	0.0	0.0
12.783200	12.324779765	-70.533333	0.0	0.0
12.793000	12.305845733	-70.633333	0.0	0.0
12.802700	12.300888199	-70.666667	0.0	0.0
12.812500	12.291392583	-70.700000	0.0	0.0
12.822300	12.277177482	-70.766667	0.0	0.0
12.832000	12.272189004	-70.866667	0.0	0.0
12.841800	12.253264370	-71.000000	0.0	0.0
12.851600	12.243748489	-71.100000	0.0	0.0
12.861300	12.234035524	-71.200000	0.0	0.0
12.871100	12.229198537	-71.233333	0.0	0.0
12.880900	12.214970354	-71.300000	0.0	0.0
12.890600	12.209923172	-71.366667	0.0	0.0
12.900400	12.191009972	-71.500000	0.0	0.0
12.910200	12.176784136	-71.566667	0.0	0.0
12.919900	12.162372610	-71.633333	0.0	0.0
12.929700	12.157479987	-71.700000	0.0	0.0
12.939500	12.147912540	-71.766667	0.0	0.0
12.949200	12.128838422	-71.900000	0.0	0.0
12.959000	12.119265871	-71.933333	0.0	0.0
12.968800	12.109687023	-71.966667	0.0	0.0
12.978500	12.104559872	-71.966667	0.0	0.0
12.988300	12.099607689	-72.033333	0.0	0.0
12.998000	12.085178385	-72.166667	0.0	0.0
13.007800	12.070938439	-72.266667	0.0	0.0
13.017600	12.056701584	-72.366667	0.0	0.0
13.027300	12.042282993	-72.433333	0.0	0.0
13.037100	12.032669649	-72.433333	0.0	0.0
13.046900	12.027665293	-72.500000	0.0	0.0
13.056600	12.008631883	-72.600000	0.0	0.0
13.066400	11.999004921	-72.666667	0.0	0.0
13.076200	11.989372188	-72.766667	0.0	0.0
13.085900	11.974954199	-72.800000	0.0	0.0
13.095700	11.965314048	-72.900000	0.0	0.0
13.105500	11.974034989	-72.933333	0.0	0.0
13.115200	11.964186350	-73.033333	0.0	0.0
13.125000	11.940759671	-73.066667	0.0	0.0
13.134800	11.917365576	-73.233333	0.0	0.0
13.144500	11.907524255	-73.266667	0.0	0.0
13.154300	11.897859000	-73.300000	0.0	0.0
13.164100	11.883627007	-73.400000	0.0	0.0
13.173800	11.878332147	-73.400000	0.0	0.0
13.183600	11.864097365	-73.533333	0.0	0.0
13.193400	11.854414973	-73.633333	0.0	0.0
13.203100	11.844547991	-73.733333	0.0	0.0
13.212900	11.834855587	-73.800000	0.0	0.0
13.222700	11.825158103	-73.900000	0.0	0.0
13.232400	11.806211922	-73.933333	0.0	0.0
13.242200	11.801040089	-74.000000	0.0	0.0
13.252000	11.791331641	-74.066667	0.0	0.0
13.261700	11.776920189	-74.100000	0.0	0.0
13.271500	11.758177794	-74.200000	0.0	0.0
13.281300	11.748466245	-74.300000	0.0	0.0
13.291000	11.738573295	-74.366667	0.0	0.0
13.300800	11.733354521	-74.400000	0.0	0.0
13.310500	11.718951031	-74.500000	0.0	0.0
13.320300	11.709221251	-74.566667	0.0	0.0
13.330100	11.703977589	-74.600000	0.0	0.0
13.339800	11.694059613	-74.700000	0.0	0.0
13.349600	11.679829575	-74.766667	0.0	0.0
13.359400	11.670081981	-74.800000	0.0	0.0
13.369100	11.655681645	-74.900000	0.0	0.0
13.378900	11.659344875	-74.966667	0.0	0.0
13.388700	11.649576945	-75.033333	0.0	0.0
13.398400	11.635164963	-75.066667	0.0	0.0
13.408200	11.612015996	-75.133333	0.0	0.0
13.418000	11.602250602	-75.266667	0.0	0.0
13.427700	11.596757956	-75.366667	0.0	0.0
13.437500	11.582534999	-75.466667	0.0	0.0
13.447300	11.568317180	-75.500000	0.0	0.0
13.457000	11.558367660	-75.566667	0.0	0.0
13.466800	11.548586208	-75.600000	0.0	0.0
13.476600	11.538800813	-75.700000	0.0	0.0
13.486300	11.528840544	-75.766667	0.0	0.0
13.496100	11.519047656	-75.800000	0.0	0.0
13.505900	11.500420663	-75.900000	0.0	0.0
13.515600	11.490457665	-75.966667	0.0	0.0
13.525400	11.480661236	-76.000000	0.0	0.0
13.535200	11.479668705	-76.100000	0.0	0.0
13.544900	11.474090547	-76.133333	0.0	0.0
13.554700	11.464272135	-76.200000	0.0	0.0
13.564500	11.445661906	-76.333333	0.0	0.0
13.574200	11.426901597	-76.433333	0.0	0.0
13.584000	11.417087929	-76.500000	0.0	0.0
13.593800	11.411649357	-76.500000	0.0	0.0
13.603500	11.401657439	-76.600000	0.0	0.0
13.613300	11.391830049	-76.700000	0.0	0.0
13.623000	11.381832234	-76.733333	0.0	0.0
13.632800	11.371998495	-76.800000	0.0	0.0
13.642600	11.370885638	-76.866667	0.0	0.0
13.652300	11.365232190	-76.900000	0.0	0.0
13.662100	11.351020805	-77.000000	0.0	0.0
13.671900	11.336815523	-77.066667	0.0	0.0
13.681600	11.313763901	-77.100000	0.0	0.0
13.691400	11.299582156	-77.133333	0.0	0.0
13.701200	11.289738391	-77.200000	0.0	0.0
13.710900	11.279727121	-77.300000	0.0	0.0
13.720700	11.278530995	-77.400000	0.0	0.0
13.730500	11.268671144	-77.500000	0.0	0.0
13.740200	11.258644562	-77.533333	0.0	0.0
13.750000	11.248779307	-77.600000	0.0	0.0
13.759800	11.238911279	-77.700000	0.0	0.0
13.769500	11.220262242	-77.700000	0.0	0.0
13.779300	11.210396615	-77.800000	0.0	0.0
13.789100	11.204827520	-77.833333	0.0	0.0
13.798800	11.199087556	-77.900000	0.0	0.0
13.808600	11.193501594	-78.000000	0.0	0.0
13.818400	11.183614454	-78.066667	0.0	0.0
13.828100	11.177852035	-78.100000	0.0	0.0
13.837900	11.159387945	-78.200000	0.0	0.0
13.847700	11.149497452	-78.266667	0.0	0.0
13.857400	11.130897235	-78.300000	0.0	0.0
13.867200	11.121009842	-78.433333	0.0	0.0
13.877000	11.115385003	-78.500000	0.0	0.0
13.886700	11.109591922	-78.566667	0.0	0.0
13.896500	11.091174295	-78.600000	0.0	0.0
13.906300	11.081278120	-78.633333	0.0	0.0
13.916000	11.066972739	-78.733333	0.0	0.0
13.925800	11.052833824	-78.866667	0.0	0.0
13.935500	11.042780625	-78.933333	0.0	0.0
13.945300	11.032884110	-78.966667	0.0	0.0
13.955100	11.039919479	-78.966667	0.0	0.0
13.964800	11.029845788	-79.000000	0.0	0.0
13.974600	11.019928369	-79.100000	0.0	0.0
13.984400	11.005784601	-79.166667	0.0	0.0
13.994100	10.983058058	-79.266667	0.0	0.0
14.003900	10.973150483	-79.300000	0.0	0.0
14.013700	10.963241109	-79.400000	0.0	0.0
14.023400	10.953173756	-79.433333	0.0	0.0
14.033200	10.943261139	-79.533333	0.0	0.0
14.043000	10.941741703	-79.500000	0.0	0.0
14.052700	10.948456148	-79.600000	0.0	0.0
14.062500	10.938515946	-79.666667	0.0	0.0
14.072300	10.924380963	-79.700000	0.0	0.0
14.082000	10.897545224	-79.800000	0.0	0.0
14.091800	10.879266319	-79.866667	0.0	0.0
14.101600	10.869346900	-79.933333	0.0	0.0
14.111300	10.863440326	-80.033333	0.0	0.0
14.121100	10.861848068	-80.066667	0.0	0.0
14.130900	10.856078609	-80.133333	0.0	0.0
14.140600	10.845985217	-80.200000	0.0	0.0
14.150400	10.827730385	-80.266667	0.0	0.0
14.160200	10.817795688	-80.333333	0.0	0.0
14.169900	10.807707208	-80.400000	0.0	0.0
14.179700	10.797770315	-80.466667	0.0	0.0
14.189500	10.787832253	-80.533333	0.0	0.0
14.199200	10.781878152	-80.600000	0.0	0.0
14.209000	10.767801193	-80.633333	0.0	0.0
14.218800	10.753732382	-80.700000	0.0	0.0
14.228500	10.747766841	-80.766667	0.0	0.0
14.238300	10.737823931	-80.833333	0.0	0.0
14.248000	10.727729467	-80.933333	0.0	0.0
14.257800	10.721898792	-80.966667	0.0	0.0
14.267600	10.703730939	-81.066667	0.0	0.0
14.277300	10.693638624	-81.100000	0.0	0.0
14.287100	10.687796326	-81.166667	0.0	0.0
14.296900	10.677848606	-81.200000	0.0	0.0
14.306600	10.671845675	-81.300000	0.0	0.0
14.316400	10.653712713	-81.333333	0.0	0.0
14.326200	10.651939382	-81.433333	0.0	0.0
14.335900	10.637753580	-81.500000	0.0	0.0
14.345700	10.623725053	-81.533333	0.0	0.0
14.355500	10.609705124	-81.600000	0.0	0.0
14.365200	10.595546303	-81.700000	0.0	0.0
14.375000	10.589668702	-81.766667	0.0	0.0
14.384800	10.587846980	-81.766667	0.0	0.0
14.394500	10.577746825	-81.866667	0.0	0.0
14.404300	10.575907632	-81.933333	0.0	0.0
14.414100	10.557839642	-82.000000	0.0	0.0
14.423800	10.547739216	-82.000000	0.0	0.0
14.433600	10.545876091	-82.100000	0.0	0.0
14.443400	10.531871327	-82.166667	0.0	0.0
14.453100	10.529845890	-82.166667	0.0	0.0
14.462900	10.519879538	-82.266667	0.0	0.0
14.472700	10.509912969	-82.333333	0.0	0.0
14.482400	10.487719824	-82.366667	0.0	0.0
14.492200	10.481786379	-82.466667	0.0	0.0
14.502000	10.467809286	-82.500000	0.0	0.0
14.511700	10.457709734	-82.566667	0.0	0.0
14.521500	10.447754483	-82.666667	0.0	0.0
14.531300	10.437799202	-82.766667	0.0	0.0
14.541000	10.431703042	-82.800000	0.0	0.0
14.550800	10.417745480	-82.833333	0.0	0.0
14.560500	10.419636715	-82.933333	0.0	0.0
14.570300	10.405676526	-82.966667	0.0	0.0
14.580100	10.399704644	-83.033333	0.0	0.0
14.589800	10.397573772	-83.066667	0.0	0.0
14.599600	10.383615091	-83.133333	0.0	0.0
14.609400	10.373646075	-83.166667	0.0	0.0
14.619100	10.363535523	-83.233333	0.0	0.0
14.628900	10.353567257	-83.300000	0.0	0.0
14.638700	10.335663335	-83.366667	0.0	0.0
14.648400	10.325562376	-83.433333	0.0	0.0
14.658200	10.315602990	-83.500000	0.0	0.0
14.668000	10.305643997	-83.500000	0.0	0.0
14.677700	10.295545138	-83.566667	0.0	0.0
14.687500	10.297435790	-83.633333	0.0	0.0
14.697300	10.291415632	-83.700000	0.0	0.0
14.707000	10.281303625	-83.766667	0.0	0.0
14.716800	10.267391191	-83.866667	0.0	0.0
14.726600	10.257424167	-83.866667	0.0	0.0
14.736300	10.251251974	-83.966667	0.0	0.0
14.746100	10.237353096	-84.033333	0.0	0.0
14.755900	10.231313843	-84.100000	0.0	0.0
14.765600	10.225130632	-84.133333	0.0	0.0
14.775400	10.215159698	-84.233333	0.0	0.0
14.785200	10.201273874	-84.300000	0.0	0.0
14.794900	10.198995531	-84.300000	0.0	0.0
14.804700	10.189023315	-84.366667	0.0	0.0
14.814500	10.179051929	-84.433333	0.0	0.0
14.824200	10.165042480	-84.466667	0.0	0.0
14.834000	10.151180482	-84.566667	0.0	0.0
14.843800	10.145112213	-84.600000	0.0	0.0
14.853500	10.135012013	-84.733333	0.0	0.0
14.863300	10.113399288	-84.766667	0.0	0.0
14.873000	10.103313347	-84.766667	0.0	0.0
14.882800	10.097238732	-84.866667	0.0	0.0
14.892600	10.098907242	-84.933333	0.0	0.0
14.902300	10.084938883	-85.033333	0.0	0.0
14.912100	10.078849218	-85.033333	0.0	0.0
14.921900	10.076620834	-85.133333	0.0	0.0
14.931600	10.066520007	-85.200000	0.0	0.0
14.941400	10.056555430	-85.266667	0.0	0.0
14.951200	10.050448334	-85.300000	0.0	0.0
14.960900	10.036495792	-85.366667	0.0	0.0
14.970700	10.018842478	-85.400000	0.0	0.0
14.980500	10.005050488	-85.433333	0.0	0.0
14.990200	9.994970605	-85.466667	0.0	0.0
15.000000	9.988858279	-85.566667	0.0	0.0
15.009800	9.986572923	-85.566667	0.0	0.0
15.019500	9.976486452	-85.666667	0.0	0.0
15.029300	9.966534482	-85.733333	0.0	0.0
15.039100	9.956583973	-85.800000	0.0	0.0
15.048800	9.946502761	-85.866667	0.0	0.0
15.058600	9.936555471	-85.966667	0.0	0.0
15.068400	9.930419929	-86.033333	0.0	0.0
15.078100	9.916534000	-86.100000	0.0	0.0
15.087900	9.906591625	-86.133333	0.0	0.0
15.097700	9.896650867	-86.166667	0.0	0.0
15.107400	9.886580869	-86.200000	0.0	0.0
15.117200	9.876643641	-86.233333	0.0	0.0
15.127000	9.862922346	-86.333333	0.0	0.0
15.136700	9.845302710	-86.400000	0.0	0.0
15.146500	9.835382288	-86.433333	0.0	0.0
15.156300	9.825463636	-86.500000	0.0	0.0
15.166000	9.822953842	-86.533333	0.0	0.0
15.175800	9.809266239	-86.600000	0.0	0.0
15.185500	9.795460528	-86.666667	0.0	0.0
15.195300	9.781795013	-86.666667	0.0	0.0
15.205100	9.775640639	-86.733333	0.0	0.0
15.214800	9.765605192	-86.800000	0.0	0.0
15.224600	9.755700273	-86.900000	0.0	0.0
15.234400	9.742057954	-87.000000	0.0	0.0
15.244100	9.732033116	-87.000000	0.0	0.0
15.253900	9.722138192	-87.100000	0.0	0.0
15.263700	9.708518814	-87.133333	0.0	0.0
15.273400	9.691063775	-87.200000	0.0	0.0
15.283200	9.681186642	-87.233333	0.0	0.0
15.293000	9.667600832	-87.266667	0.0	0.0
15.302700	9.661312471	-87.366667	0.0	0.0
15.312500	9.644037048	-87.433333	0.0	0.0
15.322300	9.626784629	-87.466667	0.0	0.0
15.332000	9.609429860	-87.466667	0.0	0.0
15.341800	9.599588874	-87.566667	0.0	0.0
15.351600	9.593431050	-87.600000	0.0	0.0
15.361300	9.576113283	-87.700000	0.0	0.0
15.371100	9.558943529	-87.700000	0.0	0.0
15.380900	9.545459305	-87.800000	0.0	0.0
15.390600	9.531862498	-87.866667	0.0	0.0
15.400400	9.525709555	-87.900000	0.0	0.0
15.410200	9.512249151	-87.933333	0.0	0.0
15.419900	9.495032331	-87.966667	0.0	0.0
15.429700	9.477962025	-88.066667	0.0	0.0
15.439500	9.457284711	-88.166667	0.0	0.0
15.449200	9.440144836	-88.300000	0.0	0.0
15.459000	9.419534932	-88.300000	0.0	0.0
15.468800	9.409789656	-88.333333	0.0	0.0
15.478500	9.392713518	-88.400000	0.0	0.0
15.488300	9.372184673	-88.433333	0.0	0.0
15.498000	9.355162015	-88.500000	0.0	0.0
15.507800	9.338283391	-88.500000	0.0	0.0
15.517600	9.328584982	-88.600000	0.0	0.0
15.527300	9.318769180	-88.633333	0.0	0.0
15.537100	9.294797273	-88.700000	0.0	0.0
15.546900	9.274438170	-88.733333	0.0	0.0
15.556600	9.253997334	-88.833333	0.0	0.0
15.566400	9.230170118	-88.833333	0.0	0.0
15.576200	9.209930718	-88.900000	0.0	0.0
15.585900	9.200196522	-88.933333	0.0	0.0
15.595700	9.180008393	-89.000000	0.0	0.0
15.605500	9.159857330	-89.100000	0.0	0.0
15.615200	9.136119443	-89.133333	0.0	0.0
15.625000	9.119549508	-89.200000	0.0	0.0
15.634800	9.103002463	-89.233333	0.0	0.0
15.644500	9.086362142	-89.300000	0.0	0.0
15.654300	9.059425087	-89.333333	0.0	0.0
15.664100	9.036027848	-89.366667	0.0	0.0
15.673800	9.012568978	-89.400000	0.0	0.0
15.683600	9.010001185	-89.666667	0.0	0.0
15.693400	8.993610785	-89.766667	0.0	0.0
15.703100	8.973684424	-89.800000	0.0	0.0
15.712900	8.943606711	-89.666667	0.0	0.0
15.722700	8.920466961	-89.733333	0.0	0.0
15.732400	8.900682167	-89.800000	0.0	0.0
15.742200	8.870828533	-89.866667	0.0	0.0
15.752000	8.847856552	-89.900000	0.0	0.0
15.761700	8.818054545	-89.933333	0.0	0.0
15.771500	8.788457710	-90.000000	0.0	0.0
15.781300	8.762315467	-90.000000	0.0	0.0
15.791000	8.729430944	-90.066667	0.0	0.0
15.800800	8.710133644	-90.133333	0.0	0.0
15.810500	8.684094532	-90.200000	0.0	0.0
15.820300	8.664884196	-90.266667	0.0	0.0
15.830100	8.632448247	-90.300000	0.0	0.0
15.839800	8.609925377	-90.300000	0.0	0.0
15.849600	8.584268227	-90.366667	0.0	0.0
15.859400	8.565252541	-90.400000	0.0	0.0
15.869100	8.536331270	-90.500000	0.0	0.0
15.878900	8.504344163	-90.500000	0.0	0.0
15.888700	8.469219656	-90.600000	0.0	0.0
15.898400	8.440603619	-90.600000	0.0	0.0
15.908200	8.421874228	-90.733333	0.0	0.0
15.918000	8.390290556	-90.800000	0.0	0.0
15.927700	8.358714035	-90.833333	0.0	0.0
15.937500	8.320965644	-90.900000	0.0	0.0
15.947300	8.299291048	-90.933333	0.0	0.0
15.957000	8.271212083	-91.066667	0.0	0.0
15.966800	8.243325280	-91.066667	0.0	0.0
15.976600	8.206073278	-91.133333	0.0	0.0
15.986300	8.172016799	-91.166667	0.0	0.0
15.996100	8.144446115	-91.200000	0.0	0.0
16.005900	8.113847953	-91.233333	0.0	0.0
16.015600	8.077055994	-91.266667	0.0	0.0
16.025400	8.046699015	-91.300000	0.0	0.0
16.035200	8.013374299	-91.400000	0.0	0.0
16.044900	7.983145218	-91.433333	0.0	0.0
16.054700	7.950071894	-91.500000	0.0	0.0
16.064500	7.914091961	-91.533333	0.0	0.0
16.074200	7.881194918	-91.600000	0.0	0.0
16.084000	7.848526498	-91.666667	0.0	0.0
16.093800	7.815987689	-91.700000	0.0	0.0
16.103500	7.780494891	-91.700000	0.0	0.0
16.113300	7.742282002	-91.766667	0.0	0.0
16.123000	7.704155524	-91.866667	0.0	0.0
16.132800	7.666306287	-91.933333	0.0	0.0
16.142600	7.634494811	-92.033333	0.0	0.0
16.152300	7.602715594	-92.100000	0.0	0.0
16.162100	7.559543651	-92.133333	0.0	0.0
16.171900	7.525270134	-92.200000	0.0	0.0
16.181600	7.488179670	-92.200000	0.0	0.0
16.191400	7.454218817	-92.200000	0.0	0.0
16.201200	7.414713360	-92.300000	0.0	0.0
16.210900	7.352712534	-92.233333	0.0	0.0
16.220700	7.319350045	-92.233333	0.0	0.0
16.230500	7.280543449	-92.300000	0.0	0.0
16.240200	7.261328424	-92.433333	0.0	0.0
16.250000	7.220047653	-92.500000	0.0	0.0
16.259800	7.176241829	-92.533333	0.0	0.0
16.269500	7.127136543	-92.633333	0.0	0.0
16.279300	7.081166179	-92.700000	0.0	0.0
16.289100	7.040889237	-92.733333	0.0	0.0
16.298800	7.008814964	-92.766667	0.0	0.0
16.308600	6.971614458	-92.800000	0.0	0.0
16.318400	6.929285927	-92.866667	0.0	0.0
16.328100	6.884482543	-92.933333	0.0	0.0
16.337900	6.845299699	-92.966667	0.0	0.0
16.347700	6.798503392	-93.100000	0.0	0.0
16.357400	6.757123883	-93.133333	0.0	0.0
16.367200	6.705771932	-93.366667	0.0	0.0
16.377000	6.667587106	-93.400000	0.0	0.0
16.386700	6.619365151	-93.400000	0.0	0.0
16.396500	6.594304136	-93.233333	0.0	0.0
16.406300	6.551709468	-93.300000	0.0	0.0
16.416000	6.511804500	-93.333333	0.0	0.0
16.425800	6.459809753	-93.500000	0.0	0.0
16.435500	6.422919931	-93.500000	0.0	0.0
16.445300	6.376518159	-93.566667	0.0	0.0
16.455100	6.330447117	-93.566667	0.0	0.0
16.464800	6.282216792	-93.633333	0.0	0.0
16.474600	6.236818289	-93.733333	0.0	0.0
16.484400	6.194120102	-93.766667	0.0	0.0
16.494100	6.151635293	-93.833333	0.0	0.0
16.503900	6.114202717	-93.766667	0.0	0.0
16.513700	6.072331156	-93.866667	0.0	0.0
16.523400	6.019108420	-93.833333	0.0	0.0
16.533200	5.961842593	-93.933333	0.0	0.0
16.543000	5.925548259	-94.100000	0.0	0.0
16.552700	5.889399584	-94.166667	0.0	0.0
16.562500	5.849047064	-94.266667	0.0	0.0
16.572300	5.795606707	-94.233333	0.0	0.0
16.582000	5.744785554	-94.233333	0.0	0.0
16.591800	5.703222846	-94.333333	0.0	0.0
16.601600	5.657612842	-94.433333	0.0	0.0
16.611300	5.605838432	-94.466667	0.0	0.0
16.621100	5.554600874	-94.466667	0.0	0.0
16.630900	5.508053768	-94.500000	0.0	0.0
16.640600	5.463923741	-94.600000	0.0	0.0
16.650400	5.416050134	-94.600000	0.0	0.0
16.660200	5.372714393	-94.600000	0.0	0.0
16.669900	5.327612826	-94.666667	0.0	0.0
16.679700	5.278896377	-94.733333	0.0	0.0
16.689500	5.234637978	-94.800000	0.0	0.0
16.699200	5.188693280	-94.800000	0.0	0.0
16.709000	5.141236530	-94.900000	0.0	0.0
16.718800	5.088348773	-94.933333	0.0	0.0
16.728500	5.035941402	-95.000000	0.0	0.0
16.738300	4.993702836	-95.066667	0.0	0.0
16.748000	4.953656686	-95.166667	0.0	0.0
16.757800	4.912101579	-95.200000	0.0	0.0
16.767600	4.857824381	-95.233333	0.0	0.0
16.777300	4.805930367	-95.266667	0.0	0.0
16.787100	4.758294907	-95.200000	0.0	0.0
16.796900	4.712936699	-95.200000	0.0	0.0
16.806600	4.673329412	-95.300000	0.0	0.0
16.816400	4.625223513	-95.433333	0.0	0.0
16.826200	4.582882896	-95.466667	0.0	0.0
16.835900	4.533907704	-95.466667	0.0	0.0
16.845700	4.485506163	-95.566667	0.0	0.0
16.855500	4.437618327	-95.666667	0.0	0.0
16.865200	4.390186718	-95.733333	0.0	0.0
16.875000	4.351652721	-95.733333	0.0	0.0
16.884800	4.288695132	-95.533333	0.0	0.0
16.894500	4.242846823	-95.600000	0.0	0.0
16.904300	4.195924996	-95.666667	0.0	0.0
16.914100	4.162278361	-95.966667	0.0	0.0
16.923800	4.116193369	-95.966667	0.0	0.0
16.933600	4.069102161	-96.033333	0.0	0.0
16.943400	4.027180799	-96.033333	0.0	0.0
16.953100	3.984112387	-96.133333	0.0	0.0
16.962900	3.944574871	-96.133333	0.0	0.0
16.972700	3.896444876	-96.166667	0.0	0.0
16.982400	3.847377480	-96.200000	0.0	0.0
16.992200	3.797512589	-96.266667	0.0	0.0
17.002000	3.756932195	-96.266667	0.0	0.0
17.011700	3.715313201	-96.300000	0.0	0.0
17.021500	3.675606337	-96.366667	0.0	0.0
17.031300	3.630743745	-96.466667	0.0	0.0
17.041000	3.586384258	-96.466667	0.0	0.0
17.050800	3.530391379	-96.566667	0.0	0.0
17.060500	3.480568431	-96.500000	0.0	0.0
17.070300	3.435439520	-96.633333	0.0	0.0
17.080100	3.405238107	-96.766667	0.0	0.0
17.089800	3.367497592	-96.900000	0.0	0.0
17.099600	3.322552888	-96.900000	0.0	0.0
17.109400	3.275690739	-96.866667	0.0	0.0
17.119100	3.231929344	-96.866667	0.0	0.0
17.128900	3.192461103	-96.933333	0.0	0.0
17.138700	3.149844302	-96.933333	0.0	0.0
17.148400	3.110144332	-97.166667	0.0	0.0
17.158200	3.065091555	-97.233333	0.0	0.0
17.168000	3.028814966	-97.266667	0.0	0.0
17.177700	2.990634650	-97.200000	0.0	0.0
17.187500	2.955235458	-97.200000	0.0	0.0
17.197300	2.914655306	-97.233333	0.0	0.0
17.207000	2.871289509	-97.366667	0.0	0.0
17.216800	2.828599991	-97.366667	0.0	0.0
17.226600	2.785474193	-97.466667	0.0	0.0
17.236300	2.748240627	-97.466667	0.0	0.0
17.246100	2.707375326	-97.466667	0.0	0.0
17.255900	2.670188353	-97.500000	0.0	0.0
17.265600	2.633479955	-97.633333	0.0	0.0
17.275400	2.595311895	-97.766667	0.0	0.0
17.285200	2.556714010	-97.833333	0.0	0.0
17.294900	2.510938701	-97.833333	0.0	0.0
17.304700	2.478343402	-97.700000	0.0	0.0
17.314500	2.443355028	-97.800000	0.0	0.0
17.324200	2.410680811	-97.833333	0.0	0.0
17.334000	2.372088662	-97.933333	0.0	0.0
17.343800	2.340391508	-97.933333	0.0	0.0
17.353500	2.302011525	-98.033333	0.0	0.0
17.363300	2.266024171	-98.166667	0.0	0.0
17.373000	2.228005743	-98.233333	0.0	0.0
17.382800	2.194856511	-98.033333	0.0	0.0
17.392600	2.158882560	-98.066667	0.0	0.0
17.402300	2.123472474	-98.066667	0.0	0.0
17.412100	2.092677502	-98.333333	0.0	0.0
17.421900	2.058374375	-98.333333	0.0	0.0
17.431600	2.022279456	-98.400000	0.0	0.0
17.441400	1.989127788	-98.333333	0.0	0.0
17.451200	1.956518348	-98.400000	0.0	0.0
17.460900	1.922943764	-98.433333	0.0	0.0
17.470700	1.889965802	-98.466667	0.0	0.0
17.480500	1.857552234	-98.566667	0.0	0.0
17.490200	1.829179047	-98.566667	0.0	0.0
17.500000	1.796426408	-98.666667	0.0	0.0
17.509800	1.766291468	-98.633333	0.0	0.0
17.519500	1.736641126	-98.700000	0.0	0.0
17.529300	1.706851798	-98.833333	0.0	0.0
17.539100	1.677572411	-98.900000	0.0	0.0
17.548800	1.644352220	-98.833333	0.0	0.0
17.558600	1.616142945	-98.800000	0.0	0.0
17.568400	1.589636241	-98.900000	0.0	0.0
17.578100	1.561147226	-99.066667	0.0	0.0
17.587900	1.533773778	-99.166667	0.0	0.0
17.597700	1.501683767	-99.166667	0.0	0.0
17.607400	1.475334373	-99.000000	0.0	0.0
17.617200	1.445574358	-99.066667	0.0	0.0
17.627000	1.421859909	-99.266667	0.0	0.0
17.636700	1.401741685	-99.400000	0.0	0.0
17.646500	1.374518199	-99.500000	0.0	0.0
17.656300	1.347305446	-99.400000	0.0	0.0
17.666000	1.315557351	-99.500000	0.0	0.0
17.675800	1.292979059	-99.466667	0.0	0.0
17.685500	1.268823904	-99.433333	0.0	0.0
17.695300	1.246567672	-99.266667	0.0	0.0
17.705100	1.218138776	-99.300000	0.0	0.0
17.714800	1.194004161	-99.466667	0.0	0.0
17.724600	1.170360222	-99.700000	0.0	0.0
17.734400	1.153363844	-99.900000	0.0	0.0
17.744100	1.128343382	-99.900000	0.0	0.0
17.753900	1.104301186	-100.000000	0.0	0.0
17.763700	1.078284908	-100.033333	0.0	0.0
17.773400	1.059353803	-100.033333	0.0	0.0
17.783200	1.037177672	-99.933333	0.0	0.0
17.793000	1.012740919	-99.966667	0.0	0.0
17.802700	0.991147782	-99.966667	0.0	0.0
17.812500	0.971888451	-99.966667	0.0	0.0
17.822300	0.952271601	-100.033333	0.0	0.0
17.832000	0.932323814	-100.033333	0.0	0.0
17.841800	0.911753278	-100.166667	0.0	0.0
17.851600	0.893348599	-100.100000	0.0	0.0
17.861300	0.871952439	-100.200000	0.0	0.0
17.871100	0.853367115	-100.200000	0.0	0.0
17.880900	0.836139516	-100.366667	0.0	0.0
17.890600	0.818621497	-100.633333	0.0	0.0
17.900400	0.799635632	-100.566667	0.0	0.0
17.910200	0.782289566	-100.733333	0.0	0.0
17.919900	0.764136885	-100.633333	0.0	0.0
17.929700	0.748133978	-100.733333	0.0	0.0
17.939500	0.728820650	-100.700000	0.0	0.0
17.949200	0.712454051	-100.733333	0.0	0.0
17.959000	0.695660964	-100.866667	0.0	0.0
17.968800	0.680829162	-100.866667	0.0	0.0
17.978500	0.665283740	-100.900000	0.0	0.0
17.988300	0.648604928	-100.866667	0.0	0.0
17.998000	0.632579570	-100.900000	0.0	0.0
18.007800	0.620518381	-101.366667	0.0	0.0
18.017600	0.605192981	-101.466667	0.0	0.0
18.027300	0.583258897	-101.666667	0.0	0.0
18.037100	0.566674182	-101.200000	0.0	0.0
18.046900	0.553101993	-101.200000	0.0	0.0
18.056600	0.547358611	-100.966667	0.0	0.0
18.066400	0.533019679	-101.066667	0.0	0.0
18.076200	0.520851927	-101.100000	0.0	0.0
18.085900	0.507395857	-101.233333	0.0	0.0
18.095700	0.494292600	-101.433333	0.0	0.0
18.105500	0.482082144	-101.433333	0.0	0.0
18.115200	0.469626865	-101.533333	0.0	0.0
18.125000	0.457673778	-101.566667	0.0	0.0
18.134800	0.446024663	-101.633333	0.0	0.0
18.144500	0.435501856	-101.666667	0.0	0.0
18.154300	0.424742464	-101.633333	0.0	0.0
18.164100	0.412503624	-101.700000	0.0	0.0
18.173800	0.400920400	-101.666667	0.0	0.0
18.183600	0.390265121	-101.666667	0.0	0.0
18.193400	0.381792802	-101.666667	0.0	0.0
18.203100	0.371356226	-101.866667	0.0	0.0
18.212900	0.360516273	-101.933333	0.0	0.0
18.222700	0.350261270	-101.933333	0.0	0.0
18.232400	0.343179245	-101.600000	0.0	0.0
18.242200	0.334185621	-101.633333	0.0	0.0
18.252000	0.324928336	-101.833333	0.0	0.0
18.261700	0.313989945	-102.033333	0.0	0.0
18.271500	0.304589600	-102.000000	0.0	0.0
18.281300	0.295583929	-102.000000	0.0	0.0
18.291000	0.286731165	-102.166667	0.0	0.0
18.300800	0.279537547	-102.233333	0.0	0.0
18.310500	0.270957020	-102.133333	0.0	0.0
18.320300	0.263753660	-102.133333	0.0	0.0
18.330100	0.255562034	-102.178333	0.0	0.0
18.339800	0.248860436	-102.223333	0.0	0.0
18.349600	0.241131087	-102.268333	0.0	0.0
18.359400	0.233641670	-102.313333	0.0	0.0
18.369100	0.226817081	-102.358333	0.0	0.0
18.378900	0.220617028	-102.403333	0.0	0.0
18.388700	0.214503997	-102.448333	0.0	0.0
18.398400	0.208158163	-102.493333	0.0	0.0
18.408200	0.200996880	-102.538333	0.0	0.0
18.418000	0.195427167	-102.583333	0.0	0.0
18.427700	0.189499877	-102.628333	0.0	0.0
18.437500	0.183190972	-102.673333	0.0	0.0
18.447300	0.177636533	-102.718333	0.0	0.0
18.457000	0.171654644	-102.763333	0.0	0.0
18.466800	0.167089807	-102.808333	0.0	0.0
18.476600	0.161340766	-102.853333	0.0	0.0
18.486300	0.156446791	-102.898333	0.0	0.0
18.496100	0.152052534	-102.943333	0.0	0.0
18.505900	0.147102625	-102.988333	0.0	0.0
18.515600	0.142312237	-103.033333	0.0	0.0
18.525400	0.137679259	-103.078333	0.0	0.0
18.535200	0.133811843	-103.123333	0.0	0.0
18.544900	0.129205894	-103.168333	0.0	0.0
18.554700	0.124043651	-103.213333	0.0	0.0
18.564500	0.119637275	-103.258333	0.0	0.0
18.574200	0.116007723	-103.303333	0.0	0.0
18.584000	0.112101578	-103.348333	0.0	0.0
18.593800	0.108326899	-103.393333	0.0	0.0
18.603500	0.104597824	-103.438333	0.0	0.0
18.613300	0.101192134	-103.483333	0.0	0.0
18.623000	0.097596135	-103.528333	0.0	0.0
18.632800	0.093840341	-103.573333	0.0	0.0
18.642600	0.090402331	-103.618333	0.0	0.0
18.652300	0.087189620	-103.663333	0.0	0.0
18.662100	0.084350506	-103.708333	0.0	0.0
18.671900	0.081729158	-103.753333	0.0	0.0
18.681600	0.078854801	-103.798333	0.0	0.0
18.691400	0.076316246	-103.843333	0.0	0.0
18.701200	0.073294651	-103.888333	0.0	0.0
18.710900	0.070472989	-103.933333	0.0	0.0
18.720700	0.067708652	-103.978333	0.0	0.0
18.730500	0.065327907	-104.023333	0.0	0.0
18.740200	0.063054358	-104.068333	0.0	0.0
18.750000	0.060580922	-104.113333	0.0	0.0
18.759800	0.058115201	-104.158333	0.0	0.0
18.769500	0.056071057	-104.203333	0.0	0.0
18.779300	0.053850797	-104.248333	0.0	0.0
18.789100	0.051758135	-104.293333	0.0	0.0
18.798800	0.049441722	-104.338333	0.0	0.0
18.808600	0.047575089	-104.383333	0.0	0.0
18.818400	0.045761339	-104.428333	0.0	0.0
18.828100	0.044134647	-104.473333	0.0	0.0
18.837900	0.042273185	-104.518333	0.0	0.0
18.847700	0.040677107	-104.563333	0.0	0.0
18.857400	0.038975972	-104.608333	0.0	0.0
18.867200	0.037446817	-104.653333	0.0	0.0
18.877000	0.035826079	-104.698333	0.0	0.0
18.886700	0.034288264	-104.743333	0.0	0.0
18.896500	0.032930330	-104.788333	0.0	0.0
18.906300	0.031735579	-104.833333	0.0	0.0
18.916000	0.030961734	-104.878333	0.0	0.0
18.925800	0.029542131	-104.923333	0.0	0.0
18.935500	0.028068566	-104.968333	0.0	0.0
18.945300	0.026403995	-105.013333	0.0	0.0
18.955100	0.025377694	-105.058333	0.0	0.0
18.964800	0.024232406	-105.103333	0.0	0.0
18.974600	0.022988568	-105.148333	0.0	0.0
18.984400	0.021985031	-105.193333	0.0	0.0
18.994100	0.021097813	-105.238333	0.0	0.0
19.003900	0.020223305	-105.283333	0.0	0.0
19.013700	0.019347875	-105.328333	0.0	0.0
19.023400	0.018432162	-105.373333	0.0	0.0
19.033200	0.017763299	-105.418333	0.0	0.0
19.043000	0.016844989	-105.463333	0.0	0.0
19.052700	0.016072363	-105.508333	0.0	0.0
19.062500	0.015136532	-105.553333	0.0	0.0
19.072300	0.014453493	-105.598333	0.0	0.0
19.082000	0.013795828	-105.643333	0.0	0.0
19.091800	0.013259498	-105.688333	0.0	0.0
19.101600	0.012530628	-105.733333	0.0	0.0
19.111300	0.011905486	-105.778333	0.0	0.0
19.121100	0.011242401	-105.823333	0.0	0.0
19.130900	0.010792883	-105.868333	0.0	0.0
19.140600	0.010317578	-105.913333	0.0	0.0
19.150400	0.009844395	-105.958333	0.0	0.0
19.160200	0.009296085	-106.003333	0.0	0.0
19.169900	0.008734533	-106.048333	0.0	0.0
19.179700	0.008235380	-106.093333	0.0	0.0
19.189500	0.007912140	-106.138333	0.0	0.0
19.199200	0.007575296	-106.183333	0.0	0.0
19.209000	0.007266794	-106.228333	0.0	0.0
19.218800	0.006817407	-106.273333	0.0	0.0
19.228500	0.006469799	-106.318333	0.0	0.0
19.238300	0.006079017	-106.363333	0.0	0.0
19.248000	0.005731539	-106.408333	0.0	0.0
19.257800	0.005406049	-106.453333	0.0	0.0
19.267600	0.005126511	-106.498333	0.0	0.0
19.277300	0.004848333	-106.543333	0.0	0.0
19.287100	0.004545000	-106.588333	0.0	0.0
19.296900	0.004268826	-106.633333	0.0	0.0
19.306600	0.003939232	-106.678333	0.0	0.0
19.316400	0.003748456	-106.723333	0.0	0.0
19.326200	0.003543722	-106.768333	0.0	0.0
19.335900	0.003398042	-106.813333	0.0	0.0
19.345700	0.003146557	-106.858333	0.0	0.0
19.355500	0.002947421	-106.903333	0.0	0.0
19.365200	0.002790684	-106.948333	0.0	0.0
19.375000	0.002640281	-106.993333	0.0	0.0
19.384800	0.002472233	-107.038333	0.0	0.0
19.394500	0.002311305	-107.083333	0.0	0.0
19.404300	0.002170014	-107.128333	0.0	0.0
19.414100	0.002019457	-107.173333	0.0	0.0
19.423800	0.001872845	-107.218333	0.0	0.0
19.433600	0.001722952	-107.263333	0.0	0.0
19.443400	0.001639499	-107.308333	0.0	0.0
19.453100	0.001545175	-107.353333	0.0	0.0
19.462900	0.001436311	-107.398333	0.0	0.0
19.472700	0.001356289	-107.443333	0.0	0.0
19.482400	0.001274339	-107.488333	0.0	0.0
19.492200	0.001198271	-107.533333	0.0	0.0
19.502000	0.001105329	-107.578333	0.0	0.0
19.511700	0.001021152	-107.623333	0.0	0.0
19.521500	0.000984826	-107.668333	0.0	0.0
19.531300	0.000981286	-107.713333	0.0	0.0
19.541000	0.000918813	-107.758333	0.0	0.0
19.550800	0.000817829	-107.803333	0.0	0.0
19.560500	0.000691714	-107.848333	0.0	0.0
19.570300	0.000641005	-107.893333	0.0	0.0
19.580100	0.000615125	-107.938333	0.0	0.0
19.589800	0.000553427	-107.983333	0.0	0.0
19.599600	0.000540125	-108.028333	0.0	0.0
19.609400	0.000521509	-108.073333	0.0	0.0
19.619100	0.000500063	-108.118333	0.0	0.0
19.628900	0.000439500	-108.163333	0.0	0.0
19.638700	0.000391645	-108.208333	0.0	0.0
19.648400	0.000392785	-108.253333	0.0	0.0
19.658200	0.000377938	-108.298333	0.0	0.0
19.668000	0.000341864	-108.343333	0.0	0.0
19.677700	0.000312092	-108.388333	0.0	0.0
19.687500	0.000243714	-108.433333	0.0	0.0
19.697300	0.000264229	-108.478333	0.0	0.0
19.707000	0.000205782	-108.523333	0.0	0.0
19.716800	0.000205829	-108.568333	0.0	0.0
19.726600	0.000147776	-108.613333	0.0	0.0
19.736300	0.000137678	-108.658333	0.0	0.0
19.746100	0.000171908	-108.703333	0.0	0.0
19.755900	0.000153719	-108.748333	0.0	0.0
19.765600	0.000154580	-108.793333	0.0	0.0
19.775400	0.000122063	-108.838333	0.0	0.0
19.785200	0.000211437	-108.883333	0.0	0.0
19.794900	0.000225566	-108.928333	0.0	0.0
19.804700	0.000235163	-108.973333	0.0	0.0
19.814500	0.000116180	-109.018333	0.0	0.0
19.824200	0.000105009	-109.063333	0.0	0.0
19.834000	0.000088035	-109.108333	0.0	0.0
19.843800	0.000078901	-109.153333	0.0	0.0
19.853500	0.000072278	-109.198333	0.0	0.0
19.863300	0.000092812	-109.243333	0.0	0.0
19.873000	0.000116778	-109.288333	0.0	0.0
19.882800	0.000121980	-109.333333	0.0	0.0
19.892600	0.000092622	-109.378333	0.0	0.0
19.902300	0.000069205	-109.423333	0.0	0.0
19.912100	0.000086943	-109.468333	0.0	0.0
19.921900	0.000095205	-109.513333	0.0	0.0
19.931600	0.000115767	-109.558333	0.0	0.0
19.941400	0.000103795	-109.603333	0.0	0.0
19.951200	0.000097822	-109.648333	0.0	0.0
19.960900	0.000073682	-109.693333	0.0	0.0
19.970700	0.000059766	-109.738333	0.0	0.0
19.980500	0.000067356	-109.783333	0.0	0.0
19.990200	0.000069872	-109.828333	0.0	0.0
