# Response info for site TX31 be, bn, bz.
#
# Effective: 01 Dec 1999
# File name: ks54_aim24s3.txt
# Inid:
# Source: James Neely (CTI)
# System equipment: KS54000 and AIM24S-3
#
# The theoretical calib value for this configuration is 0.006417 nm/count @ 1.0 Hz.
# The response file was derived from equations of state.
# Displacement response relative to 1.0 Hz.
#
# Freq(Hz) Amp(norm) Phase(deg) Error(amp) Error(phase)
#
theoretical  0  instrument   fap
56
0.01 0.000071315 224.53734780 0.0 0.0
0.02 0.000360007 205.90240900 0.0 0.0
0.03 0.000858497 197.57191540 0.0 0.0
0.04 0.001560248 192.95733540 0.0 0.0
0.05 0.002463728 190.00565640 0.0 0.0
0.06 0.003568475 187.92707070 0.0 0.0
0.07 0.004874313 186.36038900 0.0 0.0
0.08 0.006381160 185.11855140 0.0 0.0
0.09 0.008088972 184.09539830 0.0 0.0
0.10 0.009990056 183.22634140 0.0 0.0
0.20 0.040105793 177.95752570 0.0 0.0
0.30 0.090292982 174.56768520 0.0 0.0
0.40 0.160537363 171.64777310 0.0 0.0
0.50 0.250810605 168.91358750 0.0 0.0
0.60 0.361064100 166.26966240 0.0 0.0
0.70 0.491224121 163.67456300 0.0 0.0
0.80 0.641189426 161.10714020 0.0 0.0
0.90 0.810831889 158.55527270 0.0 0.0
1.00 1.000000000 156.01136330 0.0 0.0
2.00 3.921048873 130.32419920 0.0 0.0
3.00 8.383679070 103.41761370 0.0 0.0
4.00 13.381281050 75.44336310 0.0 0.0
5.00 17.370087670 47.96198100 0.0 0.0
6.00 19.425959660 23.04050800 0.0 0.0
7.00 19.684738120 1.79736500 0.0 0.0
8.00 18.879010520 -15.83768300 0.0 0.0
9.00 17.594517960 -30.46687300 0.0 0.0
10.0 16.138151640 -42.73250000 0.0 0.0
11.0 14.715218920 -53.15638900 0.0 0.0
12.0 13.369276870 -62.13030800 0.0 0.0
13.0 12.136895990 -69.94405800 0.0 0.0
14.0 11.033674940 -76.81399000 0.0 0.0
15.0 10.037562700 -82.90444700 0.0 0.0
15.1 9.933621201 -83.47578000 0.0 0.0
15.2 9.821015817 -84.04072300 0.0 0.0
15.3 9.696070219 -84.59938300 0.0 0.0
15.4 9.554813346 -85.15186700 0.0 0.0
15.5 9.393180687 -85.69827600 0.0 0.0
15.6 9.207246396 -86.23871100 0.0 0.0
15.7 8.993470356 -86.77327100 0.0 0.0
15.8 8.748942696 -87.30205200 0.0 0.0
15.9 8.471607370 -87.82514700 0.0 0.0
16.0 8.160448033 -88.34264900 0.0 0.0
16.1 7.815621330 -88.85464800 0.0 0.0
16.2 7.438527107 -89.36123000 0.0 0.0
16.3 7.031809173 -89.86248300 0.0 0.0
16.4 6.599285700 -90.35849000 0.0 0.0
16.5 6.145813301 -90.84933300 0.0 0.0
16.6 5.677093526 -91.33509400 0.0 0.0
16.7 5.199434691 -91.81585100 0.0 0.0
16.8 4.719484379 -92.29168100 0.0 0.0
16.9 4.243949813 -92.76265900 0.0 0.0
17.0 3.779323352 -93.22886100 0.0 0.0
18.0 0.631834071 -97.64337000 0.0 0.0
19.0 0.020644048 -101.65137100 0.0 0.0
20.0 0.000000223 -105.30644900 0.0 0.0
