#PS08 [ULM] - Lac du Bonnet, Man, Canada
#PAZ:
#
#Displacement response for PS10 broad-band channels 
#(ULM.BHZ, ULM.BHN, ULM.BHE) with the Guralp 3T 
#sensor that is flat to velocity from 50Hz to 
#120 seconds.  PAZ represented in radians/second.
#
#Third Zero added at 0.0 to convert to displacement.
#
# descript    sn  description  type comment
 theoretical  1   instrument    paz Philip S. Munro;Geological Survey of Canada
5.715077e+08
5
-3.700100E-02 -3.700100E-02  0.000000E+00  0.000000E+00
-3.700100E-02  3.700100E-02  0.000000E+00  0.000000E+00
-1.130973E+03  0.000000E+00  0.000000E+00  0.000000E+00
-1.005310E+03  0.000000E+00  0.000000E+00  0.000000E+00
-5.026550E+02  0.000000E+00  0.000000E+00  0.000000E+00
3
0.000000E+00  0.000000E+00  0.000000E+00  0.000000E+00
0.000000E+00  0.000000E+00  0.000000E+00  0.000000E+00
0.000000E+00  0.000000E+00  0.000000E+00  0.000000E+00
 theoretical  2   digitizer     fir Bob Meldrum; Geological Survey of Canada
1000
57
-4.5634805604E-08	0
3.5762786432E-07	0
2.4903565344E-06	0
8.0130993350E-06	0
1.6185454828E-05	0
1.8605962170E-05	0
-5.1204114532E-06	0
-8.2978977748E-05	0
-2.2892746797E-04	0
-4.0417536604E-04	0
-4.8021785333E-04	0
-2.4239439224E-04	0
5.2441097161E-04	0
1.8586031868E-03	0
3.4117362980E-03	0
4.3382401984E-03	0
3.4446632073E-03	0
-3.1278840819E-04	0
-7.0682474488E-03	0
-1.5323036165E-02	0
-2.1689392364E-02	0
-2.1460731254E-02	0
-1.0061802221E-02	0
1.5010551368E-02	0
5.2513109816E-02	0
9.6874882226E-02	0
1.3920114859E-01	0
1.6971686091E-01	0
1.8083999739E-01	0
1.6971686091E-01	0
1.3920114859E-01	0
9.6874882226E-02	0
5.2513109816E-02	0
1.5010551368E-02	0
-1.0061802221E-02	0
-2.1460731254E-02	0
-2.1689392364E-02	0
-1.5323036165E-02	0
-7.0682474488E-03	0
-3.1278840819E-04	0
3.4446632073E-03	0
4.3382401984E-03	0
3.4117362980E-03	0
1.8586031868E-03	0
5.2441097161E-04	0
-2.4239439224E-04	0
-4.8021785333E-04	0
-4.0417536604E-04	0
-2.2892746797E-04	0
-8.2978977748E-05	0
-5.1204114532E-06	0
1.8605962170E-05	0
1.6185454828E-05	0
8.0130993350E-06	0
2.4903565344E-06	0
3.5762786432E-07	0
-4.5634805604E-08	0
0
 theoretical  3   digitizer     fir Bob Meldrum; Geological Survey of Canada
200
699
1.00117177E-08	0
2.79396772E-09	0
1.62981451E-09	0
-1.62981451E-09	0
-5.58793545E-09	0
-9.54605639E-09	0
-1.14087015E-08	0
-9.08039510E-09	0
-2.79396772E-09	0
6.75208867E-09	0
1.67638063E-08	0
2.28174031E-08	0
2.18860805E-08	0
1.18743628E-08	0
-5.35510480E-09	0
-2.53785402E-08	0
-4.07453626E-08	0
-4.42378223E-08	0
-3.18977982E-08	0
-4.42378223E-09	0
3.14321369E-08	0
6.35627657E-08	0
7.91624188E-08	0
6.84522092E-08	0
2.98023224E-08	0
-2.84053385E-08	0
-8.84756446E-08	0
-1.27824023E-07	0
-1.28056854E-07	0
-8.07922333E-08	0
5.58793545E-09	0
1.06869265E-07	0
1.88127160E-07	0
2.15601176E-07	0
1.69500709E-07	0
5.28525561E-08	0
-1.04308128E-07	0
-2.51224265E-07	0
-3.32482159E-07	0
-3.07336450E-07	0
-1.66241080E-07	0
5.89061528E-08	0
3.00351530E-07	0
4.72879037E-07	0
5.03147021E-07	0
3.56929377E-07	0
5.91389835E-08	0
-3.06870788E-07	0
-6.19562343E-07	0
-7.58096576E-07	0
-6.46105036E-07	0
-2.86148861E-07	0
2.29338184E-07	0
7.39004463E-07	0
1.05914660E-06	0
1.04797073E-06	0
6.62170351E-07	0
-1.37370080E-08	0
-7.79284164E-07	0
-1.37416646E-06	0
-1.56275928E-06	0
-1.22329220E-06	0
-4.04659659E-07	0
6.66361302E-07	0
1.64285302E-06	0
2.16648914E-06	0
1.99303031E-06	0
1.09407119E-06	0
-3.05240974E-07	0
-1.77370384E-06	0
-2.80095264E-06	0
-2.97022052E-06	0
-2.11549923E-06	0
-4.13274392E-07	0
1.64005905E-06	0
3.36370431E-06	0
4.11248766E-06	0
3.50782648E-06	0
1.60327181E-06	0
-1.08359382E-06	0
-3.70061025E-06	0
-5.32204285E-06	0
-5.26662916E-06	0
-3.36463563E-06	0
-7.56699592E-08	0
3.60375270E-06	0
6.43031672E-06	0
7.32275657E-06	0
5.75999729E-06	0
2.02283263E-06	0
-2.81701796E-06	0
-7.18864612E-06	0
-9.51881520E-06	0
-8.78260471E-06	0
-4.91808169E-06	0
1.05216168E-06	0
7.26617873E-06	0
1.15882140E-05	0
1.23248901E-05	0
8.86130147E-06	0
1.98278576E-06	0
-6.26081601E-06	0
-1.31425913E-05	0
-1.61430798E-05	0
-1.38466712E-05	0
-6.54021278E-06	0
3.72366048E-06	0
1.36711169E-05	0
1.98292546E-05	0
1.97128393E-05	0
1.27793755E-05	0
7.96280801E-07	0
-1.25579536E-05	0
-2.27948185E-05	0
-2.60968227E-05	0
-2.07002740E-05	0
-7.68993050E-06	0
9.12160613E-06	0
2.42723618E-05	0
3.23934946E-05	0
3.00738029E-05	0
1.72087457E-05	0
-2.67871656E-06	0
-2.33415049E-05	0
-3.77346296E-05	0
-4.03758604E-05	0
-2.93708872E-05	0
-7.36513175E-06	0
1.89887360E-05	0
4.09935601E-05	0
5.07335644E-05	0
4.38650604E-05	0
2.14024913E-05	0
-1.01989135E-05	0
-4.08268534E-05	0
-5.98975457E-05	0
-5.99580817E-05	0
-3.94943636E-05	0
-3.91737558E-06	0
3.57562676E-05	0
6.62524253E-05	0
7.64231663E-05	0
6.12360891E-05	0
2.39652582E-05	0
-2.43007671E-05	0
-6.78750221E-05	0
-9.15050041E-05	0
-8.56323168E-05	0
-5.00897877E-05	0
5.15067950E-06	0
6.26514666E-05	0
1.02934660E-04	0
1.11002475E-04	0
8.17917753E-05	0
2.26155389E-05	0
-4.84555494E-05	0
-1.08012464E-04	0
-1.34932576E-04	0
-1.17760384E-04	0
-5.92928845E-05	0
2.33885366E-05	0
1.03767263E-04	0
1.54299894E-04	0
1.55747402E-04	0
1.04303472E-04	0
1.39337499E-05	0
-8.71969387E-05	0
-1.65383099E-04	0
-1.92503212E-04	0
-1.55974180E-04	0
-6.40593935E-05	0
5.55857550E-05	0
1.64074823E-04	0
2.23810319E-04	0
2.11367384E-04	0
1.26376050E-04	0
-6.88666478E-06	0
-1.46198785E-04	0
-2.44627474E-04	0
-2.66199233E-04	0
-1.98817812E-04	0
-5.98572660E-05	0
1.07925385E-04	0
2.49364879E-04	0
3.14875739E-04	0
2.77638901E-04	0
1.44088874E-04	0
-4.62697353E-05	0
-2.32295832E-04	0
-3.50679504E-04	0
-3.57303768E-04	0
-2.43349699E-04	0
-4.03621234E-05	0
1.88090606E-04	0
3.66117572E-04	0
4.30526445E-04	0
3.52984294E-04	0
1.51622342E-04	0
-1.12456270E-04	0
-3.53442039E-04	0
-4.88496851E-04	0
-4.65985853E-04	0
-2.84718117E-04	0
2.83587724E-06	0
3.05328751E-04	0
5.21314098E-04	0
5.73031139E-04	0
4.34021465E-04	0
1.40883727E-04	0
-2.15682201E-04	0
-5.18631889E-04	0
-6.62746374E-04	0
-5.90852229E-04	0
-3.15721845E-04	0
8.05237796E-05	0
4.70500672E-04	0
7.22229248E-04	0
7.43495300E-04	0
5.15091233E-04	0
1.01111596E-04	0
-3.68372304E-04	0
-7.37832626E-04	0
-8.77496786E-04	0
-7.28490995E-04	0
-3.26342182E-04	0
2.06204830E-04	0
6.96190167E-04	0
9.76272626E-04	0
9.41480976E-04	0
5.87764429E-04	0
1.84101518E-05	0
-5.85443806E-04	0
-1.02203409E-03	0
-1.13599095E-03	0
-8.73021316E-04	0
-3.03189503E-04	0
3.96600692E-04	0
9.97008989E-04	0
1.29099959E-03	0
1.16469688E-03	0
6.40276587E-04	0
-1.24927610E-04	0
-8.84908717E-04	0
-1.38359144E-03	0
-1.44060119E-03	0
-1.01563474E-03	0
-2.28720484E-04	0
6.72559720E-04	0
1.39036588E-03	0
1.67448446E-03	0
1.40881049E-03	0
6.56762160E-04	0
-3.51597788E-04	0
-1.28914043E-03	0
-1.83718768E-03	0
-1.79313379E-03	0
-1.14404806E-03	0
-7.99011905E-05	0
1.06085581E-03	0
1.89819746E-03	0
2.13639974E-03	0
1.66742131E-03	0
6.15976285E-04	0
-6.91567082E-04	0
-1.82753638E-03	0
-2.40202993E-03	0
-2.19574873E-03	0
-1.24165299E-03	0
1.74382236E-04	0
1.59788225E-03	0
2.55066878E-03	0
2.69045844E-03	0
1.93222659E-03	0
4.88791382E-04	0
-1.18677341E-03	0
-2.54212273E-03	0
-3.10656289E-03	0
-2.65302672E-03	0
-1.28582749E-03	0
5.78742474E-04	0
2.33749347E-03	0
3.39408661E-03	0
3.35966772E-03	0
2.19338713E-03	0
2.32796650E-04	0
-1.90131553E-03	0
-3.49973608E-03	0
-3.99871892E-03	0
-3.17640486E-03	0
-1.24407839E-03	0
1.20344479E-03	0
3.36856162E-03	0
4.50861244E-03	0
4.18802281E-03	0
2.44007935E-03	0
-2.20394228E-04	0
-2.94522173E-03	0
-4.82045207E-03	0
-5.16981608E-03	0
-3.79429874E-03	0
-1.06429169E-03	0
2.17425707E-03	0
4.85813222E-03	0
6.05194783E-03	0
5.26929158E-03	0
2.66119628E-03	0
-9.98400385E-04	0
-4.53669531E-03	0
-6.75252895E-03	0
-6.81797601E-03	0
-4.57870285E-03	0
-6.46860339E-04	0
3.75688425E-03	0
7.17469910E-03	0
8.38567037E-03	0
6.83108019E-03	0
2.84613692E-03	0
-2.39152485E-03	0
-7.19819707E-03	0
-9.91275674E-03	0
-9.45536746E-03	0
-5.73305017E-03	0
2.53246864E-04	0
6.65747118E-03	0
1.13378128E-02	0
1.25486327E-02	0
9.55853704E-03	0
2.98560993E-03	0
-5.28365141E-03	0
-1.26010149E-02	0
-1.63615851E-02	0
-1.48735456E-02	0
-8.01818166E-03	0
2.53160298E-03	0
1.36475796E-02	0
2.15875709E-02	0
2.31316814E-02	0
1.66943315E-02	0
3.07237147E-03	0
-1.44310023E-02	0
-3.06045506E-02	0
-3.95453661E-02	0
-3.62039239E-02	0
-1.78547797E-02	0
1.49158644E-02	0
5.80057267E-02	0
1.04477827E-01	0
1.45996607E-01	0
1.74681518E-01	0
1.84920000E-01	0
1.74681518E-01	0
1.45996607E-01	0
1.04477827E-01	0
5.80057267E-02	0
1.49158644E-02	0
-1.78547797E-02	0
-3.62039239E-02	0
-3.95453661E-02	0
-3.06045506E-02	0
-1.44310023E-02	0
3.07237147E-03	0
1.66943315E-02	0
2.31316814E-02	0
2.15875709E-02	0
1.36475796E-02	0
2.53160298E-03	0
-8.01818166E-03	0
-1.48735456E-02	0
-1.63615851E-02	0
-1.26010149E-02	0
-5.28365141E-03	0
2.98560993E-03	0
9.55853704E-03	0
1.25486327E-02	0
1.13378128E-02	0
6.65747118E-03	0
2.53246864E-04	0
-5.73305017E-03	0
-9.45536746E-03	0
-9.91275674E-03	0
-7.19819707E-03	0
-2.39152485E-03	0
2.84613692E-03	0
6.83108019E-03	0
8.38567037E-03	0
7.17469910E-03	0
3.75688425E-03	0
-6.46860339E-04	0
-4.57870285E-03	0
-6.81797601E-03	0
-6.75252895E-03	0
-4.53669531E-03	0
-9.98400385E-04	0
2.66119628E-03	0
5.26929158E-03	0
6.05194783E-03	0
4.85813222E-03	0
2.17425707E-03	0
-1.06429169E-03	0
-3.79429874E-03	0
-5.16981608E-03	0
-4.82045207E-03	0
-2.94522173E-03	0
-2.20394228E-04	0
2.44007935E-03	0
4.18802281E-03	0
4.50861244E-03	0
3.36856162E-03	0
1.20344479E-03	0
-1.24407839E-03	0
-3.17640486E-03	0
-3.99871892E-03	0
-3.49973608E-03	0
-1.90131553E-03	0
2.32796650E-04	0
2.19338713E-03	0
3.35966772E-03	0
3.39408661E-03	0
2.33749347E-03	0
5.78742474E-04	0
-1.28582749E-03	0
-2.65302672E-03	0
-3.10656289E-03	0
-2.54212273E-03	0
-1.18677341E-03	0
4.88791382E-04	0
1.93222659E-03	0
2.69045844E-03	0
2.55066878E-03	0
1.59788225E-03	0
1.74382236E-04	0
-1.24165299E-03	0
-2.19574873E-03	0
-2.40202993E-03	0
-1.82753638E-03	0
-6.91567082E-04	0
6.15976285E-04	0
1.66742131E-03	0
2.13639974E-03	0
1.89819746E-03	0
1.06085581E-03	0
-7.99011905E-05	0
-1.14404806E-03	0
-1.79313379E-03	0
-1.83718768E-03	0
-1.28914043E-03	0
-3.51597788E-04	0
6.56762160E-04	0
1.40881049E-03	0
1.67448446E-03	0
1.39036588E-03	0
6.72559720E-04	0
-2.28720484E-04	0
-1.01563474E-03	0
-1.44060119E-03	0
-1.38359144E-03	0
-8.84908717E-04	0
-1.24927610E-04	0
6.40276587E-04	0
1.16469688E-03	0
1.29099959E-03	0
9.97008989E-04	0
3.96600692E-04	0
-3.03189503E-04	0
-8.73021316E-04	0
-1.13599095E-03	0
-1.02203409E-03	0
-5.85443806E-04	0
1.84101518E-05	0
5.87764429E-04	0
9.41480976E-04	0
9.76272626E-04	0
6.96190167E-04	0
2.06204830E-04	0
-3.26342182E-04	0
-7.28490995E-04	0
-8.77496786E-04	0
-7.37832626E-04	0
-3.68372304E-04	0
1.01111596E-04	0
5.15091233E-04	0
7.43495300E-04	0
7.22229248E-04	0
4.70500672E-04	0
8.05237796E-05	0
-3.15721845E-04	0
-5.90852229E-04	0
-6.62746374E-04	0
-5.18631889E-04	0
-2.15682201E-04	0
1.40883727E-04	0
4.34021465E-04	0
5.73031139E-04	0
5.21314098E-04	0
3.05328751E-04	0
2.83587724E-06	0
-2.84718117E-04	0
-4.65985853E-04	0
-4.88496851E-04	0
-3.53442039E-04	0
-1.12456270E-04	0
1.51622342E-04	0
3.52984294E-04	0
4.30526445E-04	0
3.66117572E-04	0
1.88090606E-04	0
-4.03621234E-05	0
-2.43349699E-04	0
-3.57303768E-04	0
-3.50679504E-04	0
-2.32295832E-04	0
-4.62697353E-05	0
1.44088874E-04	0
2.77638901E-04	0
3.14875739E-04	0
2.49364879E-04	0
1.07925385E-04	0
-5.98572660E-05	0
-1.98817812E-04	0
-2.66199233E-04	0
-2.44627474E-04	0
-1.46198785E-04	0
-6.88666478E-06	0
1.26376050E-04	0
2.11367384E-04	0
2.23810319E-04	0
1.64074823E-04	0
5.55857550E-05	0
-6.40593935E-05	0
-1.55974180E-04	0
-1.92503212E-04	0
-1.65383099E-04	0
-8.71969387E-05	0
1.39337499E-05	0
1.04303472E-04	0
1.55747402E-04	0
1.54299894E-04	0
1.03767263E-04	0
2.33885366E-05	0
-5.92928845E-05	0
-1.17760384E-04	0
-1.34932576E-04	0
-1.08012464E-04	0
-4.84555494E-05	0
2.26155389E-05	0
8.17917753E-05	0
1.11002475E-04	0
1.02934660E-04	0
6.26514666E-05	0
5.15067950E-06	0
-5.00897877E-05	0
-8.56323168E-05	0
-9.15050041E-05	0
-6.78750221E-05	0
-2.43007671E-05	0
2.39652582E-05	0
6.12360891E-05	0
7.64231663E-05	0
6.62524253E-05	0
3.57562676E-05	0
-3.91737558E-06	0
-3.94943636E-05	0
-5.99580817E-05	0
-5.98975457E-05	0
-4.08268534E-05	0
-1.01989135E-05	0
2.14024913E-05	0
4.38650604E-05	0
5.07335644E-05	0
4.09935601E-05	0
1.89887360E-05	0
-7.36513175E-06	0
-2.93708872E-05	0
-4.03758604E-05	0
-3.77346296E-05	0
-2.33415049E-05	0
-2.67871656E-06	0
1.72087457E-05	0
3.00738029E-05	0
3.23934946E-05	0
2.42723618E-05	0
9.12160613E-06	0
-7.68993050E-06	0
-2.07002740E-05	0
-2.60968227E-05	0
-2.27948185E-05	0
-1.25579536E-05	0
7.96280801E-07	0
1.27793755E-05	0
1.97128393E-05	0
1.98292546E-05	0
1.36711169E-05	0
3.72366048E-06	0
-6.54021278E-06	0
-1.38466712E-05	0
-1.61430798E-05	0
-1.31425913E-05	0
-6.26081601E-06	0
1.98278576E-06	0
8.86130147E-06	0
1.23248901E-05	0
1.15882140E-05	0
7.26617873E-06	0
1.05216168E-06	0
-4.91808169E-06	0
-8.78260471E-06	0
-9.51881520E-06	0
-7.18864612E-06	0
-2.81701796E-06	0
2.02283263E-06	0
5.75999729E-06	0
7.32275657E-06	0
6.43031672E-06	0
3.60375270E-06	0
-7.56699592E-08	0
-3.36463563E-06	0
-5.26662916E-06	0
-5.32204285E-06	0
-3.70061025E-06	0
-1.08359382E-06	0
1.60327181E-06	0
3.50782648E-06	0
4.11248766E-06	0
3.36370431E-06	0
1.64005905E-06	0
-4.13274392E-07	0
-2.11549923E-06	0
-2.97022052E-06	0
-2.80095264E-06	0
-1.77370384E-06	0
-3.05240974E-07	0
1.09407119E-06	0
1.99303031E-06	0
2.16648914E-06	0
1.64285302E-06	0
6.66361302E-07	0
-4.04659659E-07	0
-1.22329220E-06	0
-1.56275928E-06	0
-1.37416646E-06	0
-7.79284164E-07	0
-1.37370080E-08	0
6.62170351E-07	0
1.04797073E-06	0
1.05914660E-06	0
7.39004463E-07	0
2.29338184E-07	0
-2.86148861E-07	0
-6.46105036E-07	0
-7.58096576E-07	0
-6.19562343E-07	0
-3.06870788E-07	0
5.91389835E-08	0
3.56929377E-07	0
5.03147021E-07	0
4.72879037E-07	0
3.00351530E-07	0
5.89061528E-08	0
-1.66241080E-07	0
-3.07336450E-07	0
-3.32482159E-07	0
-2.51224265E-07	0
-1.04308128E-07	0
5.28525561E-08	0
1.69500709E-07	0
2.15601176E-07	0
1.88127160E-07	0
1.06869265E-07	0
5.58793545E-09	0
-8.07922333E-08	0
-1.28056854E-07	0
-1.27824023E-07	0
-8.84756446E-08	0
-2.84053385E-08	0
2.98023224E-08	0
6.84522092E-08	0
7.91624188E-08	0
6.35627657E-08	0
3.14321369E-08	0
-4.42378223E-09	0
-3.18977982E-08	0
-4.42378223E-08	0
-4.07453626E-08	0
-2.53785402E-08	0
-5.35510480E-09	0
1.18743628E-08	0
2.18860805E-08	0
2.28174031E-08	0
1.67638063E-08	0
6.75208867E-09	0
-2.79396772E-09	0
-9.08039510E-09	0
-1.14087015E-08	0
-9.54605639E-09	0
-5.58793545E-09	0
-1.62981451E-09	0
1.62981451E-09	0
2.79396772E-09	0
1.00117177E-08	0
0
