# UNCLASSIFIED
# Terminal Sensitivity Response for Diego Garcia - H08N3 effective 26 Jan 00
# Inid: 2033 file name:  USAEDS_H08N3_HITECH
# Source:  James Neely
# System response:  hydrophone and AIM24S-3.
# The following response file for Hydrophone_amp_CS5322 filter instrumentation
# is in frequency (Hz)/ amplitude (gain factor)/phase (deg) format and was
# derived from equations of state. 
# (High Tech and EDO hydrophones plus pre-amp plus 3 lowpass FIR filters)
# Displacement response rel to 541.9627062 uPa/count @ 10 Hz; James Neely, 01/26/00
# 
# Note that this response file does not incorporate the phase delay of the anti-alias
# filter of the AIM digitizer since the hydrophone phase response equals the
# system phase response.
 theoretical  0   instrument    fap 
161
0.10	0.004923287	-15.6152345	0.0	0.0
0.20	0.017985651	-29.5060787	0.0	0.0
0.30	0.035809741	-40.9180244	0.0	0.0
0.40	0.055734377	-49.9792631	0.0	0.0
0.50	0.076333726	-57.1583316	0.0	0.0
0.60	0.096981540	-62.9270546	0.0	0.0
0.70	0.117434875	-67.6578940	0.0	0.0
0.80	0.137612066	-71.6219254	0.0	0.0
0.90	0.157494160	-75.0118042	0.0	0.0
1.00	0.177084232	-77.9644772	0.0	0.0
1.10	0.196391302	-80.5783119	0.0	0.0
1.20	0.215424344	-82.9249986	0.0	0.0
1.30	0.234190357	-85.0576150	0.0	0.0
1.40	0.252694032	-87.0160775	0.0	0.0
1.50	0.270937990	-88.8308551	0.0	0.0
1.60	0.288923185	-90.5255309	0.0	0.0
1.70	0.306649316	-92.1185948	0.0	0.0
1.80	0.324115191	-93.6247158	0.0	0.0
1.90	0.341319027	-95.0556589	0.0	0.0
2.00	0.358258691	-96.4209549	0.0	0.0
2.10	0.374931891	-97.7283968	0.0	0.0
2.20	0.391336327	-98.9844109	0.0	0.0
2.30	0.407469802	-100.1943392	0.0	0.0
2.40	0.423330310	-101.3626559	0.0	0.0
2.50	0.438916099	-102.4931344	0.0	0.0
2.60	0.454225720	-103.5889783	0.0	0.0
2.70	0.469258055	-104.6529253	0.0	0.0
2.80	0.484012340	-105.6873286	0.0	0.0
2.90	0.498488174	-106.6942233	0.0	0.0
3.00	0.512685529	-107.6753794	0.0	0.0
3.10	0.526604741	-108.6323446	0.0	0.0
3.20	0.540246504	-109.5664801	0.0	0.0
3.30	0.553611865	-110.4789893	0.0	0.0
3.40	0.566702206	-111.3709416	0.0	0.0
3.50	0.579519229	-112.2432926	0.0	0.0
3.60	0.592064938	-113.0969002	0.0	0.0
3.70	0.604341626	-113.9325390	0.0	0.0
3.80	0.616351847	-114.7509115	0.0	0.0
3.90	0.628098405	-115.5526580	0.0	0.0
4.00	0.639584328	-116.3383650	0.0	0.0
4.10	0.650812852	-117.1085725	0.0	0.0
4.20	0.661787402	-117.8637793	0.0	0.0
4.30	0.672511568	-118.6044486	0.0	0.0
4.40	0.682989094	-119.3310125	0.0	0.0
4.50	0.693223854	-120.0438753	0.0	0.0
4.60	0.703219839	-120.7434168	0.0	0.0
4.70	0.712981138	-121.4299956	0.0	0.0
4.80	0.722511925	-122.1039508	0.0	0.0
4.90	0.731816442	-122.7656042	0.0	0.0
5.00	0.740898988	-123.4152625	0.0	0.0
5.10	0.749763905	-124.0532182	0.0	0.0
5.20	0.758415564	-124.6797517	0.0	0.0
5.30	0.766858357	-125.2951317	0.0	0.0
5.40	0.775096686	-125.8996167	0.0	0.0
5.50	0.783134951	-126.4934555	0.0	0.0
5.60	0.790977546	-127.0768885	0.0	0.0
5.70	0.798628845	-127.6501478	0.0	0.0
5.80	0.806093200	-128.2134583	0.0	0.0
5.90	0.813374932	-128.7670378	0.0	0.0
6.00	0.820478325	-129.3110975	0.0	0.0
6.10	0.827407621	-129.8458429	0.0	0.0
6.20	0.834167015	-130.3714735	0.0	0.0
6.30	0.840760651	-130.8881834	0.0	0.0
6.40	0.847192618	-131.3961617	0.0	0.0
6.50	0.853466946	-131.8955924	0.0	0.0
6.60	0.859587606	-132.3866553	0.0	0.0
6.70	0.865558503	-132.8695252	0.0	0.0
6.80	0.871383476	-133.3443729	0.0	0.0
6.90	0.877066298	-133.8113652	0.0	0.0
7.00	0.882610673	-134.2706649	0.0	0.0
7.10	0.888020231	-134.7224307	0.0	0.0
7.20	0.893298536	-135.1668179	0.0	0.0
7.30	0.898449074	-135.6039782	0.0	0.0
7.40	0.903475264	-136.0340597	0.0	0.0
7.50	0.908380447	-136.4572073	0.0	0.0
7.60	0.913167894	-136.8735624	0.0	0.0
7.70	0.917840802	-137.2832635	0.0	0.0
7.80	0.922402294	-137.6864457	0.0	0.0
7.90	0.926855421	-138.0832413	0.0	0.0
8.00	0.931203161	-138.4737796	0.0	0.0
8.10	0.935448421	-138.8581869	0.0	0.0
8.20	0.939594035	-139.2365867	0.0	0.0
8.30	0.943642768	-139.6091000	0.0	0.0
8.40	0.947597312	-139.9758449	0.0	0.0
8.50	0.951460293	-140.3369369	0.0	0.0
8.60	0.955234266	-140.6924889	0.0	0.0
8.70	0.958921720	-141.0426115	0.0	0.0
8.80	0.962525075	-141.3874126	0.0	0.0
8.90	0.966046686	-141.7269979	0.0	0.0
9.00	0.969488845	-142.0614707	0.0	0.0
9.10	0.972853778	-142.3909319	0.0	0.0
9.20	0.976143647	-142.7154803	0.0	0.0
9.30	0.979360555	-143.0352124	0.0	0.0
9.40	0.982506542	-143.3502228	0.0	0.0
9.50	0.985583589	-143.6606038	0.0	0.0
9.60	0.988593618	-143.9664455	0.0	0.0
9.70	0.991538493	-144.2678364	0.0	0.0
9.80	0.994420023	-144.5648628	0.0	0.0
9.90	0.997239960	-144.8576090	0.0	0.0
10.00	1.000000000	-145.1461577	0.0	0.0
11.00	1.024643087	-147.8176874	0.0	0.0
12.00	1.044803835	-150.1479132	0.0	0.0
13.00	1.061459171	-152.1944044	0.0	0.0
14.00	1.075288576	-154.0034439	0.0	0.0
15.00	1.086778325	-155.6124175	0.0	0.0
16.00	1.096309251	-157.0516936	0.0	0.0
17.00	1.104218419	-158.3460915	0.0	0.0
18.00	1.110829044	-159.5160249	0.0	0.0
19.00	1.116450183	-160.5783919	0.0	0.0
20.00	1.121355353	-161.5472695	0.0	0.0
30.00	1.148481671	-167.9889019	0.0	0.0
40.00	1.157749539	-171.4686220	0.0	0.0
50.00	1.161317764	-173.7050618	0.0	0.0
60.00	1.162387484	-175.3070420	0.0	0.0
70.00	1.162074792	-176.5425965	0.0	0.0
80.00	1.160817314	-177.5476884	0.0	0.0
90.00	1.158786446	-178.3985104	0.0	0.0
91.00	1.158695598	-178.4770513	0.0	0.0
92.00	1.158785227	-178.5545570	0.0	0.0
93.00	1.158675104	-178.6310605	0.0	0.0
94.00	1.157532482	-178.7065937	0.0	0.0
95.00	1.154011671	-178.7811870	0.0	0.0
96.00	1.146291118	-178.8548696	0.0	0.0
97.00	1.132221323	-178.9276695	0.0	0.0
98.00	1.109572992	-178.9996135	0.0	0.0
99.00	1.076351195	-179.0707274	0.0	0.0
100.00	1.031123540	-179.1410360	0.0	0.0
101.00	0.973303064	-179.2105630	0.0	0.0
102.00	0.903331733	-179.2793314	0.0	0.0
103.00	0.822727062	-179.3473629	0.0	0.0
104.00	0.733979005	-179.4146789	0.0	0.0
105.00	0.640311357	-179.4812996	0.0	0.0
106.00	0.545345778	-179.5472446	0.0	0.0
107.00	0.452722372	-179.6125327	0.0	0.0
108.00	0.365735543	-179.6771820	0.0	0.0
109.00	0.287037548	-179.7412102	0.0	0.0
110.00	0.218446724	-179.8046339	0.0	0.0
111.00	0.160876697	-179.8674695	0.0	0.0
112.00	0.114381610	-179.9297326	0.0	0.0
113.00	0.078294584	-179.9914383	0.0	0.0
114.00	0.051425383	-180.0526013	0.0	0.0
115.00	0.032279594	-180.1132355	0.0	0.0
116.00	0.019265210	-180.1733547	0.0	0.0
117.00	0.010861271	-180.2329719	0.0	0.0
118.00	0.005734654	-180.2920999	0.0	0.0
119.00	0.002802417	-180.3507509	0.0	0.0
120.00	0.001246275	-180.4089368	0.0	0.0
121.00	0.000491500	-180.4666690	0.0	0.0
122.00	0.000164588	-180.5239587	0.0	0.0
123.00	0.000042974	-180.5808165	0.0	0.0
124.00	0.000006948	-180.6372529	0.0	0.0
124.10	0.000005502	-180.6428738	0.0	0.0
124.20	0.000004288	-180.6484905	0.0	0.0
124.30	0.000003276	-180.6541032	0.0	0.0
124.40	0.000002439	-180.6597118	0.0	0.0
124.50	0.000001756	-180.6653163	0.0	0.0
124.60	0.000001204	-180.6709167	0.0	0.0
124.70	0.000000764	-180.6765131	0.0	0.0
124.80	0.000000420	-180.6821054	0.0	0.0
124.90	0.000000156	-180.6876937	0.0	0.0
125.00	0.000000040	-180.6932780	0.0	0.0
