# UNCLASSIFIED
#
# Response info for VNDA1 short period site
#
# Effective: 18 Dec 2002
# Inid:  
# Source:  James Neely (CTI)
# System equipment:  GS21 seismometer and AIM24S-1 digitizer.
# 
# This nominal response file is the actual amplitude and phase of the RB calibration.
#
# Displacement response relative to 1.0 at 1.0 Hz. The nominal calib value for
# this configuration is 0.011990 nm/count at 1.0 Hz.
#
# Freq(Hz) Ampl(norm)   Phase(deg)  Error(amp)  Error(phase)
#
 theoretical  0       system    fap   J.Neely
49
0.11800	0.002425119	260.00000	0.0	0.0
0.13200	0.003372669	257.40000	0.0	0.0
0.14900	0.004721566	256.00000	0.0	0.0
0.16700	0.006282266	254.90000	0.0	0.0
0.18700	0.008835755	254.50000	0.0	0.0
0.21100	0.013007154	252.90000	0.0	0.0
0.23600	0.017741823	251.00000	0.0	0.0
0.26600	0.024337808	247.60000	0.0	0.0
0.29800	0.035044195	244.40000	0.0	0.0
0.33500	0.051882115	242.70000	0.0	0.0
0.37700	0.073492188	237.80000	0.0	0.0
0.42300	0.100825202	234.10000	0.0	0.0
0.47500	0.146924235	228.70000	0.0	0.0
0.53400	0.201577050	222.70000	0.0	0.0
0.59900	0.280431407	217.20000	0.0	0.0
0.67300	0.388968912	208.90000	0.0	0.0
0.75600	0.523505952	200.50000	0.0	0.0
0.85000	0.701970326	190.70000	0.0	0.0
0.95500	0.910758430	180.90000	0.0	0.0
1.07200	1.139185933	170.90000	0.0	0.0
1.20500	1.394398398	160.80000	0.0	0.0
1.35300	1.660342271	151.20000	0.0	0.0
1.52000	1.935278252	142.60000	0.0	0.0
1.70700	2.216324510	134.90000	0.0	0.0
1.91800	2.542426643	127.70000	0.0	0.0
2.15400	2.845414414	122.00000	0.0	0.0
2.42000	3.193119664	116.70000	0.0	0.0
2.71900	3.567048676	112.00000	0.0	0.0
3.05400	3.978953474	107.90000	0.0	0.0
3.43000	4.438067960	104.00000	0.0	0.0
3.85400	4.952352376	100.50000	0.0	0.0
4.32900	5.511723390	97.30000	0.0	0.0
4.86300	6.134852109	94.40000	0.0	0.0
5.46200	6.835204680	91.60000	0.0	0.0
6.13600	7.599502797	88.90000	0.0	0.0
6.89300	8.468531489	86.30000	0.0	0.0
7.74300	9.403923500	83.70000	0.0	0.0
8.69800	10.466927875	81.20000	0.0	0.0
9.77000	11.595631142	78.70000	0.0	0.0
10.00000	11.868609152	78.10000	0.0	0.0
11.00000	12.920892505	75.90000	0.0	0.0
12.00000	13.982379146	74.00000	0.0	0.0
13.00000	14.974184524	72.10000	0.0	0.0
14.00000	16.015033960	70.20000	0.0	0.0
15.00000	17.021235766	68.70000	0.0	0.0
16.00000	16.033185264	66.50000	0.0	0.0
17.00000	8.557536292	65.10000	0.0	0.0
18.00000	1.618722239	63.90000	0.0	0.0
19.00000	0.060069419	61.80000	0.0	0.0
